DEPTH_MD,GROUP,FORMATION,CALI,RMED,RDEP,RHOB,GR,FORCE_2020_LITHOFACIES_LITHOLOGY
3185.645584,SHETLAND GP.,Kyrre Fm.,18.08263016,1.752699971,1.742900014,2.500531673,91.98259735,65000
3185.797584,SHETLAND GP.,Kyrre Fm.,18.07706451,1.752699971,1.742900014,2.496316195,100.2924728,65000
3185.949584,SHETLAND GP.,Kyrre Fm.,18.10601997,1.70747602,1.672140837,2.48803401,110.7849045,65000
3186.101584,SHETLAND GP.,Kyrre Fm.,18.13782501,1.700528741,1.659999728,2.48148346,128.4260254,65000
3186.253584,SHETLAND GP.,Kyrre Fm.,18.18694496,1.750376105,1.775958538,2.485646009,128.5518189,65000
3186.405584,SHETLAND GP.,Kyrre Fm.,18.19449997,1.790566087,1.842865825,2.49058795,127.6361313,65000
3186.557584,SHETLAND GP.,Kyrre Fm.,18.19449997,1.936208487,1.999105454,2.493252993,124.3916779,65000
3186.709584,SHETLAND GP.,Kyrre Fm.,18.2181282,2.041977644,2.052076817,2.495463133,124.7894669,65000
3186.861584,SHETLAND GP.,Kyrre Fm.,18.24588013,2.074844122,2.07624197,2.501543522,120.4524918,65000
3187.013584,SHETLAND GP.,Kyrre Fm.,18.2912426,2.094515801,2.07122159,2.506048203,110.776474,65000
3187.165584,SHETLAND GP.,Kyrre Fm.,18.33404923,2.092317343,2.06507206,2.511144161,105.7120895,65000
3187.317584,SHETLAND GP.,Kyrre Fm.,18.34665299,2.091300011,2.064199925,2.510243893,108.644928,65000
3187.469584,SHETLAND GP.,Kyrre Fm.,18.3071003,2.091300011,2.064199925,2.510233641,112.9235458,65000
3187.621584,SHETLAND GP.,Kyrre Fm.,18.26428795,2.091300011,2.064199925,2.507725716,119.4136658,65000
3187.773584,SHETLAND GP.,Kyrre Fm.,18.26299477,2.255718231,2.088871002,2.50604105,127.0243073,65000
3187.925584,SHETLAND GP.,Kyrre Fm.,18.24975205,2.274460793,2.062048197,2.501093864,127.9603577,65000
3188.077584,SHETLAND GP.,Kyrre Fm.,18.24670029,2.282315493,2.040479422,2.501170397,128.2087555,65000
3188.229584,SHETLAND GP.,Kyrre Fm.,18.24957466,2.377403975,2.105288506,2.503617048,128.6124268,65000
3188.381584,SHETLAND GP.,Kyrre Fm.,18.2132473,2.455727816,2.168498993,2.501401901,129.1151276,65000
3188.533584,SHETLAND GP.,Kyrre Fm.,18.2305088,2.495921135,2.203098059,2.499740601,129.6394653,65000
3188.685584,SHETLAND GP.,Kyrre Fm.,18.24759674,2.525588274,2.244585753,2.500394106,130.8545532,65000
3188.837584,SHETLAND GP.,Kyrre Fm.,18.26713944,2.557502985,2.286373138,2.505462885,118.4556732,65000
3188.989584,SHETLAND GP.,Kyrre Fm.,18.28796387,2.597107172,2.345279217,2.499337673,112.688797,65000
3189.141584,SHETLAND GP.,Kyrre Fm.,18.28918457,2.626094103,2.379539967,2.493256331,51.04567719,65000
3189.293584,SHETLAND GP.,Kyrre Fm.,18.26900864,2.61451602,2.387948036,2.490355253,36.85969544,65000
3189.445584,SHETLAND GP.,Kyrre Fm.,18.25020218,2.619998455,2.389259815,2.490219832,35.46670914,65000
3189.597584,SHETLAND GP.,Kyrre Fm.,18.2550621,2.643263817,2.402778149,2.491892576,34.84159088,65000
3189.749584,SHETLAND GP.,Kyrre Fm.,18.25720024,2.677095413,2.437235594,2.490236282,36.18918228,65000
3189.901584,SHETLAND GP.,Kyrre Fm.,18.2902832,2.758741617,2.488040447,2.49191618,37.6260643,65000
3190.053584,SHETLAND GP.,Kyrre Fm.,18.29071236,2.774038315,2.49598527,2.498261452,38.83704758,65000
3190.205584,SHETLAND GP.,Kyrre Fm.,18.35429192,2.700340986,2.444497347,2.509243727,38.50777435,65000
3190.357584,SHETLAND GP.,Kyrre Fm.,18.26570511,2.607759476,2.370316505,2.514855623,39.62619782,65000
3190.509584,SHETLAND GP.,Kyrre Fm.,18.2254467,2.503032923,2.306592226,2.522571564,38.64479065,65000
3190.661584,SHETLAND GP.,Kyrre Fm.,18.20067787,2.438111782,2.270898342,2.532363892,38.50914383,65000
3190.813584,SHETLAND GP.,Kyrre Fm.,18.19449997,2.397752762,2.249904633,2.561228752,37.77573013,65000
3190.965584,SHETLAND GP.,Kyrre Fm.,18.19449997,2.36167717,2.230010986,2.563953877,37.20337677,65000
3191.117584,SHETLAND GP.,Kyrre Fm.,18.19449997,2.333473921,2.20398736,2.548327684,36.98846817,65000
3191.269584,SHETLAND GP.,Kyrre Fm.,18.22660065,2.283879042,2.148219109,2.519678354,37.8563652,65000
3191.421584,SHETLAND GP.,Kyrre Fm.,18.24694443,2.233103275,2.099991083,2.511917114,40.12666321,65000
3191.573584,SHETLAND GP.,Kyrre Fm.,18.26087189,2.212300539,2.074402809,2.518279076,40.51113129,65000
3191.725584,SHETLAND GP.,Kyrre Fm.,18.28265762,2.300400496,2.135989428,2.513083696,40.76459885,65000
3191.877584,SHETLAND GP.,Kyrre Fm.,18.31758308,2.374110699,2.208348274,2.499363899,40.74738693,65000
3192.029584,SHETLAND GP.,Kyrre Fm.,18.33211899,2.444920301,2.273884058,2.488817453,41.05341721,65000
3192.181584,SHETLAND GP.,Kyrre Fm.,18.31546593,2.48965621,2.330741406,2.491126537,39.04737091,65000
3192.333584,SHETLAND GP.,Kyrre Fm.,18.29633713,2.548696041,2.39915967,2.500347376,38.13189316,65000
3192.485584,SHETLAND GP.,Kyrre Fm.,18.27380562,2.610448122,2.473379374,2.504322529,38.27308273,65000
3192.637584,SHETLAND GP.,Kyrre Fm.,18.25986671,2.613513708,2.491155386,2.497413874,38.90549851,65000
3192.789584,SHETLAND GP.,Kyrre Fm.,18.2468605,2.597052813,2.47540307,2.483594179,39.32705307,65000
3192.941584,SHETLAND GP.,Kyrre Fm.,18.21230316,2.599548101,2.478924513,2.477252722,38.51784897,65000
3193.093584,SHETLAND GP.,Kyrre Fm.,18.15005302,2.653715611,2.524958134,2.484224081,38.65318298,65000
3193.245584,SHETLAND GP.,Kyrre Fm.,18.19328308,2.722845316,2.582340717,2.494869232,38.26871491,65000
3193.397584,SHETLAND GP.,Kyrre Fm.,18.2409153,2.739047289,2.59339428,2.498286724,37.41975021,65000
3193.549584,SHETLAND GP.,Kyrre Fm.,18.21964836,2.716957092,2.571726561,2.497549772,38.13953018,65000
3193.701584,SHETLAND GP.,Kyrre Fm.,18.19828796,2.68334651,2.541601896,2.503020048,38.70402145,65000
3193.853584,SHETLAND GP.,Kyrre Fm.,18.20964813,2.663407564,2.519473553,2.515854836,39.86068344,65000
3194.005584,SHETLAND GP.,Kyrre Fm.,18.21034241,2.680020571,2.533953428,2.525319099,40.40445709,65000
3194.157584,SHETLAND GP.,Kyrre Fm.,18.19334602,2.658367872,2.498282194,2.532298088,39.31258392,65000
3194.309584,SHETLAND GP.,Kyrre Fm.,18.19252586,2.570572376,2.408259869,2.532117605,39.83612824,65000
3194.461584,SHETLAND GP.,Kyrre Fm.,18.20200348,2.481856823,2.314396381,2.52894187,37.97727966,65000
3194.613584,SHETLAND GP.,Kyrre Fm.,18.21738815,2.407924652,2.232798576,2.521663904,39.10730362,65000
3194.765584,SHETLAND GP.,Kyrre Fm.,18.23723221,2.364506722,2.181416512,2.516900063,38.44855881,65000
3194.917584,SHETLAND GP.,Kyrre Fm.,18.24570465,2.367691994,2.173915148,2.514373064,38.47529602,65000
3195.069584,SHETLAND GP.,Kyrre Fm.,18.1952343,2.423589945,2.217167139,2.509686947,36.38663864,65000
3195.221584,SHETLAND GP.,Kyrre Fm.,18.1687603,2.502686739,2.276607752,2.502740145,33.83420944,65000
3195.373584,SHETLAND GP.,Kyrre Fm.,18.15691376,2.578819275,2.345320225,2.496026278,34.41544724,65000
3195.525584,SHETLAND GP.,Kyrre Fm.,18.1454525,2.666497707,2.42419672,2.495005846,36.58488464,65000
3195.677584,SHETLAND GP.,Kyrre Fm.,18.14951134,2.76031971,2.536092997,2.496717453,38.12022781,65000
3195.829584,SHETLAND GP.,Kyrre Fm.,18.16237068,2.869386435,2.663419962,2.503792286,36.9441185,65000
3195.981584,SHETLAND GP.,Kyrre Fm.,18.15231133,2.936829329,2.738378048,2.514478922,36.07480621,65000
3196.133584,SHETLAND GP.,Kyrre Fm.,18.15053558,2.909176111,2.744419575,2.525822163,36.1978302,65000
3196.285584,SHETLAND GP.,Kyrre Fm.,18.14558792,2.890547037,2.724238634,2.52734828,36.53672028,65000
3196.437584,SHETLAND GP.,Kyrre Fm.,18.14229965,2.880932093,2.711011171,2.517620802,36.34653854,65000
3196.589584,SHETLAND GP.,Kyrre Fm.,18.15409279,2.881247759,2.705082178,2.505841017,36.30485153,65000
3196.741584,SHETLAND GP.,Kyrre Fm.,18.1479454,2.886639834,2.698938847,2.496525288,37.30995178,65000
3196.893584,SHETLAND GP.,Kyrre Fm.,18.15637207,2.856254339,2.664315701,2.48760581,35.87174988,65000
3197.045584,SHETLAND GP.,Kyrre Fm.,18.16320038,2.791760445,2.607867718,2.486542702,35.93490982,65000
3197.197584,SHETLAND GP.,Kyrre Fm.,18.17013741,2.790016413,2.601610184,2.492370367,36.71895218,65000
3197.349584,SHETLAND GP.,Kyrre Fm.,18.1504612,2.881586313,2.67166543,2.49619627,37.85258484,65000
3197.501584,SHETLAND GP.,Kyrre Fm.,18.17570877,2.940521479,2.720596314,2.495309591,37.56678391,65000
3197.653584,SHETLAND GP.,Kyrre Fm.,18.18533516,2.942911148,2.720530987,2.498983383,37.86600876,65000
3197.805584,SHETLAND GP.,Kyrre Fm.,18.18289757,2.910215855,2.683501959,2.50858736,38.41091538,65000
3197.957584,SHETLAND GP.,Kyrre Fm.,18.19777298,2.849462748,2.639478684,2.511811018,38.80493164,65000
3198.109584,SHETLAND GP.,Kyrre Fm.,18.20271874,2.881147385,2.661517382,2.508696318,36.69485092,65000
3198.261584,SHETLAND GP.,Kyrre Fm.,18.18340111,2.966949225,2.741230965,2.505967379,36.83374405,65000
3198.413584,SHETLAND GP.,Kyrre Fm.,18.19388008,3.041737795,2.805484533,2.504201889,36.56932068,65000
3198.565584,SHETLAND GP.,Kyrre Fm.,18.18478966,3.059856653,2.822156429,2.503728628,36.72398758,65000
3198.717584,SHETLAND GP.,Kyrre Fm.,18.17359924,3.052166939,2.826931,2.503094435,37.02841187,65000
3198.869584,SHETLAND GP.,Kyrre Fm.,18.16471672,3.044942617,2.83126998,2.505320311,36.97729874,65000
3199.021584,SHETLAND GP.,Kyrre Fm.,18.14196014,3.013332129,2.820145845,2.508580208,35.64544678,65000
3199.173584,SHETLAND GP.,Kyrre Fm.,18.14503098,2.943690062,2.777661324,2.511878967,32.42696381,65000
3199.325584,SHETLAND GP.,Kyrre Fm.,18.15711594,2.851842642,2.709756136,2.514776945,32.16614914,65000
3199.477584,SHETLAND GP.,Kyrre Fm.,18.17503548,2.848216295,2.725277901,2.51526022,34.54592514,65000
3199.629584,SHETLAND GP.,Kyrre Fm.,18.1775341,2.956171989,2.825078964,2.532069206,37.42456436,65000
3199.781584,SHETLAND GP.,Kyrre Fm.,18.17795563,3.070742846,2.926548481,2.571178675,38.5455246,65000
3199.933584,SHETLAND GP.,Kyrre Fm.,18.16329765,3.078629732,2.931271792,2.603210926,39.69064331,65000
3200.085584,SHETLAND GP.,Kyrre Fm.,18.13978577,2.997120857,2.85461092,2.599557161,39.09649277,65000
3200.237584,SHETLAND GP.,Kyrre Fm.,18.13610268,2.94132781,2.798831701,2.564633369,38.56737518,65000
3200.389584,SHETLAND GP.,Kyrre Fm.,18.12601471,2.932835341,2.785154104,2.534936667,38.53395081,65000
3200.541584,SHETLAND GP.,Kyrre Fm.,18.12637138,2.929550648,2.789115191,2.520987749,39.67787552,65000
3200.693584,SHETLAND GP.,Kyrre Fm.,18.12754822,2.93052578,2.769246101,2.516228437,40.40220642,65000
3200.845584,SHETLAND GP.,Kyrre Fm.,18.12903404,2.885629416,2.712111235,2.515599966,38.65189362,65000
3200.997584,SHETLAND GP.,Kyrre Fm.,18.13811874,2.806016922,2.634432793,2.519330978,37.28861618,65000
3201.149584,SHETLAND GP.,Kyrre Fm.,18.13601112,2.777213574,2.636992931,2.524015904,37.03331757,65000
3201.301584,SHETLAND GP.,Kyrre Fm.,18.1317997,2.784750223,2.660005093,2.523053885,36.55700302,65000
3201.453584,SHETLAND GP.,Kyrre Fm.,18.14422226,2.782059193,2.668553114,2.514862061,37.54590225,65000
3201.605584,SHETLAND GP.,Kyrre Fm.,18.15270042,2.779396057,2.680120468,2.503187895,38.5815239,65000
3201.757584,SHETLAND GP.,Kyrre Fm.,18.14452362,2.771911621,2.655622959,2.496905804,40.27745438,65000
3201.909584,SHETLAND GP.,Kyrre Fm.,18.13469696,2.733494759,2.609354734,2.498812676,40.30511093,65000
3202.061584,SHETLAND GP.,Kyrre Fm.,18.1317997,2.66518569,2.538122416,2.504535914,38.45924377,65000
3202.213584,SHETLAND GP.,Kyrre Fm.,18.13789558,2.578577042,2.459597349,2.505922794,38.30474091,65000
3202.365584,SHETLAND GP.,Kyrre Fm.,18.1483078,2.50272131,2.405466795,2.508927822,38.57769394,65000
3202.517584,SHETLAND GP.,Kyrre Fm.,18.14067459,2.46232152,2.354286671,2.515597343,38.29542542,65000
3202.669584,SHETLAND GP.,Kyrre Fm.,18.12778854,2.446282387,2.309297562,2.527970791,37.16782379,65000
3202.821584,SHETLAND GP.,Kyrre Fm.,18.13479042,2.427928448,2.281769753,2.542235613,35.93066406,65000
3202.973584,SHETLAND GP.,Kyrre Fm.,18.11658478,2.429023981,2.279028416,2.554923058,36.10821915,65000
3203.125584,SHETLAND GP.,Kyrre Fm.,18.07339478,2.524712324,2.354535103,2.561855316,36.75587082,65000
3203.277584,SHETLAND GP.,Kyrre Fm.,18.03950691,2.650478602,2.456429243,2.549681902,37.49795914,65000
3203.429584,SHETLAND GP.,Kyrre Fm.,18.0351429,2.719393015,2.518610001,2.527523279,39.46815109,65000
3203.581584,SHETLAND GP.,Kyrre Fm.,18.04514313,2.759660006,2.557117462,2.511849403,39.5681839,65000
3203.733584,SHETLAND GP.,Kyrre Fm.,18.05401802,2.81354928,2.627022505,2.51206398,37.85625076,65000
3203.885584,SHETLAND GP.,Kyrre Fm.,18.07983589,2.876628161,2.713792324,2.518010616,36.00797653,65000
3204.037584,SHETLAND GP.,Kyrre Fm.,18.11612511,2.949001551,2.793641329,2.515717745,35.99451447,65000
3204.189584,SHETLAND GP.,Kyrre Fm.,18.1317997,2.963504553,2.823914766,2.510186434,37.8139534,65000
3204.341584,SHETLAND GP.,Kyrre Fm.,18.16022301,2.913587093,2.793961048,2.508208752,38.1416626,65000
3204.493584,SHETLAND GP.,Kyrre Fm.,18.19725227,2.83859849,2.730951786,2.510140181,37.75956726,65000
3204.645584,SHETLAND GP.,Kyrre Fm.,18.23470116,2.78457284,2.677660942,2.512724161,37.59938049,65000
3204.797584,SHETLAND GP.,Kyrre Fm.,18.25720024,2.750628948,2.638848305,2.513761044,37.10833359,65000
3204.949584,SHETLAND GP.,Kyrre Fm.,18.24604797,2.697610378,2.58070159,2.51784873,37.71359253,65000
3205.101584,SHETLAND GP.,Kyrre Fm.,18.23258591,2.635119677,2.512232065,2.523316383,39.97952652,65000
3205.253584,SHETLAND GP.,Kyrre Fm.,18.22195625,2.578977585,2.451969862,2.527371883,41.4613533,65000
3205.405584,SHETLAND GP.,Kyrre Fm.,18.22639465,2.531258106,2.397144795,2.530925751,40.58013535,65000
3205.557584,SHETLAND GP.,Kyrre Fm.,18.22903061,2.489465237,2.345492125,2.53507185,38.63163376,65000
3205.709584,SHETLAND GP.,Kyrre Fm.,18.22962761,2.445881844,2.298113585,2.541499615,37.90371323,65000
3205.861584,SHETLAND GP.,Kyrre Fm.,18.23629952,2.409398556,2.261880636,2.5425632,38.86986923,65000
3206.013584,SHETLAND GP.,Kyrre Fm.,18.23088646,2.396481514,2.247553587,2.53762269,38.91818237,65000
3206.165584,SHETLAND GP.,Kyrre Fm.,18.22405815,2.438580513,2.283298254,2.532535791,39.24502564,65000
3206.317584,SHETLAND GP.,Kyrre Fm.,18.20110893,2.528096199,2.357816935,2.527708054,39.40223694,65000
3206.469584,SHETLAND GP.,Kyrre Fm.,18.18237305,2.606486797,2.43175602,2.5218997,39.61442566,65000
3206.621584,SHETLAND GP.,Kyrre Fm.,18.14366341,2.683495045,2.503549099,2.51552248,41.02405167,65000
3206.773584,SHETLAND GP.,Kyrre Fm.,18.05494881,2.778401136,2.577996969,2.513855934,41.58313751,65000
3206.925584,SHETLAND GP.,Kyrre Fm.,17.99596024,2.845731735,2.659207821,2.515499592,40.66226959,65000
3207.077584,SHETLAND GP.,Kyrre Fm.,17.98550034,2.867726088,2.716101408,2.516844034,38.76028442,65000
3207.229584,SHETLAND GP.,Kyrre Fm.,18.03714371,2.859684229,2.72906208,2.517650604,37.69838715,65000
3207.381584,SHETLAND GP.,Kyrre Fm.,18.11056328,2.816860437,2.70015645,2.519469261,38.55469894,65000
3207.533584,SHETLAND GP.,Kyrre Fm.,18.11649704,2.707405329,2.61102128,2.520568848,40.34267044,65000
3207.685584,SHETLAND GP.,Kyrre Fm.,18.10555267,2.556252956,2.469634056,2.516056299,41.41846848,65000
3207.837584,SHETLAND GP.,Kyrre Fm.,18.10079384,2.4028337,2.301305533,2.509782314,40.94013977,65000
3207.989584,SHETLAND GP.,Kyrre Fm.,18.0799408,2.267962456,2.153879404,2.509991646,39.3572731,65000
3208.141584,SHETLAND GP.,Kyrre Fm.,18.06245232,2.204508305,2.074746847,2.516156673,38.47142029,65000
3208.293584,SHETLAND GP.,Kyrre Fm.,18.04526901,2.195698023,2.046274185,2.520550251,37.95752335,65000
3208.445584,SHETLAND GP.,Kyrre Fm.,18.02110481,2.212123156,2.039428234,2.516397715,37.07886887,65000
3208.597584,SHETLAND GP.,Kyrre Fm.,18.00639916,2.228588104,2.051637173,2.507493496,36.1670723,65000
3208.749584,SHETLAND GP.,Kyrre Fm.,18.00639916,2.291043758,2.116475105,2.502969503,35.91906357,65000
3208.901584,SHETLAND GP.,Kyrre Fm.,17.9934597,2.456715345,2.263882399,2.501427651,35.90061569,65000
3209.053584,SHETLAND GP.,Kyrre Fm.,17.97698212,2.662940741,2.467535734,2.502618074,35.25675201,65000
3209.205584,SHETLAND GP.,Kyrre Fm.,17.96709442,2.813360214,2.634545326,2.503947973,36.11824417,65000
3209.357584,SHETLAND GP.,Kyrre Fm.,17.9608593,2.805625439,2.662134409,2.507145405,38.1384697,65000
3209.509584,SHETLAND GP.,Kyrre Fm.,17.96937561,2.694124222,2.594569206,2.512427568,39.2341156,65000
3209.661584,SHETLAND GP.,Kyrre Fm.,17.95147705,2.59800458,2.513126612,2.513435602,36.99757767,65000
3209.813584,SHETLAND GP.,Kyrre Fm.,17.90091324,2.508202553,2.414203882,2.512701273,33.537323,65000
3209.965584,SHETLAND GP.,Kyrre Fm.,17.87409973,2.386009455,2.292448759,2.510795116,34.85199356,65000
3210.117584,SHETLAND GP.,Kyrre Fm.,17.84931374,2.275462866,2.169785023,2.511843205,38.3543663,65000
3210.269584,SHETLAND GP.,Kyrre Fm.,17.79068947,2.223223448,2.083999395,2.514708757,40.11107636,65000
3210.421584,SHETLAND GP.,Kyrre Fm.,17.63647842,2.205548763,2.052182436,2.514046907,38.6558342,65000
3210.573584,SHETLAND GP.,Kyrre Fm.,17.41707802,2.214442253,2.052757263,2.506937742,37.78436279,65000
3210.725584,SHETLAND GP.,Kyrre Fm.,17.31558609,2.292488813,2.116321564,2.499413252,40.15958786,65000
3210.877584,SHETLAND GP.,Kyrre Fm.,17.29590035,2.457882643,2.26135993,2.504993677,43.11166,65000
3211.029584,SHETLAND GP.,Kyrre Fm.,17.28395462,2.635985375,2.430341005,2.516738892,43.31998444,65000
3211.181584,SHETLAND GP.,Kyrre Fm.,17.27988243,2.749047041,2.560381889,2.521505594,40.09063721,65000
3211.333584,SHETLAND GP.,Kyrre Fm.,17.31805801,2.81138134,2.660054445,2.520257473,36.73425674,65000
3211.485584,SHETLAND GP.,Kyrre Fm.,17.33940697,2.829107523,2.730836868,2.523944378,35.67278671,65000
3211.637584,SHETLAND GP.,Kyrre Fm.,17.32583809,2.800701618,2.764754295,2.53181386,38.31568146,65000
3211.789584,SHETLAND GP.,Kyrre Fm.,17.32089233,2.776800633,2.791306496,2.535184622,40.21988678,65000
3211.941584,SHETLAND GP.,Kyrre Fm.,17.32543182,2.773660898,2.820682526,2.534063101,41.17676544,65000
3212.093584,SHETLAND GP.,Kyrre Fm.,17.33769989,2.780259609,2.824272394,2.534776449,40.26862335,65000
3212.245584,SHETLAND GP.,Kyrre Fm.,17.33346748,2.783110142,2.79936409,2.535801411,40.03419113,65000
3212.397584,SHETLAND GP.,Kyrre Fm.,17.33713341,2.769613504,2.750833035,2.533309698,40.59047318,65000
3212.549584,SHETLAND GP.,Kyrre Fm.,17.34600639,2.754098415,2.702313423,2.54391098,41.29582596,65000
3212.701584,SHETLAND GP.,Kyrre Fm.,17.33769989,2.790122271,2.694644213,2.56447649,40.5298996,65000
3212.853584,SHETLAND GP.,Kyrre Fm.,15.49922085,2.92528677,2.78559351,2.56590724,38.97772217,65000
3213.005584,SHETLAND GP.,Kyrre Fm.,12.599617,3.029983044,2.861409664,2.545187473,39.88406754,65000
3213.157584,SHETLAND GP.,Kyrre Fm.,12.4435854,2.974685669,2.82411027,2.516770124,43.71250153,65000
3213.309584,SHETLAND GP.,Kyrre Fm.,12.43583489,2.804328203,2.694069147,2.513002157,50.95592117,65000
3213.461584,SHETLAND GP.,Kyrre Fm.,12.43505192,2.626679421,2.537337542,2.518215656,55.85441589,65000
3213.613584,SHETLAND GP.,Kyrre Fm.,12.43719864,2.473002911,2.395490885,2.522424936,56.94850922,65000
3213.765584,SHETLAND GP.,Kyrre Fm.,12.44120121,2.351776362,2.268398047,2.520928383,55.18047714,65000
3213.917584,SHETLAND GP.,Kyrre Fm.,12.43978119,2.276370764,2.179967642,2.518370867,52.67744064,65000
3214.069584,SHETLAND GP.,Kyrre Fm.,12.434659,2.233996153,2.122358322,2.516941071,53.19117737,65000
3214.221584,SHETLAND GP.,Kyrre Fm.,12.44769955,2.17390132,2.042696238,2.52138567,54.67026138,65000
3214.373584,SHETLAND GP.,Kyrre Fm.,12.43736267,2.096862078,1.951556802,2.526881933,55.94642639,65000
3214.525584,SHETLAND GP.,Kyrre Fm.,12.41851044,2.067242622,1.922862053,2.528958082,56.48305893,65000
3214.677584,SHETLAND GP.,Kyrre Fm.,12.42013645,2.132325411,1.969315291,2.527834415,53.90969849,65000
3214.829584,SHETLAND GP.,Kyrre Fm.,12.42426491,2.199923754,2.028493881,2.525715113,50.57048416,65000
3214.981584,SHETLAND GP.,Kyrre Fm.,12.39597511,2.270422459,2.102528334,2.520580769,49.95300293,65000
3215.133584,SHETLAND GP.,Kyrre Fm.,12.34988022,2.343669653,2.193785667,2.514919758,52.4620018,65000
3215.285584,SHETLAND GP.,Kyrre Fm.,12.33328533,2.423244,2.277247906,2.517100096,53.43517304,65000
3215.437584,SHETLAND GP.,Kyrre Fm.,12.31406689,2.538155794,2.393979073,2.527755737,52.24800491,65000
3215.589584,SHETLAND GP.,Kyrre Fm.,12.31546783,2.63784337,2.53929019,2.535340071,52.19730759,65000
3215.741584,SHETLAND GP.,Kyrre Fm.,12.31744289,2.706561565,2.640735626,2.537201643,53.69252777,65000
3215.893584,SHETLAND GP.,Kyrre Fm.,12.30592156,2.676404476,2.627474308,2.531258822,54.40116501,65000
3216.045584,SHETLAND GP.,Kyrre Fm.,12.30140019,2.586486816,2.564785481,2.52698493,54.02928543,65000
3216.197584,SHETLAND GP.,Kyrre Fm.,12.29784489,2.530808926,2.513337374,2.521064997,53.20164871,65000
3216.349584,SHETLAND GP.,Kyrre Fm.,12.29207707,2.536718607,2.492268324,2.515892744,53.66112137,65000
3216.501584,SHETLAND GP.,Kyrre Fm.,12.28277302,2.577067137,2.514350176,2.514433622,55.13237381,65000
3216.653584,SHETLAND GP.,Kyrre Fm.,12.25267506,2.624520779,2.542913437,2.515925884,56.98593903,65000
3216.805584,SHETLAND GP.,Kyrre Fm.,12.2352562,2.666626453,2.573931932,2.519876003,57.07359314,65000
3216.957584,SHETLAND GP.,Kyrre Fm.,12.23161984,2.684890509,2.581557512,2.523193121,55.67560959,65000
3217.109584,SHETLAND GP.,Kyrre Fm.,12.24096394,2.638349295,2.529877901,2.522344112,53.57926178,65000
3217.261584,SHETLAND GP.,Kyrre Fm.,12.24679184,2.500268936,2.407989264,2.521163225,54.09418488,65000
3217.413584,SHETLAND GP.,Kyrre Fm.,12.25244331,2.521527052,2.438949823,2.530482054,56.55219269,65000
3217.565584,SHETLAND GP.,Kyrre Fm.,12.26180553,2.51448226,2.465833902,2.550508261,59.40230942,65000
3217.717584,SHETLAND GP.,Kyrre Fm.,12.25787067,2.394939423,2.38369441,2.571252585,60.6953392,65000
3217.869584,SHETLAND GP.,Kyrre Fm.,12.23869991,2.405802965,2.361549377,2.573031902,58.69684982,65000
3218.021584,SHETLAND GP.,Kyrre Fm.,12.23869991,2.37131691,2.318027496,2.557472467,56.29189682,65000
3218.173584,SHETLAND GP.,Kyrre Fm.,12.23656845,2.373441219,2.31530714,2.534372091,55.34256363,65000
3218.325584,SHETLAND GP.,Kyrre Fm.,12.23381519,2.351979971,2.250097752,2.524493218,55.49546814,65000
3218.477584,SHETLAND GP.,Kyrre Fm.,12.23869991,2.318030596,2.205460787,2.523989677,55.28256607,65000
3218.629584,SHETLAND GP.,Kyrre Fm.,12.23869991,2.30613637,2.190868855,2.528026819,53.96145248,65000
3218.781584,SHETLAND GP.,Kyrre Fm.,12.2284441,2.330056667,2.216317177,2.530034304,52.72472763,65000
3218.933584,SHETLAND GP.,Kyrre Fm.,12.19569302,2.339465857,2.244747639,2.534341335,53.49590683,65000
3219.085584,SHETLAND GP.,Kyrre Fm.,12.17599964,2.353621006,2.283252716,2.536674023,54.9576683,65000
3219.237584,SHETLAND GP.,Kyrre Fm.,12.18398094,2.369732618,2.32656455,2.533136845,55.45713425,65000
3219.389584,SHETLAND GP.,Kyrre Fm.,12.20778179,2.373363972,2.355705738,2.528606415,54.93715286,65000
3219.541584,SHETLAND GP.,Kyrre Fm.,12.21780014,2.370106936,2.336330175,2.523470402,55.46560669,65000
3219.693584,SHETLAND GP.,Kyrre Fm.,12.21780014,2.348634005,2.318246365,2.51840806,55.80128861,65000
3219.845584,SHETLAND GP.,Kyrre Fm.,12.21780014,2.328452587,2.309594154,2.517786503,53.97627258,65000
3219.997584,SHETLAND GP.,Kyrre Fm.,12.21588421,2.292841196,2.253973723,2.524718761,53.36793518,65000
3220.149584,SHETLAND GP.,Kyrre Fm.,12.21550369,2.316625834,2.264121771,2.53118372,57.68052292,65000
3220.301584,SHETLAND GP.,Kyrre Fm.,12.23101521,2.444797993,2.37093854,2.527302504,65.84516907,65000
3220.453584,SHETLAND GP.,Kyrre Fm.,12.23314381,2.583714247,2.47470355,2.516200066,68.87531281,65000
3220.605584,SHETLAND GP.,Kyrre Fm.,12.22329998,2.671994686,2.53372097,2.511584282,67.00272369,65000
3220.757584,SHETLAND GP.,Kyrre Fm.,12.23869991,2.631572247,2.510838985,2.518224478,61.55316162,65000
3220.909584,SHETLAND GP.,Kyrre Fm.,12.23331928,2.540081739,2.45301795,2.53091836,57.29817963,65000
3221.061584,SHETLAND GP.,Kyrre Fm.,12.21780014,2.476989031,2.405200005,2.541016579,54.75424957,65000
3221.213584,SHETLAND GP.,Kyrre Fm.,12.21780014,2.432331085,2.365824461,2.543273687,52.53400421,65000
3221.365584,SHETLAND GP.,Kyrre Fm.,12.22303104,2.419422865,2.325865507,2.543250561,52.26938629,65000
3221.517584,SHETLAND GP.,Kyrre Fm.,12.23869991,2.417925835,2.302981138,2.543312788,51.60767746,65000
3221.669584,SHETLAND GP.,Kyrre Fm.,12.23698807,2.42355895,2.297276497,2.539566279,52.06513214,65000
3221.821584,SHETLAND GP.,Kyrre Fm.,12.22578716,2.384060383,2.243891001,2.536985159,52.63056183,65000
3221.973584,SHETLAND GP.,Kyrre Fm.,12.20480728,2.300684214,2.155638695,2.537581921,52.25804138,65000
3222.125584,SHETLAND GP.,Kyrre Fm.,12.19935703,2.233262777,2.083992481,2.543214083,51.53169251,65000
3222.277584,SHETLAND GP.,Kyrre Fm.,12.21137047,2.194566727,2.051806688,2.543632746,49.09577942,65000
3222.429584,SHETLAND GP.,Kyrre Fm.,12.21985722,2.168023109,2.029925585,2.537341595,49.93837357,65000
3222.581584,SHETLAND GP.,Kyrre Fm.,12.21179485,2.161502123,2.027532578,2.532354593,50.42892075,65000
3222.733584,SHETLAND GP.,Kyrre Fm.,12.2355423,2.1556952,2.030970573,2.527958632,52.44905853,65000
3222.885584,SHETLAND GP.,Kyrre Fm.,12.22782612,2.143152714,2.028232575,2.523129702,51.03768921,65000
3223.037584,SHETLAND GP.,Kyrre Fm.,12.23869991,2.181261301,2.074843645,2.510235548,50.53057098,65000
3223.189584,SHETLAND GP.,Kyrre Fm.,12.23259544,2.303006649,2.19661665,2.500368595,50.08572006,65000
3223.341584,SHETLAND GP.,Kyrre Fm.,12.21683216,2.473014355,2.37219286,2.499605417,53.34432983,65000
3223.493584,SHETLAND GP.,Kyrre Fm.,12.23202133,2.632894993,2.511468411,2.511003256,54.32539368,65000
3223.645584,SHETLAND GP.,Kyrre Fm.,12.20656395,2.660927296,2.530010939,2.525136232,56.17670822,65000
3223.797584,SHETLAND GP.,Kyrre Fm.,12.20525742,2.671947002,2.545786858,2.531129122,56.68138504,65000
3223.949584,SHETLAND GP.,Kyrre Fm.,12.21223927,2.769886971,2.628797293,2.530725241,58.93382645,70000
3224.101584,SHETLAND GP.,Kyrre Fm.,12.21497154,2.838353396,2.684795857,2.525820255,57.17028046,70000
3224.253584,SHETLAND GP.,Kyrre Fm.,12.20797634,2.82674861,2.674708128,2.526818991,51.54695511,70000
3224.405584,SHETLAND GP.,Kyrre Fm.,12.22195435,2.782637358,2.633904219,2.532100201,49.92995834,65000
3224.557584,SHETLAND GP.,Kyrre Fm.,12.21487522,2.752201319,2.607060432,2.540354729,50.37776566,65000
3224.709584,SHETLAND GP.,Kyrre Fm.,12.23102951,2.770001173,2.620059013,2.546757698,52.68182755,65000
3224.861584,SHETLAND GP.,Kyrre Fm.,12.23018646,2.823691607,2.667280912,2.542537928,51.52843094,65000
3225.013584,SHETLAND GP.,Kyrre Fm.,12.23348522,2.837762356,2.684396029,2.537382126,51.11796951,65000
3225.165584,SHETLAND GP.,Kyrre Fm.,12.21465397,2.811205149,2.653878212,2.528184891,54.16835022,65000
3225.317584,SHETLAND GP.,Kyrre Fm.,12.22665501,2.81863308,2.65712285,2.53170228,56.31991196,65000
3225.469584,SHETLAND GP.,Kyrre Fm.,12.20629978,2.861753225,2.695388794,2.531667709,56.193676,65000
3225.621584,SHETLAND GP.,Kyrre Fm.,12.21963406,2.880955935,2.722131968,2.539165497,56.63429642,65000
3225.773584,SHETLAND GP.,Kyrre Fm.,12.22275257,2.899991036,2.744191647,2.535573483,57.23233414,65000
3225.925584,SHETLAND GP.,Kyrre Fm.,12.19868374,2.927634716,2.777881384,2.531502247,57.16025543,65000
3226.077584,SHETLAND GP.,Kyrre Fm.,12.20906353,2.927240849,2.789936066,2.526787758,53.41971588,65000
3226.229584,SHETLAND GP.,Kyrre Fm.,12.21780014,2.907018662,2.781528235,2.531986237,51.2071228,65000
3226.381584,SHETLAND GP.,Kyrre Fm.,12.21780014,2.890486717,2.782431841,2.544676542,50.8196907,65000
3226.533584,SHETLAND GP.,Kyrre Fm.,12.21443749,2.887729406,2.767791748,2.550812483,51.57445145,65000
3226.685584,SHETLAND GP.,Kyrre Fm.,12.20182324,2.912165642,2.788090706,2.550849438,51.4529953,65000
3226.837584,SHETLAND GP.,Kyrre Fm.,12.22550201,2.992796898,2.853330374,2.547233343,50.71378326,65000
3226.989584,SHETLAND GP.,Kyrre Fm.,12.21186924,3.091327906,2.936701536,2.542515278,49.97039414,65000
3227.141584,SHETLAND GP.,Kyrre Fm.,12.21780014,3.098070145,2.94012022,2.535793543,50.39879227,65000
3227.293584,SHETLAND GP.,Kyrre Fm.,12.21473503,3.04279995,2.886198521,2.532782793,52.45874405,65000
3227.445584,SHETLAND GP.,Kyrre Fm.,12.19991875,2.966553927,2.814167976,2.538990974,54.34130478,65000
3227.597584,SHETLAND GP.,Kyrre Fm.,12.22077084,2.892152071,2.748447418,2.542056322,55.42451096,65000
3227.749584,SHETLAND GP.,Kyrre Fm.,12.23430729,2.881237745,2.74235034,2.542286396,55.02264786,65000
3227.901584,SHETLAND GP.,Kyrre Fm.,12.20681953,2.877670288,2.735610008,2.536470652,55.35787964,65000
3228.053584,SHETLAND GP.,Kyrre Fm.,12.2038002,2.842287302,2.701809883,2.526015043,53.92877579,65000
3228.205584,SHETLAND GP.,Kyrre Fm.,12.20426083,2.81391716,2.66605401,2.514742851,55.19435883,65000
3228.357584,SHETLAND GP.,Kyrre Fm.,12.21045399,2.788501024,2.640947342,2.503347397,53.41950607,65000
3228.509584,SHETLAND GP.,Kyrre Fm.,12.22993755,2.782216072,2.626139879,2.499894142,53.42825317,65000
3228.661584,SHETLAND GP.,Kyrre Fm.,12.21650696,2.792400122,2.636982441,2.496927738,50.22088242,65000
3228.813584,SHETLAND GP.,Kyrre Fm.,12.20940399,2.810647249,2.663985729,2.496243954,52.26244354,65000
3228.965584,SHETLAND GP.,Kyrre Fm.,12.22469997,2.809059382,2.666211844,2.501338959,51.77457428,65000
3229.117584,SHETLAND GP.,Kyrre Fm.,12.22267819,2.7703228,2.639010191,2.510752678,52.48504639,65000
3229.269584,SHETLAND GP.,Kyrre Fm.,12.20730019,2.748153687,2.628333569,2.518922567,49.18087006,65000
3229.421584,SHETLAND GP.,Kyrre Fm.,12.20615292,2.740418434,2.620739222,2.526718378,50.34985352,65000
3229.573584,SHETLAND GP.,Kyrre Fm.,12.19840145,2.745269775,2.614005804,2.530640841,53.0401268,65000
3229.725584,SHETLAND GP.,Kyrre Fm.,12.21264076,2.752978563,2.610094309,2.528246164,55.49346161,65000
3229.877584,SHETLAND GP.,Kyrre Fm.,12.22819996,2.771389723,2.617538929,2.5259552,55.89287186,65000
3230.029584,SHETLAND GP.,Kyrre Fm.,12.22819996,2.775495052,2.611680985,2.524530649,53.59977341,65000
3230.181584,SHETLAND GP.,Kyrre Fm.,12.22650528,2.815318584,2.634849787,2.523253202,52.24694061,65000
3230.333584,SHETLAND GP.,Kyrre Fm.,12.21146584,2.825822592,2.635102749,2.524753332,52.24110413,65000
3230.485584,SHETLAND GP.,Kyrre Fm.,12.21780014,2.751453638,2.565669537,2.516338348,53.30814743,65000
3230.637584,SHETLAND GP.,Kyrre Fm.,12.21780014,2.697325945,2.506760359,2.511989832,56.55851364,65000
3230.789584,SHETLAND GP.,Kyrre Fm.,12.21870232,2.653598547,2.474090815,2.504107714,56.57113648,65000
3230.941584,SHETLAND GP.,Kyrre Fm.,12.22732163,2.59770298,2.433142424,2.509295702,57.047966,65000
3231.093584,SHETLAND GP.,Kyrre Fm.,12.21693802,2.575484753,2.401206732,2.519287348,55.60852432,65000
3231.245584,SHETLAND GP.,Kyrre Fm.,12.20702553,2.596954584,2.405080795,2.522782326,56.25349045,65000
3231.397584,SHETLAND GP.,Kyrre Fm.,12.20406628,2.646055937,2.439523459,2.526160717,54.49583435,65000
3231.549584,SHETLAND GP.,Kyrre Fm.,12.20653153,2.709849119,2.478708267,2.526759625,52.83738709,65000
3231.701584,SHETLAND GP.,Kyrre Fm.,12.19839668,2.759238243,2.528809309,2.524441481,51.0137558,65000
3231.853584,SHETLAND GP.,Kyrre Fm.,12.21707344,2.810624361,2.579921007,2.51654911,51.40821075,65000
3232.005584,SHETLAND GP.,Kyrre Fm.,12.20798779,2.871284246,2.643351555,2.507472515,51.17873001,65000
3232.157584,SHETLAND GP.,Kyrre Fm.,12.21780014,2.930842638,2.725088596,2.503185749,51.615242,65000
3232.309584,SHETLAND GP.,Kyrre Fm.,12.21780014,2.995243311,2.809778929,2.509698868,50.43387222,65000
3232.461584,SHETLAND GP.,Kyrre Fm.,12.21657467,3.043548346,2.888717413,2.523272514,51.57756424,65000
3232.613584,SHETLAND GP.,Kyrre Fm.,12.19747067,3.068704128,2.953281403,2.543996334,52.26041412,65000
3232.765584,SHETLAND GP.,Kyrre Fm.,12.20748425,3.103736162,3.013030529,2.548831463,56.80233765,65000
3232.917584,SHETLAND GP.,Kyrre Fm.,12.21080017,3.143305063,3.072025776,2.543859005,57.99121475,65000
3233.069584,SHETLAND GP.,Kyrre Fm.,12.21046352,3.128105879,3.086298466,2.541435242,56.33136368,65000
3233.221584,SHETLAND GP.,Kyrre Fm.,12.2039547,3.084321499,3.058389425,2.546812296,52.89414978,70000
3233.373584,SHETLAND GP.,Kyrre Fm.,12.2068634,3.033936977,3.011972904,2.562048912,48.34195328,70000
3233.525584,SHETLAND GP.,Kyrre Fm.,12.19690037,3.006374836,2.991570234,2.558278084,46.71791458,70000
3233.677584,SHETLAND GP.,Kyrre Fm.,12.19794178,2.980708122,2.953052282,2.549600601,45.49646759,70000
3233.829584,SHETLAND GP.,Kyrre Fm.,12.22445774,2.956906796,2.911576986,2.526137829,47.21744919,65000
3233.981584,SHETLAND GP.,Kyrre Fm.,12.21736145,2.931531191,2.862612724,2.515999317,49.42430115,65000
3234.133584,SHETLAND GP.,Kyrre Fm.,12.20400429,2.904071331,2.808791399,2.510088205,51.48260117,65000
3234.285584,SHETLAND GP.,Kyrre Fm.,12.21070576,2.881910563,2.750175715,2.519850493,52.89163208,65000
3234.437584,SHETLAND GP.,Kyrre Fm.,12.20730019,2.83723855,2.689318657,2.525061846,53.86758423,65000
3234.589584,SHETLAND GP.,Kyrre Fm.,12.20766068,2.77402854,2.60916543,2.51531601,52.42294312,65000
3234.741584,SHETLAND GP.,Kyrre Fm.,12.22418594,2.718280554,2.540745974,2.50180769,52.68309784,65000
3234.893584,SHETLAND GP.,Kyrre Fm.,12.19690037,2.695682287,2.50559783,2.49716115,51.14227295,65000
3235.045584,SHETLAND GP.,Kyrre Fm.,12.19699669,2.676221609,2.481092691,2.513054371,54.36889648,65000
3235.197584,SHETLAND GP.,Kyrre Fm.,12.20383549,2.663516045,2.473323107,2.516890049,54.89718247,65000
3235.349584,SHETLAND GP.,Kyrre Fm.,12.20721817,2.65475297,2.455701828,2.515847206,53.99460602,65000
3235.501584,SHETLAND GP.,Kyrre Fm.,12.19690037,2.585818529,2.418248177,2.509211779,51.57099533,65000
3235.653584,SHETLAND GP.,Kyrre Fm.,12.19699287,2.625064611,2.46274972,2.511297703,52.13801193,65000
3235.805584,SHETLAND GP.,Kyrre Fm.,12.22467041,2.734181881,2.567468882,2.510605097,51.69361877,65000
3235.957584,SHETLAND GP.,Kyrre Fm.,12.19697762,2.902431011,2.723564863,2.515187025,51.98838043,65000
3236.109584,SHETLAND GP.,Kyrre Fm.,12.21073055,3.05602479,2.866379261,2.518881321,48.27898407,65000
3236.261584,SHETLAND GP.,Kyrre Fm.,12.21774864,3.137804985,2.940560103,2.519991875,48.72389221,65000
3236.413584,SHETLAND GP.,Kyrre Fm.,12.22810078,3.129584789,2.935652494,2.515047789,48.71580887,65000
3236.565584,SHETLAND GP.,Kyrre Fm.,12.21793938,3.126441479,2.913401127,2.510165453,51.06206131,65000
3236.717584,SHETLAND GP.,Kyrre Fm.,12.20746422,3.129746914,2.918218374,2.514431,51.65890884,65000
3236.869584,SHETLAND GP.,Kyrre Fm.,12.23126221,3.126951933,2.919085741,2.520588875,52.51739883,65000
3237.021584,SHETLAND GP.,Kyrre Fm.,12.19760227,3.102012634,2.896466017,2.522855759,50.79616547,65000
3237.173584,SHETLAND GP.,Kyrre Fm.,12.21729851,3.038743019,2.845638275,2.518215179,51.48615646,65000
3237.325584,SHETLAND GP.,Kyrre Fm.,12.21780014,2.993383169,2.809638739,2.516541958,51.59552765,65000
3237.477584,SHETLAND GP.,Kyrre Fm.,12.23810291,2.969370842,2.789173842,2.519414425,52.71798706,65000
3237.629584,SHETLAND GP.,Kyrre Fm.,12.21844387,2.961818695,2.794318438,2.524442911,54.46860504,65000
3237.781584,SHETLAND GP.,Kyrre Fm.,12.20764732,2.912672997,2.737643957,2.517251253,54.24781418,65000
3237.933584,SHETLAND GP.,Kyrre Fm.,12.19728375,2.847914457,2.683690548,2.515940428,56.99586105,65000
3238.085584,SHETLAND GP.,Kyrre Fm.,12.21025562,2.735582113,2.579276323,2.515803814,55.09972,65000
3238.237584,SHETLAND GP.,Kyrre Fm.,12.21751022,2.713558197,2.551998615,2.527590275,52.59446335,65000
3238.389584,SHETLAND GP.,Kyrre Fm.,12.2077589,2.771804094,2.604840279,2.534029245,50.42110825,65000
3238.541584,SHETLAND GP.,Kyrre Fm.,12.19739437,2.875944138,2.689693451,2.534966946,47.07257843,65000
3238.693584,SHETLAND GP.,Kyrre Fm.,12.19690037,2.978109837,2.778842211,2.541176319,46.12459183,65000
3238.845584,SHETLAND GP.,Kyrre Fm.,12.22657013,3.102071285,2.888615847,2.546334505,44.89108276,65000
3238.997584,SHETLAND GP.,Kyrre Fm.,12.20512581,3.187280655,2.988779068,2.55511117,49.604599,65000
3239.149584,SHETLAND GP.,Kyrre Fm.,12.21039391,3.246996403,3.053069592,2.550136805,54.02324677,65000
3239.301584,SHETLAND GP.,Kyrre Fm.,12.19774056,3.286103487,3.112134457,2.544444561,56.933918,65000
3239.453584,SHETLAND GP.,Kyrre Fm.,12.20336723,3.290555716,3.136695623,2.537163973,57.43538284,65000
3239.605584,SHETLAND GP.,Kyrre Fm.,12.21034527,3.250773192,3.113882065,2.531183243,56.20293808,65000
3239.757584,SHETLAND GP.,Kyrre Fm.,12.22700501,3.182715654,3.059860706,2.526143551,53.48402786,65000
3239.909584,SHETLAND GP.,Kyrre Fm.,12.21203709,3.143064737,3.025530815,2.519576073,50.00657272,65000
3240.061584,SHETLAND GP.,Kyrre Fm.,12.2236805,3.155134201,2.997438192,2.512891054,49.73251343,65000
3240.213584,SHETLAND GP.,Kyrre Fm.,12.19900131,3.06459713,2.886410475,2.509349346,50.6932106,65000
3240.365584,SHETLAND GP.,Kyrre Fm.,12.18408108,2.971707106,2.770989656,2.511405468,54.5521431,65000
3240.517584,SHETLAND GP.,Kyrre Fm.,12.20210362,2.903239965,2.688892126,2.513528824,55.0699501,65000
3240.669584,SHETLAND GP.,Kyrre Fm.,12.19747925,2.849615574,2.636322737,2.51140976,55.62101746,65000
3240.821584,SHETLAND GP.,Kyrre Fm.,12.20640373,2.856439829,2.619855166,2.510194778,52.53219605,65000
3240.973584,SHETLAND GP.,Kyrre Fm.,12.21049023,2.842094898,2.617879629,2.507730007,55.99311447,65000
3241.125584,SHETLAND GP.,Kyrre Fm.,12.21080017,2.800292492,2.604454994,2.506138325,54.34703827,65000
3241.277584,SHETLAND GP.,Kyrre Fm.,12.21713829,2.831873655,2.650815964,2.512428522,55.88285446,65000
3241.429584,SHETLAND GP.,Kyrre Fm.,12.2083168,2.880397081,2.711706162,2.525021792,51.33525085,65000
3241.581584,SHETLAND GP.,Kyrre Fm.,12.19793129,2.945831537,2.790673971,2.535489321,50.95901108,65000
3241.733584,SHETLAND GP.,Kyrre Fm.,12.21565247,3.013331175,2.864286661,2.537397146,52.57367706,65000
3241.885584,SHETLAND GP.,Kyrre Fm.,12.23650074,3.082488298,2.940699339,2.538215876,51.18734741,70000
3242.037584,SHETLAND GP.,Kyrre Fm.,12.24798203,3.140942574,3.007172108,2.54660058,51.88891602,70000
3242.189584,SHETLAND GP.,Kyrre Fm.,12.24607277,3.200784206,3.070287705,2.55454421,47.372715,70000
3242.341584,SHETLAND GP.,Kyrre Fm.,12.23948383,3.190882683,3.074802399,2.561882734,46.53881455,70000
3242.493584,SHETLAND GP.,Kyrre Fm.,12.24789715,3.185174227,3.081840038,2.556686401,46.74692917,70000
3242.645584,SHETLAND GP.,Kyrre Fm.,12.22758102,3.189197779,3.085974932,2.545758009,47.30315018,70000
3242.797584,SHETLAND GP.,Kyrre Fm.,12.23085785,3.132886171,3.03881073,2.529006004,48.30170059,70000
3242.949584,SHETLAND GP.,Kyrre Fm.,12.22862911,3.065963268,2.958510637,2.5204072,46.26503372,65000
3243.101584,SHETLAND GP.,Kyrre Fm.,12.23125839,3.041710615,2.918405294,2.518014669,45.15824509,65000
3243.253584,SHETLAND GP.,Kyrre Fm.,12.22865009,3.014568329,2.870535851,2.520500898,46.11254501,65000
3243.405584,SHETLAND GP.,Kyrre Fm.,12.21916199,2.939639807,2.781368494,2.525158167,46.56077957,65000
3243.557584,SHETLAND GP.,Kyrre Fm.,12.22984791,2.844216347,2.680749416,2.528227091,50.36758423,65000
3243.709584,SHETLAND GP.,Kyrre Fm.,12.23774147,2.772852421,2.600307226,2.529463053,50.36744309,65000
3243.861584,SHETLAND GP.,Kyrre Fm.,12.24765015,2.706194162,2.531863928,2.526157379,52.0455513,65000
3244.013584,SHETLAND GP.,Kyrre Fm.,12.24909973,2.638185501,2.450823546,2.525428295,49.89742279,65000
3244.165584,SHETLAND GP.,Kyrre Fm.,12.24019623,2.558895588,2.361176491,2.520691395,50.95714951,65000
3244.317584,SHETLAND GP.,Kyrre Fm.,12.23869991,2.576402903,2.359712839,2.517594576,53.61578369,65000
3244.469584,SHETLAND GP.,Kyrre Fm.,12.22977257,2.615665913,2.380916119,2.510823011,57.95778656,65000
3244.621584,SHETLAND GP.,Kyrre Fm.,12.24591827,2.677313805,2.426179886,2.50970006,59.96518707,65000
3244.773584,SHETLAND GP.,Kyrre Fm.,12.25205898,2.699221849,2.444776297,2.512405634,56.30290222,65000
3244.925584,SHETLAND GP.,Kyrre Fm.,12.23497582,2.740105391,2.495877743,2.52478981,54.21094513,65000
3245.077584,SHETLAND GP.,Kyrre Fm.,12.22876072,2.762665749,2.507183075,2.540854216,51.36214447,65000
3245.229584,SHETLAND GP.,Kyrre Fm.,12.23698998,2.817502737,2.586709976,2.547350884,52.90085602,65000
3245.381584,SHETLAND GP.,Kyrre Fm.,12.23869991,2.877860069,2.685838938,2.540418863,51.93054199,65000
3245.533584,SHETLAND GP.,Kyrre Fm.,12.25610161,2.964901686,2.768843889,2.531489611,49.80280304,65000
3245.685584,SHETLAND GP.,Kyrre Fm.,12.25959969,2.991177559,2.806076527,2.529999971,46.97095108,65000
3245.837584,SHETLAND GP.,Kyrre Fm.,12.25381374,2.994061232,2.822158098,2.534876585,45.59483719,65000
3245.989584,SHETLAND GP.,Kyrre Fm.,12.25836945,3.032610416,2.866866827,2.544637203,47.57920837,65000
3246.141584,SHETLAND GP.,Kyrre Fm.,12.26815033,3.068419218,2.90606761,2.552664995,49.21534729,65000
3246.293584,SHETLAND GP.,Kyrre Fm.,12.25573635,3.048331976,2.893007994,2.558508635,50.02259827,65000
3246.445584,SHETLAND GP.,Kyrre Fm.,12.24696827,3.016971827,2.864622593,2.55705142,50.69479752,65000
3246.597584,SHETLAND GP.,Kyrre Fm.,12.24000454,2.991266012,2.840730429,2.54689908,50.48570252,65000
3246.749584,SHETLAND GP.,Kyrre Fm.,12.26409721,2.989296436,2.835607529,2.532610416,50.97354507,65000
3246.901584,SHETLAND GP.,Kyrre Fm.,12.25592136,2.98617816,2.831030846,2.524297953,48.81821823,65000
3247.053584,SHETLAND GP.,Kyrre Fm.,12.25259972,2.98948884,2.828066587,2.526705742,47.34812546,65000
3247.205584,SHETLAND GP.,Kyrre Fm.,12.27500343,2.953883171,2.789537668,2.541893244,46.31736374,65000
3247.357584,SHETLAND GP.,Kyrre Fm.,12.29163075,2.908065796,2.754015684,2.553647757,50.88066864,65000
3247.509584,SHETLAND GP.,Kyrre Fm.,12.2999897,2.885565281,2.734804153,2.557057381,52.40332031,65000
3247.661584,SHETLAND GP.,Kyrre Fm.,12.30140019,2.874806881,2.720391035,2.54746294,50.0072937,65000
3247.813584,SHETLAND GP.,Kyrre Fm.,12.30140019,2.865134716,2.71139884,2.531984568,49.0188942,65000
3247.965584,SHETLAND GP.,Kyrre Fm.,12.30140019,2.858833551,2.708377838,2.525597572,47.63489151,65000
3248.117584,SHETLAND GP.,Kyrre Fm.,12.2794199,2.869517803,2.719345093,2.524563551,49.52508545,65000
3248.269584,SHETLAND GP.,Kyrre Fm.,12.28717041,2.888490677,2.733398438,2.52614975,48.66472626,65000
3248.421584,SHETLAND GP.,Kyrre Fm.,12.28816319,2.881459713,2.725763559,2.521829128,51.98817825,65000
3248.573584,SHETLAND GP.,Kyrre Fm.,12.2657299,2.832466126,2.680941582,2.513562441,52.9093895,65000
3248.725584,SHETLAND GP.,Kyrre Fm.,12.28120709,2.752580404,2.604667425,2.509346008,51.89884186,65000
3248.877584,SHETLAND GP.,Kyrre Fm.,12.28205204,2.713560581,2.560238361,2.506685019,51.48305512,65000
3249.029584,SHETLAND GP.,Kyrre Fm.,12.28049946,2.736885071,2.572372913,2.515203476,52.01745224,65000
3249.181584,SHETLAND GP.,Kyrre Fm.,12.23229218,2.784327507,2.597113848,2.524512291,52.75320435,65000
3249.333584,SHETLAND GP.,Kyrre Fm.,12.21780014,2.776068211,2.57589221,2.534932613,52.83705521,65000
3249.485584,SHETLAND GP.,Kyrre Fm.,12.20709896,2.675908804,2.485379696,2.538034916,54.06127167,65000
3249.637584,SHETLAND GP.,Kyrre Fm.,12.21445274,2.566171646,2.389467239,2.533254147,56.4838829,65000
3249.789584,SHETLAND GP.,Kyrre Fm.,12.21780014,2.552173376,2.376019716,2.527226448,58.10411453,65000
3249.941584,SHETLAND GP.,Kyrre Fm.,12.22566223,2.596093655,2.415464878,2.530109167,58.7443161,65000
3250.093584,SHETLAND GP.,Kyrre Fm.,12.22036171,2.654624701,2.470789433,2.535419464,59.06686783,65000
3250.245584,SHETLAND GP.,Kyrre Fm.,12.21780014,2.699859142,2.513405323,2.541960239,57.59990692,65000
3250.397584,SHETLAND GP.,Kyrre Fm.,12.21780014,2.747449875,2.560798883,2.535322428,56.9896431,65000
3250.549584,SHETLAND GP.,Kyrre Fm.,12.22555161,2.802435637,2.616010428,2.531233072,55.34664154,65000
3250.701584,SHETLAND GP.,Kyrre Fm.,12.24120426,2.857992888,2.67367363,2.52604413,54.90749741,65000
3250.853584,SHETLAND GP.,Kyrre Fm.,12.24569988,2.912723541,2.730382919,2.521362543,52.30121613,65000
3251.005584,SHETLAND GP.,Kyrre Fm.,12.2405386,2.946957111,2.774053335,2.517645359,51.27131653,65000
3251.157584,SHETLAND GP.,Kyrre Fm.,12.24384308,2.959022522,2.7982862,2.523018599,50.14117813,65000
3251.309584,SHETLAND GP.,Kyrre Fm.,12.24057293,2.969516277,2.816704035,2.535994053,51.81654358,65000
3251.461584,SHETLAND GP.,Kyrre Fm.,12.23358822,2.985259771,2.83708024,2.542747974,55.07377625,65000
3251.613584,SHETLAND GP.,Kyrre Fm.,12.2367878,2.991498947,2.850503922,2.542709827,56.87171173,65000
3251.765584,SHETLAND GP.,Kyrre Fm.,12.23869991,2.993548155,2.857961655,2.540996552,54.67239761,65000
3251.917584,SHETLAND GP.,Kyrre Fm.,12.23869991,2.96991849,2.841870785,2.546419144,50.21227264,65000
3252.069584,SHETLAND GP.,Kyrre Fm.,12.24373722,2.940667629,2.818377733,2.547116995,48.21362686,65000
3252.221584,SHETLAND GP.,Kyrre Fm.,12.25064182,2.939990044,2.804953098,2.544709444,49.5997963,65000
3252.373584,SHETLAND GP.,Kyrre Fm.,12.23519135,2.906769991,2.763673067,2.538934469,50.06013489,65000
3252.525584,SHETLAND GP.,Kyrre Fm.,12.23566723,2.800909758,2.657165527,2.533557415,50.29273224,65000
3252.677584,SHETLAND GP.,Kyrre Fm.,12.23869991,2.662845612,2.523428202,2.529789686,48.5281105,65000
3252.829584,SHETLAND GP.,Kyrre Fm.,12.23869991,2.58705473,2.441793203,2.530849457,48.85054398,65000
3252.981584,SHETLAND GP.,Kyrre Fm.,12.23869991,2.567384481,2.409982204,2.536341906,49.10567474,65000
3253.133584,SHETLAND GP.,Kyrre Fm.,12.23869991,2.53021121,2.362705946,2.537039042,51.72166061,65000
3253.285584,SHETLAND GP.,Kyrre Fm.,12.24840641,2.469769478,2.29866147,2.532868862,51.59182739,65000
3253.437584,SHETLAND GP.,Kyrre Fm.,12.25259972,2.455459595,2.284934044,2.529699087,53.10664368,65000
3253.589584,SHETLAND GP.,Kyrre Fm.,12.2574482,2.520143032,2.330578089,2.53357172,58.21138382,65000
3253.741584,SHETLAND GP.,Kyrre Fm.,12.25959969,2.578985691,2.384028435,2.539187908,58.69105911,65000
3253.893584,SHETLAND GP.,Kyrre Fm.,12.24522686,2.623464823,2.421162367,2.542725563,57.96683884,65000
3254.045584,SHETLAND GP.,Kyrre Fm.,12.23869991,2.666636705,2.470481157,2.545793295,54.75196457,65000
3254.197584,SHETLAND GP.,Kyrre Fm.,12.24108887,2.683442116,2.500468254,2.54645896,54.08202744,65000
3254.349584,SHETLAND GP.,Kyrre Fm.,12.24457836,2.69912982,2.528485537,2.548473835,53.43714523,65000
3254.501584,SHETLAND GP.,Kyrre Fm.,12.24096012,2.71351862,2.558057785,2.543541908,51.25616074,65000
3254.653584,SHETLAND GP.,Kyrre Fm.,12.23869991,2.733463049,2.592337847,2.53793335,47.36545944,65000
3254.805584,SHETLAND GP.,Kyrre Fm.,12.23869991,2.76981616,2.636917114,2.533102751,45.58957291,65000
3254.957584,SHETLAND GP.,Kyrre Fm.,12.23401547,2.79761982,2.676122904,2.536954641,49.19656372,65000
3255.109584,SHETLAND GP.,Kyrre Fm.,12.24102974,2.827158928,2.717622995,2.544698238,51.78768158,65000
3255.261584,SHETLAND GP.,Kyrre Fm.,12.24795818,2.843082905,2.736850739,2.551384211,53.5770874,65000
3255.413584,SHETLAND GP.,Kyrre Fm.,12.23758221,2.83315444,2.730924606,2.551911354,50.98031235,65000
3255.565584,SHETLAND GP.,Kyrre Fm.,12.23631001,2.812805653,2.711059094,2.549585104,50.16832733,65000
3255.717584,SHETLAND GP.,Kyrre Fm.,12.24552059,2.784514189,2.683160067,2.545652151,49.49779511,65000
3255.869584,SHETLAND GP.,Kyrre Fm.,12.24909973,2.756376743,2.651167393,2.547137022,49.19781494,65000
3256.021584,SHETLAND GP.,Kyrre Fm.,12.23320866,2.720987558,2.604399681,2.555378199,49.74741364,65000
3256.173584,SHETLAND GP.,Kyrre Fm.,12.24277878,2.673074246,2.53495574,2.563112021,49.87277985,65000
3256.325584,SHETLAND GP.,Kyrre Fm.,12.23014736,2.55101943,2.398528814,2.558302879,51.11823273,65000
3256.477584,SHETLAND GP.,Kyrre Fm.,12.22223663,2.42269969,2.26961422,2.543920279,50.96828079,65000
3256.629584,SHETLAND GP.,Kyrre Fm.,12.2291851,2.350810289,2.191002131,2.533999682,52.58663178,65000
3256.781584,SHETLAND GP.,Kyrre Fm.,12.222826,2.433377504,2.245201111,2.53770113,56.49410248,65000
3256.933584,SHETLAND GP.,Kyrre Fm.,12.23107433,2.543815136,2.323696137,2.542687893,59.35590744,65000
3257.085584,SHETLAND GP.,Kyrre Fm.,12.23427391,2.612880468,2.381484747,2.544169188,58.88855362,65000
3257.237584,SHETLAND GP.,Kyrre Fm.,12.23169994,2.687808275,2.459347487,2.541349888,54.50093842,65000
3257.389584,SHETLAND GP.,Kyrre Fm.,12.24262333,2.795980215,2.558556557,2.537365437,52.34984589,65000
3257.541584,SHETLAND GP.,Kyrre Fm.,12.24260521,2.864907503,2.642428637,2.529542446,52.74876404,65000
3257.693584,SHETLAND GP.,Kyrre Fm.,12.24305153,2.891792774,2.700718403,2.521994352,53.64035416,65000
3257.845584,SHETLAND GP.,Kyrre Fm.,12.2499733,2.894806624,2.726403952,2.518499136,52.9262352,65000
3257.997584,SHETLAND GP.,Kyrre Fm.,12.25043964,2.874581337,2.712255716,2.519613266,50.84558487,65000
3258.149584,SHETLAND GP.,Kyrre Fm.,12.24271488,2.846526146,2.683810473,2.523746729,49.85863495,65000
3258.301584,SHETLAND GP.,Kyrre Fm.,12.23869991,2.834133387,2.681799173,2.534154415,49.33547211,65000
3258.453584,SHETLAND GP.,Kyrre Fm.,12.24296093,2.830886602,2.695070744,2.545505047,48.86072159,65000
3258.605584,SHETLAND GP.,Kyrre Fm.,12.24145412,2.806291342,2.683259964,2.553424358,49.25630951,65000
3258.757584,SHETLAND GP.,Kyrre Fm.,12.24709892,2.769304514,2.663638115,2.558698416,51.38962174,65000
3258.909584,SHETLAND GP.,Kyrre Fm.,12.24845219,2.758446217,2.6426332,2.56226325,52.67504883,65000
3259.061584,SHETLAND GP.,Kyrre Fm.,12.24151325,2.731430531,2.594995499,2.559073448,50.2001915,65000
3259.213584,SHETLAND GP.,Kyrre Fm.,12.23869991,2.62422204,2.488698244,2.544301033,47.78023911,65000
3259.365584,SHETLAND GP.,Kyrre Fm.,12.23869991,2.503636122,2.358366728,2.527514219,48.9724617,65000
3259.517584,SHETLAND GP.,Kyrre Fm.,12.23456669,2.468726158,2.295817614,2.520791531,53.46395874,65000
3259.669584,SHETLAND GP.,Kyrre Fm.,12.24192238,2.511789322,2.306295872,2.523355246,58.13591385,65000
3259.821584,SHETLAND GP.,Kyrre Fm.,12.2389164,2.584894896,2.346273661,2.52713871,59.0894165,65000
3259.973584,SHETLAND GP.,Kyrre Fm.,12.22965908,2.648949623,2.393409967,2.527542114,57.8565712,65000
3260.125584,SHETLAND GP.,Kyrre Fm.,12.22819996,2.705799818,2.442755222,2.528971434,53.71445084,65000
3260.277584,SHETLAND GP.,Kyrre Fm.,12.22220039,2.755837441,2.502059937,2.531092405,51.08199692,65000
3260.429584,SHETLAND GP.,Kyrre Fm.,12.22578716,2.776613474,2.544725895,2.533324003,50.86182785,65000
3260.581584,SHETLAND GP.,Kyrre Fm.,12.23169994,2.777942181,2.569322825,2.533512592,51.87057495,65000
3260.733584,SHETLAND GP.,Kyrre Fm.,12.22970486,2.774293184,2.585258246,2.533783197,53.17114639,65000
3260.885584,SHETLAND GP.,Kyrre Fm.,12.22819996,2.792891026,2.611088038,2.533636332,55.34311295,65000
3261.037584,SHETLAND GP.,Kyrre Fm.,12.23017407,2.866755247,2.681419849,2.534874201,58.03754044,65000
3261.189584,SHETLAND GP.,Kyrre Fm.,12.22389126,2.940049648,2.751356363,2.541287184,58.86267853,65000
3261.341584,SHETLAND GP.,Kyrre Fm.,12.21192551,3.00497818,2.800144196,2.547729492,55.67580032,65000
3261.493584,SHETLAND GP.,Kyrre Fm.,12.21698093,3.069711447,2.867544174,2.543179274,50.70611191,65000
3261.645584,SHETLAND GP.,Kyrre Fm.,12.22088146,3.095098019,2.914958954,2.543544531,47.75670624,65000
3261.797584,SHETLAND GP.,Kyrre Fm.,12.21780014,3.097098351,2.927533388,2.54865098,45.53618622,65030
3261.949584,SHETLAND GP.,Kyrre Fm.,12.21395779,2.990710974,2.852411032,2.55656457,45.83670425,65030
3262.101584,SHETLAND GP.,Kyrre Fm.,12.21462059,2.811115503,2.699817181,2.573833227,45.45256043,65030
3262.253584,SHETLAND GP.,Kyrre Fm.,12.22154522,2.734431744,2.615590572,2.574361563,43.64389801,65030
3262.405584,SHETLAND GP.,Kyrre Fm.,12.22097015,2.816829205,2.691474915,2.557054758,42.57522965,65030
3262.557584,SHETLAND GP.,Kyrre Fm.,12.21780014,2.98546052,2.820477247,2.526155233,47.73007202,65030
3262.709584,SHETLAND GP.,Kyrre Fm.,12.20659828,3.13660574,2.912086487,2.512635231,53.17583466,65030
3262.861584,SHETLAND GP.,Kyrre Fm.,12.20803738,3.219052553,2.922656059,2.523834705,52.76259232,65000
3263.013584,SHETLAND GP.,Kyrre Fm.,12.22331047,3.21782732,2.907725096,2.530889511,49.31734085,65000
3263.165584,SHETLAND GP.,Kyrre Fm.,12.22271252,3.181232691,2.895414352,2.533038616,47.68380737,65000
3263.317584,SHETLAND GP.,Kyrre Fm.,12.21780014,3.196135521,2.899134636,2.536169052,49.76179504,65000
3263.469584,SHETLAND GP.,Kyrre Fm.,12.21780014,3.263371229,2.956207752,2.5368855,52.34814453,65000
3263.621584,SHETLAND GP.,Kyrre Fm.,12.22319984,3.307725191,3.000669479,2.532332659,51.52965927,65000
3263.773584,SHETLAND GP.,Kyrre Fm.,12.22282314,3.294489145,2.976140738,2.523920059,48.5917244,65030
3263.925584,SHETLAND GP.,Kyrre Fm.,12.22855759,3.260155201,2.936776161,2.516844034,46.14136887,65030
3264.077584,SHETLAND GP.,Kyrre Fm.,12.22800636,3.231378317,2.919780731,2.513465166,45.22639465,65030
3264.229584,SHETLAND GP.,Kyrre Fm.,12.21245956,3.194147587,2.891984701,2.510931969,45.44472122,65030
3264.381584,SHETLAND GP.,Kyrre Fm.,12.21261692,3.157072544,2.920787811,2.5080266,46.11779022,65030
3264.533584,SHETLAND GP.,Kyrre Fm.,12.21427155,3.151869774,2.988883019,2.50786376,45.81190109,65030
3264.685584,SHETLAND GP.,Kyrre Fm.,12.21776485,3.152032852,3.047726631,2.513959408,42.97146988,30000
3264.837584,SHETLAND GP.,Kyrre Fm.,12.21603489,3.079509735,3.04495883,2.524276257,39.09400177,30000
3264.989584,SHETLAND GP.,Kyrre Fm.,12.20730019,2.984559536,2.96985507,2.53332305,35.9249115,30000
3265.141584,SHETLAND GP.,Kyrre Fm.,12.20902729,2.945856333,2.898664475,2.532108069,34.58199692,30000
3265.293584,SHETLAND GP.,Kyrre Fm.,12.21423912,2.892997265,2.795695782,2.521901846,37.97453308,30000
3265.445584,SHETLAND GP.,Kyrre Fm.,12.21780014,2.803547144,2.667085886,2.515316486,45.07417297,30000
3265.597584,SHETLAND GP.,Kyrre Fm.,12.21440411,2.746557474,2.56051302,2.521925211,51.0982132,30000
3265.749584,SHETLAND GP.,Kyrre Fm.,12.20911026,2.723432541,2.512965441,2.537328959,53.88466263,65030
3265.901584,SHETLAND GP.,Kyrre Fm.,12.20480347,2.720262289,2.518507481,2.549873352,53.07633591,65030
3266.053584,SHETLAND GP.,Kyrre Fm.,12.19961929,2.738517046,2.531829357,2.551495791,52.83005905,65000
3266.205584,SHETLAND GP.,Kyrre Fm.,12.20183468,2.767294407,2.549263954,2.545632839,52.39878845,65000
3266.357584,SHETLAND GP.,Kyrre Fm.,12.20238876,2.760988951,2.544716835,2.540066719,50.76241303,65000
3266.509584,SHETLAND GP.,Kyrre Fm.,12.20014286,2.715808153,2.522600174,2.539484739,49.68304825,65000
3266.661584,SHETLAND GP.,Kyrre Fm.,12.2054348,2.756849527,2.560353518,2.543520689,50.86889267,65000
3266.813584,SHETLAND GP.,Kyrre Fm.,12.2121706,2.891324759,2.680190325,2.541831255,52.20513535,65000
3266.965584,SHETLAND GP.,Kyrre Fm.,12.21780014,2.924879313,2.723033905,2.537846088,53.00323486,65000
3267.117584,SHETLAND GP.,Kyrre Fm.,12.21780014,2.831019163,2.6417799,2.539772272,54.23118973,65000
3267.269584,SHETLAND GP.,Kyrre Fm.,12.21300125,2.750127554,2.574589253,2.549930334,53.88562393,65000
3267.421584,SHETLAND GP.,Kyrre Fm.,12.21206856,2.685861588,2.540141344,2.560488701,54.02716065,65000
3267.573584,SHETLAND GP.,Kyrre Fm.,12.21780014,2.651702166,2.528843403,2.558896303,53.80297852,65000
3267.725584,SHETLAND GP.,Kyrre Fm.,12.21780014,2.650565386,2.516142368,2.546047688,53.93432236,65000
3267.877584,SHETLAND GP.,Kyrre Fm.,12.22088051,2.644119263,2.510932207,2.53028369,54.68815231,65000
3268.029584,SHETLAND GP.,Kyrre Fm.,12.2169838,2.652154207,2.514941692,2.519107819,54.74449158,65000
3268.181584,SHETLAND GP.,Kyrre Fm.,12.20501041,2.661659002,2.499591112,2.512706518,53.8588295,65000
3268.333584,SHETLAND GP.,Kyrre Fm.,12.19982243,2.604691029,2.441870928,2.512052298,52.19933319,65000
3268.485584,SHETLAND GP.,Kyrre Fm.,12.20295811,2.51865077,2.352340937,2.518876314,48.38476563,65000
3268.637584,SHETLAND GP.,Kyrre Fm.,12.21080017,2.428716421,2.26374507,2.53016758,47.23628998,65000
3268.789584,SHETLAND GP.,Kyrre Fm.,12.21380806,2.400282145,2.24050951,2.552497625,47.02399445,65000
3268.941584,SHETLAND GP.,Kyrre Fm.,12.21331215,2.448743582,2.285351276,2.597036362,47.28029251,65000
3269.093584,SHETLAND GP.,Kyrre Fm.,12.20581245,2.50459981,2.333415508,2.639576912,48.28117371,65000
3269.245584,SHETLAND GP.,Kyrre Fm.,12.20972157,2.574638844,2.390895367,2.637212992,50.58092499,70000
3269.397584,SHETLAND GP.,Kyrre Fm.,12.21780014,2.645180464,2.447962523,2.589401484,52.88985443,70000
3269.549584,SHETLAND GP.,Kyrre Fm.,12.21342373,2.708285809,2.501025438,2.539911509,54.01948929,70000
3269.701584,SHETLAND GP.,Kyrre Fm.,12.20875073,2.773656845,2.555813313,2.519366026,54.33533859,70000
3269.853584,SHETLAND GP.,Kyrre Fm.,12.2165308,2.835494041,2.610112906,2.516251564,55.56716538,70000
3270.005584,SHETLAND GP.,Kyrre Fm.,12.22756577,2.862468958,2.643650293,2.518871069,57.38166046,65000
3270.157584,SHETLAND GP.,Kyrre Fm.,12.22178936,2.802059174,2.608108044,2.530286789,57.72823334,65000
3270.309584,SHETLAND GP.,Kyrre Fm.,12.21574211,2.709695816,2.530478954,2.541589022,56.60948563,65000
3270.461584,SHETLAND GP.,Kyrre Fm.,12.22121048,2.658774138,2.484640837,2.542103767,53.28794098,65000
3270.613584,SHETLAND GP.,Kyrre Fm.,12.21773911,2.640147209,2.469105005,2.531594276,51.02614212,65000
3270.765584,SHETLAND GP.,Kyrre Fm.,12.22819996,2.63739109,2.468242645,2.520267248,50.0488205,65000
3270.917584,SHETLAND GP.,Kyrre Fm.,12.22410965,2.638914824,2.471465111,2.514586449,53.38188553,65000
3271.069584,SHETLAND GP.,Kyrre Fm.,12.21369457,2.637601137,2.474442482,2.518576622,55.3735199,65000
3271.221584,SHETLAND GP.,Kyrre Fm.,12.21138287,2.63340044,2.477544308,2.527993202,56.71948624,65000
3271.373584,SHETLAND GP.,Kyrre Fm.,12.21780014,2.624330521,2.474772453,2.533838749,56.30065918,65000
3271.525584,SHETLAND GP.,Kyrre Fm.,12.22044087,2.609458447,2.465555906,2.52737689,55.66253662,65000
3271.677584,SHETLAND GP.,Kyrre Fm.,12.22207546,2.596366644,2.455587149,2.520369768,57.17815781,65000
3271.829584,SHETLAND GP.,Kyrre Fm.,12.22173309,2.581353664,2.442651749,2.52472806,57.1537323,65000
3271.981584,SHETLAND GP.,Kyrre Fm.,12.21904278,2.573649168,2.429296732,2.541991234,56.15696335,65000
3272.133584,SHETLAND GP.,Kyrre Fm.,12.20640469,2.578820229,2.426594973,2.549225569,55.18660736,65000
3272.285584,SHETLAND GP.,Kyrre Fm.,12.20950604,2.602074623,2.438362122,2.545290947,55.76082611,65000
3272.437584,SHETLAND GP.,Kyrre Fm.,12.20347786,2.621175051,2.445992947,2.536521196,55.5094986,65000
3272.589584,SHETLAND GP.,Kyrre Fm.,12.19941711,2.609377861,2.425347328,2.534131765,54.0316391,65000
3272.741584,SHETLAND GP.,Kyrre Fm.,12.2063303,2.562075138,2.373479366,2.537920475,52.78703308,65000
3272.893584,SHETLAND GP.,Kyrre Fm.,12.20828629,2.491817474,2.317897081,2.543779135,54.10068512,65000
3273.045584,SHETLAND GP.,Kyrre Fm.,12.20504952,2.451881886,2.283813715,2.550914049,54.33433151,65000
3273.197584,SHETLAND GP.,Kyrre Fm.,12.20361137,2.448945522,2.281979084,2.54899478,55.26695252,65000
3273.349584,SHETLAND GP.,Kyrre Fm.,12.20179081,2.467773676,2.281296015,2.539768696,54.04135132,65000
3273.501584,SHETLAND GP.,Kyrre Fm.,12.20595551,2.494876146,2.295518875,2.528931618,52.42209244,65000
3273.653584,SHETLAND GP.,Kyrre Fm.,12.20050144,2.542775154,2.325019121,2.52561903,49.56599808,65000
3273.805584,SHETLAND GP.,Kyrre Fm.,12.2060957,2.621896029,2.387873173,2.523455143,48.11065292,65000
3273.957584,SHETLAND GP.,Kyrre Fm.,12.20144558,2.689648628,2.457718372,2.517970324,48.26290131,65000
3274.109584,SHETLAND GP.,Kyrre Fm.,12.20396233,2.714725256,2.509819508,2.511044264,49.45739746,65000
3274.261584,SHETLAND GP.,Kyrre Fm.,12.21780014,2.717292547,2.529718161,2.511156559,50.5336113,65000
3274.413584,SHETLAND GP.,Kyrre Fm.,12.2142992,2.680028439,2.519496918,2.528502226,50.09999466,65000
3274.565584,SHETLAND GP.,Kyrre Fm.,12.20386219,2.593094587,2.462118626,2.57165432,48.71969986,65000
3274.717584,SHETLAND GP.,Kyrre Fm.,12.19690037,2.503843069,2.393473864,2.620969296,47.99596024,65000
3274.869584,SHETLAND GP.,Kyrre Fm.,12.20028019,2.493159533,2.385654211,2.629427195,49.11087799,65000
3275.021584,SHETLAND GP.,Kyrre Fm.,12.20843029,2.575648546,2.457069159,2.60861969,51.44667816,65000
3275.173584,SHETLAND GP.,Kyrre Fm.,12.21080017,2.650200129,2.51079607,2.570780754,51.78356552,65000
3275.325584,SHETLAND GP.,Kyrre Fm.,12.21302414,2.663945675,2.511279583,2.556656122,53.7758522,65000
3275.477584,SHETLAND GP.,Kyrre Fm.,12.21449852,2.670794487,2.500468493,2.543095827,54.11854553,65000
3275.629584,SHETLAND GP.,Kyrre Fm.,12.2089386,2.673465967,2.499869347,2.533051968,56.26912689,65000
3275.781584,SHETLAND GP.,Kyrre Fm.,12.21417713,2.68395114,2.498142242,2.526473045,57.02151489,65000
3275.933584,SHETLAND GP.,Kyrre Fm.,12.21780014,2.694831371,2.498865604,2.520246506,57.05341721,65000
3276.085584,SHETLAND GP.,Kyrre Fm.,12.2146101,2.684218645,2.496130943,2.518593788,56.03011322,65000
3276.237584,SHETLAND GP.,Kyrre Fm.,12.21254635,2.661287308,2.478614569,2.515328646,53.47413254,65000
3276.389584,SHETLAND GP.,Kyrre Fm.,12.22054005,2.674284697,2.490254879,2.513532877,51.09546661,65000
3276.541584,SHETLAND GP.,Kyrre Fm.,12.21595955,2.712185144,2.525683403,2.508220196,48.74305344,65000
3276.693584,SHETLAND GP.,Kyrre Fm.,12.22309971,2.719987392,2.527465105,2.501191378,47.11040497,65000
3276.845584,SHETLAND GP.,Kyrre Fm.,12.2047205,2.713367224,2.52041626,2.501414299,46.64112091,65030
3276.997584,SHETLAND GP.,Kyrre Fm.,12.19192123,2.720942974,2.528265715,2.513072491,48.41135025,65030
3277.149584,SHETLAND GP.,Kyrre Fm.,12.19987869,2.737814665,2.544659853,2.528588533,49.29271698,65030
3277.301584,SHETLAND GP.,Kyrre Fm.,12.20435047,2.764210224,2.570573807,2.530523539,50.85422897,65030
3277.453584,SHETLAND GP.,Kyrre Fm.,12.20079613,2.804596901,2.603096247,2.524497271,51.89387894,65030
3277.605584,SHETLAND GP.,Kyrre Fm.,12.20693588,2.833043814,2.629048824,2.517772436,55.26741028,65000
3277.757584,SHETLAND GP.,Kyrre Fm.,12.19690037,2.801318646,2.599186182,2.52007556,54.59468079,65000
3277.909584,SHETLAND GP.,Kyrre Fm.,12.20260716,2.772620201,2.582877874,2.524210692,52.22229767,65000
3278.061584,SHETLAND GP.,Kyrre Fm.,12.21780014,2.790277004,2.598332167,2.530585051,48.92151642,65000
3278.213584,SHETLAND GP.,Kyrre Fm.,12.21592808,2.833641052,2.611455917,2.537785053,51.37511444,65000
3278.365584,SHETLAND GP.,Kyrre Fm.,12.20894432,2.864122391,2.62992239,2.5362854,55.06053162,65000
3278.517584,SHETLAND GP.,Kyrre Fm.,12.20198917,2.893601179,2.65706563,2.536248684,55.28948593,65000
3278.669584,SHETLAND GP.,Kyrre Fm.,12.19959354,2.92300415,2.684669733,2.535399199,52.97954178,65000
3278.821584,SHETLAND GP.,Kyrre Fm.,12.20819855,2.968915939,2.748221159,2.538863421,49.49679947,65000
3278.973584,SHETLAND GP.,Kyrre Fm.,12.21258164,2.958770514,2.760969877,2.542285681,48.43021393,65000
3279.125584,SHETLAND GP.,Kyrre Fm.,12.21780014,2.849594832,2.694061518,2.540227413,47.72880936,65000
3279.277584,SHETLAND GP.,Kyrre Fm.,12.21951389,2.697603226,2.575586796,2.537846804,47.67313004,65000
3279.429584,SHETLAND GP.,Kyrre Fm.,12.21785832,2.607965708,2.496917725,2.525952578,49.11902618,65000
3279.581584,SHETLAND GP.,Kyrre Fm.,12.19858265,2.550213337,2.425218821,2.519990444,50.920681,65000
3279.733584,SHETLAND GP.,Kyrre Fm.,12.2038002,2.397117853,2.295822859,2.52022624,53.35657501,65000
3279.885584,SHETLAND GP.,Kyrre Fm.,12.2021513,2.26140976,2.130931139,2.52651763,53.67030335,65000
3280.037584,SHETLAND GP.,Kyrre Fm.,12.20182228,2.289990425,2.15324831,2.523039341,54.50395203,65000
3280.189584,SHETLAND GP.,Kyrre Fm.,12.21535111,2.393622398,2.221399307,2.511875153,52.79953384,65000
3280.341584,SHETLAND GP.,Kyrre Fm.,12.20972538,2.505078793,2.295263052,2.498329878,51.9663353,65000
3280.493584,SHETLAND GP.,Kyrre Fm.,12.21937561,2.60045743,2.356481791,2.495305538,48.05021668,65030
3280.645584,SHETLAND GP.,Kyrre Fm.,12.22000027,2.610246897,2.351214171,2.496314764,44.21201706,65030
3280.797584,SHETLAND GP.,Kyrre Fm.,12.20691681,2.62989378,2.364994288,2.49564147,44.53429794,65030
3280.949584,SHETLAND GP.,Kyrre Fm.,12.21625805,2.68044734,2.392881155,2.486679554,45.67565155,65030
3281.101584,SHETLAND GP.,Kyrre Fm.,12.21687508,2.631802321,2.346086979,2.477092028,48.67311096,65030
3281.253584,SHETLAND GP.,Kyrre Fm.,12.23272324,2.481385946,2.225769997,2.482291937,50.46535492,65030
3281.405584,SHETLAND GP.,Kyrre Fm.,12.21228409,2.35855794,2.129412651,2.501902103,54.49745178,65000
3281.557584,SHETLAND GP.,Kyrre Fm.,12.21924686,2.311588049,2.098664045,2.531404734,55.31137466,65000
3281.709584,SHETLAND GP.,Kyrre Fm.,12.21893215,2.342047453,2.132026672,2.573239088,53.16921997,65000
3281.861584,SHETLAND GP.,Kyrre Fm.,12.19546604,2.405252695,2.198020935,2.614667893,48.6064682,65000
3282.013584,SHETLAND GP.,Kyrre Fm.,12.19410896,2.460351467,2.268157482,2.614025354,49.02606964,65000
3282.165584,SHETLAND GP.,Kyrre Fm.,12.21219349,2.510882139,2.338502646,2.584600449,48.75946808,65000
3282.317584,SHETLAND GP.,Kyrre Fm.,12.21984673,2.547801971,2.397408009,2.547382832,50.83705139,65000
3282.469584,SHETLAND GP.,Kyrre Fm.,12.2278595,2.564578772,2.436805725,2.542143822,52.89828491,65000
3282.621584,SHETLAND GP.,Kyrre Fm.,12.22611523,2.572456121,2.46295929,2.544762373,54.79249191,65000
3282.773584,SHETLAND GP.,Kyrre Fm.,12.22535992,2.570034981,2.472657442,2.547129154,55.53759384,65000
3282.925584,SHETLAND GP.,Kyrre Fm.,12.22626305,2.576346874,2.487842798,2.550718546,53.55332565,65000
3283.077584,SHETLAND GP.,Kyrre Fm.,12.22035313,2.588943005,2.501812458,2.551314354,53.16238785,65000
3283.229584,SHETLAND GP.,Kyrre Fm.,12.23233032,2.578505278,2.485094786,2.552537441,52.41745758,65000
3283.381584,SHETLAND GP.,Kyrre Fm.,12.23582268,2.548904896,2.45070219,2.545050144,52.07775497,65000
3283.533584,SHETLAND GP.,Kyrre Fm.,12.23685646,2.520761013,2.415617466,2.529762507,51.40068817,65000
3283.685584,SHETLAND GP.,Kyrre Fm.,12.22639751,2.507189274,2.391846657,2.514460087,52.25037766,65000
3283.837584,SHETLAND GP.,Kyrre Fm.,12.21957588,2.503765822,2.378264904,2.509192705,53.75572586,65000
3283.989584,SHETLAND GP.,Kyrre Fm.,12.22819996,2.503566504,2.362727642,2.507348776,55.33413696,65000
3284.141584,SHETLAND GP.,Kyrre Fm.,12.22993183,2.512274504,2.360926867,2.505616665,54.88643646,65000
3284.293584,SHETLAND GP.,Kyrre Fm.,12.23642254,2.568718672,2.403625965,2.508189201,53.39257431,65000
3284.445584,SHETLAND GP.,Kyrre Fm.,12.22469997,2.630610943,2.444961309,2.523050308,53.61655426,65000
3284.597584,SHETLAND GP.,Kyrre Fm.,12.22469997,2.642389774,2.467740297,2.534097433,51.04641342,65000
3284.749584,SHETLAND GP.,Kyrre Fm.,12.22363472,2.629229784,2.457010031,2.535453081,51.85427094,65000
3284.901584,SHETLAND GP.,Kyrre Fm.,12.21884918,2.608740568,2.445010424,2.533750296,50.71389389,65000
3285.053584,SHETLAND GP.,Kyrre Fm.,12.22262096,2.581886053,2.42892623,2.531471014,50.42290878,65000
3285.205584,SHETLAND GP.,Kyrre Fm.,12.21182156,2.577735663,2.403192759,2.527775526,51.01979828,65000
3285.357584,SHETLAND GP.,Kyrre Fm.,12.21879196,2.554890394,2.373223305,2.516611576,52.06111527,65000
3285.509584,SHETLAND GP.,Kyrre Fm.,12.22469997,2.499021769,2.319586039,2.514237404,54.5126915,65000
3285.661584,SHETLAND GP.,Kyrre Fm.,12.22373962,2.493037462,2.299440622,2.519712925,53.24830627,65000
3285.813584,SHETLAND GP.,Kyrre Fm.,12.21684361,2.545687914,2.344756365,2.534261227,52.99938965,65000
3285.965584,SHETLAND GP.,Kyrre Fm.,12.21173191,2.599239111,2.397621393,2.539859772,50.92011643,65000
3286.117584,SHETLAND GP.,Kyrre Fm.,12.21780014,2.629120112,2.420769692,2.540088892,52.11899185,65000
3286.269584,SHETLAND GP.,Kyrre Fm.,12.21868706,2.667355537,2.466319323,2.534699917,53.94035339,65000
3286.421584,SHETLAND GP.,Kyrre Fm.,12.22206497,2.676878691,2.502771854,2.534183025,58.99250794,65000
3286.573584,SHETLAND GP.,Kyrre Fm.,12.20551395,2.666873694,2.509612322,2.530134678,55.84261704,65000
3286.725584,SHETLAND GP.,Kyrre Fm.,12.21780014,2.644301653,2.506084919,2.525718212,55.59527588,65000
3286.877584,SHETLAND GP.,Kyrre Fm.,12.21861363,2.634640217,2.514567137,2.51718688,52.89495468,65000
3287.029584,SHETLAND GP.,Kyrre Fm.,12.22510433,2.650708437,2.540961981,2.512565374,54.01730347,65000
3287.181584,SHETLAND GP.,Kyrre Fm.,12.22819996,2.657705069,2.546098948,2.513608217,52.90634155,65000
3287.333584,SHETLAND GP.,Kyrre Fm.,12.22477055,2.665885687,2.560103655,2.525982857,51.38386154,65000
3287.485584,SHETLAND GP.,Kyrre Fm.,12.19914246,2.680657387,2.569884539,2.543312311,51.74272537,65000
3287.637584,SHETLAND GP.,Kyrre Fm.,12.21669769,2.685846329,2.56501174,2.554103851,50.54660034,65000
3287.789584,SHETLAND GP.,Kyrre Fm.,12.20730019,2.71408844,2.581259012,2.558837891,51.41604233,65000
3287.941584,SHETLAND GP.,Kyrre Fm.,12.20833874,2.735949993,2.582007885,2.547285557,54.11971664,65000
3288.093584,SHETLAND GP.,Kyrre Fm.,12.21780014,2.753089905,2.589006424,2.541797638,51.8940506,65000
3288.245584,SHETLAND GP.,Kyrre Fm.,12.21780014,2.756989479,2.562129974,2.535527468,51.56203842,65000
3288.397584,SHETLAND GP.,Kyrre Fm.,12.21587753,2.773009539,2.585096359,2.548008442,49.64090729,65000
3288.549584,SHETLAND GP.,Kyrre Fm.,12.19997311,2.821660996,2.622672796,2.555185556,49.42688751,65000
3288.701584,SHETLAND GP.,Kyrre Fm.,12.23050404,2.856029511,2.655492783,2.556205273,48.33882523,65000
3288.853584,SHETLAND GP.,Kyrre Fm.,12.21721363,2.867487669,2.66215682,2.545686245,45.48585129,65000
3289.005584,SHETLAND GP.,Kyrre Fm.,12.21080017,2.78871727,2.602646351,2.534860611,46.06813812,65000
3289.157584,SHETLAND GP.,Kyrre Fm.,12.20972061,2.751145601,2.538381577,2.53842926,46.53866196,65000
3289.309584,SHETLAND GP.,Kyrre Fm.,12.19794846,2.732156038,2.505353451,2.545937777,47.0136261,65000
3289.461584,SHETLAND GP.,Kyrre Fm.,12.20978355,2.746410847,2.499945641,2.54545641,45.22781372,65000
3289.613584,SHETLAND GP.,Kyrre Fm.,12.19690037,2.827921629,2.548917294,2.531259537,43.42183685,65000
3289.765584,SHETLAND GP.,Kyrre Fm.,12.19761276,2.865030289,2.568964481,2.501146078,41.28054428,70000
3289.917584,SHETLAND GP.,Kyrre Fm.,12.20730019,2.863107443,2.568666935,2.491275787,38.87135696,70000
3290.069584,SHETLAND GP.,Kyrre Fm.,12.20722771,2.813657761,2.535914183,2.498375893,46.27012634,70000
3290.221584,SHETLAND GP.,Kyrre Fm.,12.20606422,2.871283054,2.596264362,2.524361849,49.23652268,70000
3290.373584,SHETLAND GP.,Kyrre Fm.,12.20490074,2.870425224,2.647187233,2.537689924,53.60228348,70000
3290.525584,SHETLAND GP.,Kyrre Fm.,12.20455837,2.90716219,2.669599056,2.53552103,51.12033463,70000
3290.677584,SHETLAND GP.,Kyrre Fm.,12.21725559,2.826775789,2.606618881,2.528806448,50.61805344,70000
3290.829584,SHETLAND GP.,Kyrre Fm.,12.20678425,2.742285252,2.541512728,2.52680707,46.88524246,65000
3290.981584,SHETLAND GP.,Kyrre Fm.,12.19788933,2.743665457,2.54929781,2.521403313,43.83398438,65000
3291.133584,SHETLAND GP.,Kyrre Fm.,12.21825314,2.777343512,2.586200714,2.525752544,45.05578232,65000
3291.285584,SHETLAND GP.,Kyrre Fm.,12.22777081,2.779827118,2.602025032,2.531882048,46.93181229,65000
3291.437584,SHETLAND GP.,Kyrre Fm.,12.21820545,2.762865782,2.61083889,2.545731545,51.56134796,65000
3291.589584,SHETLAND GP.,Kyrre Fm.,12.22819996,2.728693485,2.5839293,2.553749561,51.17586136,65000
3291.741584,SHETLAND GP.,Kyrre Fm.,12.22785759,2.696554899,2.565983057,2.54958272,48.80712509,65000
3291.893584,SHETLAND GP.,Kyrre Fm.,12.21780014,2.762271881,2.635615826,2.54297328,45.65116119,65000
3292.045584,SHETLAND GP.,Kyrre Fm.,12.21819496,2.838526249,2.716491461,2.535862446,46.048069,65000
3292.197584,SHETLAND GP.,Kyrre Fm.,12.23188305,2.880199671,2.760611057,2.538164616,49.7635994,65000
3292.349584,SHETLAND GP.,Kyrre Fm.,12.23869991,2.869042873,2.757371426,2.544326305,51.67093658,65000
3292.501584,SHETLAND GP.,Kyrre Fm.,12.23849011,2.871000052,2.760325909,2.545401812,52.26502991,65000
3292.653584,SHETLAND GP.,Kyrre Fm.,12.22826195,2.879967213,2.760767222,2.545286894,53.44982147,65000
3292.805584,SHETLAND GP.,Kyrre Fm.,12.23137569,2.83310318,2.713890791,2.533406973,55.53993225,65000
3292.957584,SHETLAND GP.,Kyrre Fm.,12.21089268,2.78266263,2.662521124,2.527404785,56.0540657,65000
3293.109584,SHETLAND GP.,Kyrre Fm.,12.21789742,2.794928551,2.664058685,2.520318747,51.13352203,65000
3293.261584,SHETLAND GP.,Kyrre Fm.,12.22812557,2.80819273,2.659459591,2.522291422,50.29052353,65000
3293.413584,SHETLAND GP.,Kyrre Fm.,12.21783352,2.765122175,2.625750303,2.52109766,51.66491318,65000
3293.565584,SHETLAND GP.,Kyrre Fm.,12.2246542,2.708244562,2.574655533,2.520616531,53.04434967,65000
3293.717584,SHETLAND GP.,Kyrre Fm.,12.20732212,2.648973703,2.519568682,2.526892185,56.30334473,65000
3293.869584,SHETLAND GP.,Kyrre Fm.,12.23859024,2.588711262,2.464194059,2.537462711,54.41992569,65000
3294.021584,SHETLAND GP.,Kyrre Fm.,12.22478008,2.549426317,2.422540188,2.547740698,58.86463547,65000
3294.173584,SHETLAND GP.,Kyrre Fm.,12.21785545,2.546323061,2.401666641,2.543534279,56.93379974,65000
3294.325584,SHETLAND GP.,Kyrre Fm.,12.20394421,2.588264704,2.431191921,2.52895093,61.34912872,65000
3294.477584,SHETLAND GP.,Kyrre Fm.,12.23820782,2.618769884,2.431992769,2.523476124,56.239357,65000
3294.629584,SHETLAND GP.,Kyrre Fm.,12.20781422,2.508248091,2.321048021,2.530973911,56.25678253,65000
3294.781584,SHETLAND GP.,Kyrre Fm.,12.22437573,2.485104561,2.271407604,2.538165808,52.31352615,65000
3294.933584,SHETLAND GP.,Kyrre Fm.,12.21794415,2.507708788,2.237308264,2.539768934,51.79506302,65000
3295.085584,SHETLAND GP.,Kyrre Fm.,12.21097279,2.514929533,2.273758173,2.530827522,51.43556976,65000
3295.237584,SHETLAND GP.,Kyrre Fm.,12.20398903,2.505272865,2.273337841,2.524470329,50.71972656,65000
3295.389584,SHETLAND GP.,Kyrre Fm.,12.22748566,2.43840766,2.249031782,2.518863678,53.43397141,65000
3295.541584,SHETLAND GP.,Kyrre Fm.,12.2181282,2.552713871,2.362967491,2.510468006,52.73261261,65000
3295.693584,SHETLAND GP.,Kyrre Fm.,12.23796177,2.693580151,2.511111736,2.511743546,49.20244217,65000
3295.845584,SHETLAND GP.,Kyrre Fm.,12.22859478,2.834581614,2.660080433,2.512377262,46.04324341,65000
3295.997584,SHETLAND GP.,Kyrre Fm.,12.2081337,2.970282078,2.78916955,2.526705504,45.05196762,65000
3296.149584,SHETLAND GP.,Kyrre Fm.,12.21065235,3.012193918,2.846694231,2.538890123,48.14757538,65000
3296.301584,SHETLAND GP.,Kyrre Fm.,12.23746109,3.039983034,2.886363506,2.543031216,49.50731278,65000
3296.453584,SHETLAND GP.,Kyrre Fm.,12.23869991,3.014930248,2.868206978,2.537108421,49.91017914,65000
3296.605584,SHETLAND GP.,Kyrre Fm.,12.2287302,2.916943312,2.780417919,2.538888931,48.03055191,65000
3296.757584,SHETLAND GP.,Kyrre Fm.,12.20840359,2.837632656,2.730238676,2.551787376,46.77399063,65000
3296.909584,SHETLAND GP.,Kyrre Fm.,12.22704983,2.769242525,2.634243012,2.571399212,49.94241333,65000
3297.061584,SHETLAND GP.,Kyrre Fm.,12.23808289,2.748370171,2.608376026,2.573911667,50.99848557,65000
3297.213584,SHETLAND GP.,Kyrre Fm.,12.22555637,2.761852026,2.615831375,2.567709684,54.62285614,65000
3297.365584,SHETLAND GP.,Kyrre Fm.,12.22797775,2.779003143,2.608532667,2.564209223,50.47140122,65000
3297.517584,SHETLAND GP.,Kyrre Fm.,12.20540237,2.760105133,2.603141308,2.56381321,51.85892487,65000
3297.669584,SHETLAND GP.,Kyrre Fm.,12.23627758,2.688254595,2.540264368,2.559612274,52.65346527,65000
3297.821584,SHETLAND GP.,Kyrre Fm.,12.22895336,2.601038218,2.462177992,2.543798685,52.73323059,65000
3297.973584,SHETLAND GP.,Kyrre Fm.,12.22495937,2.499233246,2.372514963,2.530840397,54.09638977,65000
3298.125584,SHETLAND GP.,Kyrre Fm.,12.21832657,2.422691584,2.295321226,2.525835753,53.38005447,65000
3298.277584,SHETLAND GP.,Kyrre Fm.,12.23705864,2.389356613,2.27088666,2.527987957,53.42652512,65000
3298.429584,SHETLAND GP.,Kyrre Fm.,12.21951962,2.391588688,2.243144751,2.529760122,49.09831238,65000
3298.581584,SHETLAND GP.,Kyrre Fm.,12.23693085,2.337080002,2.172058344,2.522943497,51.03581619,65000
3298.733584,SHETLAND GP.,Kyrre Fm.,12.22591686,2.279497862,2.112558842,2.515634537,53.92065811,65000
3298.885584,SHETLAND GP.,Kyrre Fm.,12.22469997,2.253004551,2.089829922,2.516275168,58.13332367,65000
3299.037584,SHETLAND GP.,Kyrre Fm.,12.2373991,2.247997284,2.089279175,2.526106119,57.03795242,65000
3299.189584,SHETLAND GP.,Kyrre Fm.,12.21979141,2.255842447,2.107675076,2.537051678,58.6817627,65000
3299.341584,SHETLAND GP.,Kyrre Fm.,12.20832443,2.268702507,2.13604188,2.537017107,55.76908875,65000
3299.493584,SHETLAND GP.,Kyrre Fm.,12.20414925,2.300336599,2.167165995,2.53428936,53.63503265,65000
3299.645584,SHETLAND GP.,Kyrre Fm.,12.19761467,2.254482031,2.135963917,2.528083086,50.50189209,65000
3299.797584,SHETLAND GP.,Kyrre Fm.,12.22801399,2.117281199,2.03311491,2.528562307,52.92643738,65000
3299.949584,SHETLAND GP.,Kyrre Fm.,12.21930409,2.095189571,2.010341406,2.536191464,53.72352219,65000
3300.101584,SHETLAND GP.,Kyrre Fm.,12.21780014,2.359134674,2.257722616,2.549198151,55.86875534,65000
3300.253584,SHETLAND GP.,Kyrre Fm.,12.23634434,2.634767771,2.485316515,2.557443619,53.88266373,65000
3300.405584,SHETLAND GP.,Kyrre Fm.,12.23869991,2.708456278,2.558369637,2.557062626,53.45320129,65000
3300.557584,SHETLAND GP.,Kyrre Fm.,12.22636318,2.698502779,2.538792849,2.555225849,51.9935379,65000
3300.709584,SHETLAND GP.,Kyrre Fm.,12.22777653,2.701058388,2.568699598,2.550956965,50.82763672,65000
3300.861584,SHETLAND GP.,Kyrre Fm.,12.21908283,2.72282815,2.603545427,2.54329896,51.34350586,65000
3301.013584,SHETLAND GP.,Kyrre Fm.,12.211689,2.763863802,2.653022766,2.532522202,50.48347855,70000
3301.165584,SHETLAND GP.,Kyrre Fm.,12.22594738,2.820850372,2.709831476,2.541633844,50.02847672,70000
3301.317584,SHETLAND GP.,Kyrre Fm.,12.21005249,2.872175932,2.760541916,2.576977253,47.92923737,70000
3301.469584,SHETLAND GP.,Kyrre Fm.,12.21033096,2.913961649,2.79212904,2.596389771,45.41562653,70000
3301.621584,SHETLAND GP.,Kyrre Fm.,12.22278786,2.93233633,2.810143709,2.587733507,47.27001953,65000
3301.773584,SHETLAND GP.,Kyrre Fm.,12.23673916,2.920640945,2.828996897,2.5653615,51.37227631,65000
3301.925584,SHETLAND GP.,Kyrre Fm.,12.23869991,2.917456627,2.85597229,2.55368042,59.32180786,65000
3302.077584,SHETLAND GP.,Kyrre Fm.,12.23271179,2.924400091,2.892420769,2.561709642,56.95227814,65000
3302.229584,SHETLAND GP.,Kyrre Fm.,12.22572804,2.948294163,2.926566362,2.563982487,54.29378891,65000
3302.381584,SHETLAND GP.,Kyrre Fm.,12.22767353,2.912865877,2.917482376,2.568262816,49.46160126,65000
3302.533584,SHETLAND GP.,Kyrre Fm.,12.23709393,2.850248575,2.834021807,2.572388172,51.43792343,65000
3302.685584,SHETLAND GP.,Kyrre Fm.,12.22104359,2.812912941,2.743283749,2.581194639,50.13047409,65000
3302.837584,SHETLAND GP.,Kyrre Fm.,12.21190262,2.776894569,2.664761305,2.594495535,47.80714035,65000
3302.989584,SHETLAND GP.,Kyrre Fm.,12.20786381,2.768415451,2.615954399,2.609619618,48.95893097,65000
3303.141584,SHETLAND GP.,Kyrre Fm.,12.20730019,2.789647102,2.58991313,2.592193127,51.68449402,65000
3303.293584,SHETLAND GP.,Kyrre Fm.,12.21605873,2.781721115,2.568181992,2.565693855,54.447258,65000
3303.445584,SHETLAND GP.,Kyrre Fm.,12.21197701,2.699852467,2.493887425,2.535743475,53.7685051,65000
3303.597584,SHETLAND GP.,Kyrre Fm.,12.21659851,2.570070505,2.384342194,2.532173872,52.41098785,65000
3303.749584,SHETLAND GP.,Kyrre Fm.,12.21780014,2.464250565,2.309271574,2.532995462,50.66481781,65000
3303.901584,SHETLAND GP.,Kyrre Fm.,12.20915318,2.430099726,2.291588068,2.531041145,52.42993164,65000
3304.053584,SHETLAND GP.,Kyrre Fm.,12.22159004,2.422722101,2.287754059,2.526986361,52.72727203,65000
3304.205584,SHETLAND GP.,Kyrre Fm.,12.21331596,2.383323908,2.258533955,2.530622721,54.8029747,65000
3304.357584,SHETLAND GP.,Kyrre Fm.,12.21650887,2.3279109,2.207594156,2.52874589,54.66274643,65000
3304.509584,SHETLAND GP.,Kyrre Fm.,12.20081043,2.279337168,2.157260895,2.527856112,56.16255951,65000
3304.661584,SHETLAND GP.,Kyrre Fm.,12.20249367,2.295730352,2.156106472,2.515234947,56.67411423,65000
3304.813584,SHETLAND GP.,Kyrre Fm.,12.20945454,2.379044533,2.210303545,2.507369041,55.82452774,65000
3304.965584,SHETLAND GP.,Kyrre Fm.,12.21643257,2.413175106,2.234128952,2.501612425,54.89608002,65030
3305.117584,SHETLAND GP.,Kyrre Fm.,12.19541645,2.443716049,2.256556034,2.509004355,51.79438782,65030
3305.269584,SHETLAND GP.,Kyrre Fm.,12.19550037,2.50246191,2.295161247,2.517020226,52.96226502,65030
3305.421584,SHETLAND GP.,Kyrre Fm.,12.20798969,2.528743029,2.323624134,2.523366451,52.83114624,65000
3305.573584,SHETLAND GP.,Kyrre Fm.,12.23295975,2.495485544,2.300266266,2.526188374,56.45553589,65000
3305.725584,SHETLAND GP.,Kyrre Fm.,12.22215462,2.447683811,2.264875412,2.528895855,54.27040863,65000
3305.877584,SHETLAND GP.,Kyrre Fm.,12.21780014,2.403497934,2.230423689,2.530763149,52.87211609,65000
3306.029584,SHETLAND GP.,Kyrre Fm.,12.22323132,2.377397776,2.210054874,2.533067942,50.27547073,65000
3306.181584,SHETLAND GP.,Kyrre Fm.,12.22469997,2.381028175,2.22342658,2.527017355,51.90433884,65000
3306.333584,SHETLAND GP.,Kyrre Fm.,12.22469997,2.413994312,2.232161284,2.524106503,54.65695572,65000
3306.485584,SHETLAND GP.,Kyrre Fm.,12.22742558,2.450557709,2.248096705,2.520451307,54.68507767,65000
3306.637584,SHETLAND GP.,Kyrre Fm.,12.22012425,2.460052967,2.246165514,2.524081469,54.80653763,65000
3306.789584,SHETLAND GP.,Kyrre Fm.,12.21780014,2.464990616,2.244864464,2.525322676,53.90325165,65000
3306.941584,SHETLAND GP.,Kyrre Fm.,12.21780014,2.496359825,2.258873701,2.518979788,54.10703278,65000
3307.093584,SHETLAND GP.,Kyrre Fm.,12.23385429,2.506682634,2.274522305,2.515179634,54.74139023,65000
3307.245584,SHETLAND GP.,Kyrre Fm.,12.22797775,2.519047976,2.292245626,2.515365839,52.38458252,65000
3307.397584,SHETLAND GP.,Kyrre Fm.,12.22737312,2.499409199,2.286520243,2.524839878,49.1201973,65000
3307.549584,SHETLAND GP.,Kyrre Fm.,12.22819996,2.462934017,2.267892838,2.548072338,47.7939148,65000
3307.701584,SHETLAND GP.,Kyrre Fm.,12.22554874,2.259776354,2.10172534,2.577074051,47.06863403,65000
3307.853584,SHETLAND GP.,Kyrre Fm.,12.20891571,2.08864069,1.956523538,2.57727623,47.71545792,65000
3308.005584,SHETLAND GP.,Kyrre Fm.,12.20731258,2.093510151,1.964377165,2.561295271,51.13087463,65030
3308.157584,SHETLAND GP.,Kyrre Fm.,12.21196556,2.137431383,2.008605719,2.533564091,51.49100876,65030
3308.309584,SHETLAND GP.,Kyrre Fm.,12.21661949,2.204015255,2.07193017,2.527069569,50.59700012,65030
3308.461584,SHETLAND GP.,Kyrre Fm.,12.20737553,2.252289534,2.104543686,2.52623415,51.30649948,65030
3308.613584,SHETLAND GP.,Kyrre Fm.,12.21419334,2.304912329,2.135582924,2.533594847,50.40186691,65000
3308.765584,SHETLAND GP.,Kyrre Fm.,12.21261978,2.317405701,2.180199623,2.543109179,56.27822876,65000
3308.917584,SHETLAND GP.,Kyrre Fm.,12.20822144,2.302750588,2.184449196,2.544321299,61.32810211,65000
3309.069584,SHETLAND GP.,Kyrre Fm.,12.21500683,2.282385826,2.169829369,2.540009737,63.80881119,65000
3309.221584,SHETLAND GP.,Kyrre Fm.,12.22797108,2.264506578,2.155428886,2.536843777,60.48561096,65000
3309.373584,SHETLAND GP.,Kyrre Fm.,12.23169994,2.267513752,2.14207077,2.532333612,56.28512192,65000
3309.525584,SHETLAND GP.,Kyrre Fm.,12.23678207,2.269065619,2.135523081,2.521533728,55.11964417,65000
3309.677584,SHETLAND GP.,Kyrre Fm.,12.22358131,2.301151753,2.121885538,2.511923552,55.85830689,65000
3309.829584,SHETLAND GP.,Kyrre Fm.,12.21022892,2.291461706,2.116306782,2.509311676,56.29104233,65000
3309.981584,SHETLAND GP.,Kyrre Fm.,12.21484852,2.250623226,2.087317467,2.513297558,55.56945419,65000
3310.133584,SHETLAND GP.,Kyrre Fm.,12.21028805,2.18741703,2.039540291,2.520552158,56.43710327,65000
3310.285584,SHETLAND GP.,Kyrre Fm.,12.22219658,2.138861418,2.004686832,2.531638145,55.33646774,65000
3310.437584,SHETLAND GP.,Kyrre Fm.,12.22571373,2.077878952,1.963178039,2.563193321,54.43619537,65000
3310.589584,SHETLAND GP.,Kyrre Fm.,12.209898,1.995800495,1.901015282,2.613057137,52.6643486,65000
3310.741584,SHETLAND GP.,Kyrre Fm.,12.21368408,1.970582366,1.885377049,2.628970623,55.44495392,65000
3310.893584,SHETLAND GP.,Kyrre Fm.,12.22510719,2.072154522,1.985001087,2.607711315,57.78154755,65000
3311.045584,SHETLAND GP.,Kyrre Fm.,12.21357346,2.237155676,2.137467861,2.564336777,59.05034256,65000
3311.197584,SHETLAND GP.,Kyrre Fm.,12.22432137,2.326263666,2.22228241,2.549739361,58.29088211,65000
3311.349584,SHETLAND GP.,Kyrre Fm.,12.23169994,2.365702629,2.254949331,2.54861784,56.15410614,65000
3311.501584,SHETLAND GP.,Kyrre Fm.,12.22927761,2.388732433,2.261577368,2.546577692,55.94911957,65000
3311.653584,SHETLAND GP.,Kyrre Fm.,12.22103214,2.395709515,2.279564619,2.54424572,56.92370987,65000
3311.805584,SHETLAND GP.,Kyrre Fm.,12.21780014,2.38125515,2.289173842,2.541713953,58.00307083,65000
3311.957584,SHETLAND GP.,Kyrre Fm.,12.21061039,2.36570406,2.293018341,2.541995525,59.46114731,65000
3312.109584,SHETLAND GP.,Kyrre Fm.,12.22869492,2.356862307,2.298997164,2.544748545,58.47901535,65000
3312.261584,SHETLAND GP.,Kyrre Fm.,12.23869991,2.359621763,2.31080389,2.547157288,56.18710327,65000
3312.413584,SHETLAND GP.,Kyrre Fm.,12.23869991,2.325206757,2.274751425,2.544959307,54.45043182,65000
3312.565584,SHETLAND GP.,Kyrre Fm.,12.21517468,2.301802874,2.246671677,2.545352697,54.59284973,65000
3312.717584,SHETLAND GP.,Kyrre Fm.,12.22019291,2.293020725,2.229533672,2.554933786,55.37765884,65000
3312.869584,SHETLAND GP.,Kyrre Fm.,12.235219,2.311893463,2.224536896,2.568492413,55.9806366,65000
3313.021584,SHETLAND GP.,Kyrre Fm.,12.23404026,2.316375732,2.217278004,2.570037842,55.55615997,65000
3313.173584,SHETLAND GP.,Kyrre Fm.,12.23169994,2.300793409,2.205205917,2.564054728,54.40797424,65000
3313.325584,SHETLAND GP.,Kyrre Fm.,12.22938538,2.265737534,2.175908089,2.554923534,53.38858032,65000
3313.477584,SHETLAND GP.,Kyrre Fm.,12.22819996,2.22178936,2.125894785,2.552584171,53.44451523,65000
3313.629584,SHETLAND GP.,Kyrre Fm.,12.20769596,2.145545483,2.072993755,2.561126709,49.69400024,65000
3313.781584,SHETLAND GP.,Kyrre Fm.,12.19233036,2.046875954,2.015542269,2.56784606,50.10213471,65000
3313.933584,SHETLAND GP.,Kyrre Fm.,12.19894314,2.002977371,1.962651849,2.562108755,54.9873848,65000
3314.085584,SHETLAND GP.,Kyrre Fm.,12.19933415,1.976003885,1.922168255,2.546584129,62.492939,65000
3314.237584,SHETLAND GP.,Kyrre Fm.,12.21036911,1.948848486,1.877176881,2.536784411,66.70986939,65000
3314.389584,SHETLAND GP.,Kyrre Fm.,12.20437813,1.937067866,1.840390682,2.540230274,65.1844635,65000
3314.541584,SHETLAND GP.,Kyrre Fm.,12.19242096,1.955578446,1.817704916,2.540960312,61.76607513,65000
3314.693584,SHETLAND GP.,Kyrre Fm.,12.20769215,1.976219058,1.816766739,2.534088373,61.68272781,65000
3314.845584,SHETLAND GP.,Kyrre Fm.,12.21780014,1.988251805,1.818196774,2.524619103,63.49477768,65000
3314.997584,SHETLAND GP.,Kyrre Fm.,12.21780014,1.992136836,1.811731577,2.525105238,65.08813477,65000
3315.149584,SHETLAND GP.,Kyrre Fm.,12.19804001,1.966360688,1.799852371,2.560853958,62.42639923,65000
3315.301584,SHETLAND GP.,Kyrre Fm.,12.1973114,1.932952404,1.779462338,2.623516798,58.59158325,65000
3315.453584,SHETLAND GP.,Kyrre Fm.,12.20598316,1.857910037,1.729290962,2.712853432,57.19573975,65000
3315.605584,SHETLAND GP.,Kyrre Fm.,12.20512676,1.792188644,1.689348817,2.760986805,58.9800911,65000
3315.757584,SHETLAND GP.,Kyrre Fm.,12.19520092,1.851428151,1.754776359,2.728355408,59.26732636,65000
3315.909584,SHETLAND GP.,Kyrre Fm.,12.18133164,1.985572457,1.887162805,2.64203167,57.14075089,65000
3316.061584,SHETLAND GP.,Kyrre Fm.,12.18452358,2.086235285,1.992776632,2.565940142,54.5991745,65000
3316.213584,SHETLAND GP.,Kyrre Fm.,12.19838333,2.150371552,2.062729597,2.541279316,54.50315476,65000
3316.365584,SHETLAND GP.,Kyrre Fm.,12.18689537,2.204684258,2.119822025,2.540256739,56.92230988,65000
3316.517584,SHETLAND GP.,Kyrre Fm.,12.18230057,2.267767191,2.183524847,2.538767338,57.58403778,70000
3316.669584,SHETLAND GP.,Kyrre Fm.,12.19901466,2.330647469,2.245704413,2.537839651,56.02148056,70000
3316.821584,SHETLAND GP.,Kyrre Fm.,12.20105648,2.343054056,2.260395527,2.538460255,58.17594528,70000
3316.973584,SHETLAND GP.,Kyrre Fm.,12.20520496,2.336377859,2.260317326,2.54164815,59.60817337,65000
3317.125584,SHETLAND GP.,Kyrre Fm.,12.1983614,2.348960638,2.268721104,2.563379049,55.46442032,65000
3317.277584,SHETLAND GP.,Kyrre Fm.,12.19405079,2.354750395,2.280775309,2.611586094,51.7136879,65000
3317.429584,SHETLAND GP.,Kyrre Fm.,12.19070816,2.340674639,2.279428482,2.647371292,51.32554245,65000
3317.581584,SHETLAND GP.,Kyrre Fm.,12.20482636,2.314613104,2.260099173,2.635631084,54.54646301,65000
3317.733584,SHETLAND GP.,Kyrre Fm.,12.20961666,2.286458492,2.236830711,2.585608482,56.8038826,65000
3317.885584,SHETLAND GP.,Kyrre Fm.,12.19570637,2.266057968,2.214065313,2.546474218,58.53931427,65000
3318.037584,SHETLAND GP.,Kyrre Fm.,12.19795036,2.236335516,2.182899237,2.535831451,57.43369293,65000
3318.189584,SHETLAND GP.,Kyrre Fm.,12.20581722,2.211318255,2.14547801,2.534335852,56.7187233,65000
3318.341584,SHETLAND GP.,Kyrre Fm.,12.20529175,2.198355675,2.114979506,2.528821468,58.43064117,65000
3318.493584,SHETLAND GP.,Kyrre Fm.,12.2038002,2.174449205,2.075788021,2.526571989,56.66702271,65000
3318.645584,SHETLAND GP.,Kyrre Fm.,12.20578957,2.141582489,2.032101154,2.529987812,55.18327332,65000
3318.797584,SHETLAND GP.,Kyrre Fm.,12.20532036,2.110333443,1.995645046,2.536267996,54.99153519,65000
3318.949584,SHETLAND GP.,Kyrre Fm.,12.20774365,2.077753544,1.957323194,2.53862977,56.97853851,65000
3319.101584,SHETLAND GP.,Kyrre Fm.,12.2147274,2.03073287,1.905537605,2.532862902,58.11484146,65000
3319.253584,SHETLAND GP.,Kyrre Fm.,12.21388912,1.954671264,1.833714962,2.522965193,58.07113266,65000
3319.405584,SHETLAND GP.,Kyrre Fm.,12.21080017,1.86462605,1.743403196,2.509420872,56.73878098,65000
3319.557584,SHETLAND GP.,Kyrre Fm.,12.20311832,1.789695025,1.656183958,2.506268501,56.84978867,65000
3319.709584,SHETLAND GP.,Kyrre Fm.,12.1911211,1.780574441,1.645073175,2.549249649,55.26836014,65000
3319.861584,SHETLAND GP.,Kyrre Fm.,12.18640041,1.810871363,1.686881065,2.667366982,51.07983017,65000
3320.013584,SHETLAND GP.,Kyrre Fm.,12.18640041,1.847871184,1.716554523,2.762426138,45.65995407,65000
3320.165584,SHETLAND GP.,Kyrre Fm.,12.19583225,1.932381272,1.786908507,2.744848728,46.84440613,65030
3320.317584,SHETLAND GP.,Kyrre Fm.,12.21508122,2.05843091,1.898439884,2.633945465,52.57049561,65030
3320.469584,SHETLAND GP.,Kyrre Fm.,12.22658157,2.193203688,2.030644178,2.541159868,56.03005219,65030
3320.621584,SHETLAND GP.,Kyrre Fm.,12.23007011,2.338078976,2.172987223,2.519794703,56.50214005,65030
3320.773584,SHETLAND GP.,Kyrre Fm.,12.22059345,2.450577974,2.26631856,2.521675348,56.32969666,65000
3320.925584,SHETLAND GP.,Kyrre Fm.,12.21080017,2.389647007,2.226396799,2.520736218,57.68896866,65000
3321.077584,SHETLAND GP.,Kyrre Fm.,12.21448803,2.264472961,2.121823072,2.517951489,58.62551498,65000
3321.229584,SHETLAND GP.,Kyrre Fm.,12.20683479,2.199900389,2.054038286,2.520720005,57.9731102,65000
3321.381584,SHETLAND GP.,Kyrre Fm.,12.2041502,2.152715921,2.008577108,2.531770945,55.82357788,65000
3321.533584,SHETLAND GP.,Kyrre Fm.,12.21080017,2.054035664,1.929932356,2.549063206,54.23712921,65000
3321.685584,SHETLAND GP.,Kyrre Fm.,12.20899296,1.963595629,1.868601441,2.561546087,54.96641922,65000
3321.837584,SHETLAND GP.,Kyrre Fm.,12.20195484,2.047959089,1.960054278,2.562138319,54.36363983,65000
3321.989584,SHETLAND GP.,Kyrre Fm.,12.20400238,2.26621151,2.17692256,2.560561895,52.83009338,65000
3322.141584,SHETLAND GP.,Kyrre Fm.,12.22141552,2.43898654,2.351456165,2.562115908,52.18457413,65000
3322.293584,SHETLAND GP.,Kyrre Fm.,12.22113228,2.494488001,2.410058737,2.564718008,50.93040848,65000
3322.445584,SHETLAND GP.,Kyrre Fm.,12.214324,2.476859093,2.402867079,2.563632011,51.24192429,65000
3322.597584,SHETLAND GP.,Kyrre Fm.,12.21780014,2.460952997,2.395453215,2.560049295,53.16716003,70000
3322.749584,SHETLAND GP.,Kyrre Fm.,12.22123146,2.482457876,2.421234608,2.55542016,53.79491425,70000
3322.901584,SHETLAND GP.,Kyrre Fm.,12.2264328,2.470639467,2.416165352,2.549720049,53.95451737,70000
3323.053584,SHETLAND GP.,Kyrre Fm.,12.21962643,2.410403967,2.369836092,2.543757916,53.74590683,70000
3323.205584,SHETLAND GP.,Kyrre Fm.,12.21080017,2.368593693,2.328463316,2.541514874,54.66571045,70000
3323.357584,SHETLAND GP.,Kyrre Fm.,12.21421242,2.349718094,2.283974171,2.546666145,56.35153961,65000
3323.509584,SHETLAND GP.,Kyrre Fm.,12.21780014,2.316193104,2.234440088,2.550875187,55.58089066,65000
3323.661584,SHETLAND GP.,Kyrre Fm.,12.21273804,2.262181044,2.175313234,2.549674988,54.1693306,65000
3323.813584,SHETLAND GP.,Kyrre Fm.,12.21233845,2.224094153,2.120677471,2.544956684,51.42176056,65000
3323.965584,SHETLAND GP.,Kyrre Fm.,12.22109032,2.18911624,2.064620495,2.545251846,49.83691788,65000
3324.117584,SHETLAND GP.,Kyrre Fm.,12.21645641,2.119330406,1.980624199,2.550116062,52.83811951,65000
3324.269584,SHETLAND GP.,Kyrre Fm.,12.21225071,2.034701109,1.896173596,2.549018145,57.49919128,65000
3324.421584,SHETLAND GP.,Kyrre Fm.,12.21451569,1.963461399,1.828732014,2.543506861,58.88140869,65000
3324.573584,SHETLAND GP.,Kyrre Fm.,12.21406364,1.932153344,1.799373984,2.539354563,59.35284424,65000
3324.725584,SHETLAND GP.,Kyrre Fm.,12.21780014,1.918576598,1.804399133,2.541405201,59.32873535,65000
3324.877584,SHETLAND GP.,Kyrre Fm.,12.21780014,1.952075124,1.8494308,2.54330349,58.20040894,65000
3325.029584,SHETLAND GP.,Kyrre Fm.,12.22738552,2.124850512,2.010293961,2.542059183,58.2202034,65000
3325.181584,SHETLAND GP.,Kyrre Fm.,12.2355051,2.340352297,2.215597391,2.543352366,55.94175339,65030
3325.333584,SHETLAND GP.,Kyrre Fm.,12.22852612,2.465739012,2.344853878,2.545511007,55.02351379,65030
3325.485584,SHETLAND GP.,Kyrre Fm.,12.2215929,2.507437468,2.397592783,2.54926014,55.90698242,65000
3325.637584,SHETLAND GP.,Kyrre Fm.,12.22402668,2.5123384,2.418204784,2.553956032,56.02822113,65000
3325.789584,SHETLAND GP.,Kyrre Fm.,12.22857952,2.505115032,2.417898178,2.568827868,55.80300903,65000
3325.941584,SHETLAND GP.,Kyrre Fm.,12.22779942,2.461081743,2.379845381,2.580180168,55.05357742,65000
3326.093584,SHETLAND GP.,Kyrre Fm.,12.23016167,2.378396273,2.301192999,2.573201418,53.60741806,65000
3326.245584,SHETLAND GP.,Kyrre Fm.,12.22365189,2.305426836,2.221816301,2.554234743,53.67047119,65000
3326.397584,SHETLAND GP.,Kyrre Fm.,12.21475411,2.244248629,2.150546551,2.537476301,54.33933258,65000
3326.549584,SHETLAND GP.,Kyrre Fm.,12.21382523,2.195902109,2.090091229,2.53454566,55.96199036,65000
3326.701584,SHETLAND GP.,Kyrre Fm.,12.21329594,2.173364639,2.051917076,2.533756018,58.82234192,65000
3326.853584,SHETLAND GP.,Kyrre Fm.,12.21178055,2.167456627,2.02406621,2.533166885,62.55690002,65000
3327.005584,SHETLAND GP.,Kyrre Fm.,12.22075558,2.171633005,2.018724203,2.536085606,63.50863266,65000
3327.157584,SHETLAND GP.,Kyrre Fm.,12.22770309,2.178937674,2.033568859,2.542575598,60.09516907,65000
3327.309584,SHETLAND GP.,Kyrre Fm.,12.23464966,2.172483206,2.02478528,2.551090002,58.17732239,65000
3327.461584,SHETLAND GP.,Kyrre Fm.,12.23000336,2.14708519,2.015836954,2.556272507,59.37525177,65000
3327.613584,SHETLAND GP.,Kyrre Fm.,12.22210407,2.127263308,2.018565178,2.557906866,59.08236694,65000
3327.765584,SHETLAND GP.,Kyrre Fm.,12.22819996,2.09841919,2.008855581,2.548597574,59.45674896,65000
3327.917584,SHETLAND GP.,Kyrre Fm.,12.22394943,2.106500387,1.992062092,2.526224852,56.23680878,65000
3328.069584,SHETLAND GP.,Kyrre Fm.,12.20932579,2.173324585,2.01390028,2.499941587,54.26820374,65000
3328.221584,SHETLAND GP.,Kyrre Fm.,12.20532799,2.288823366,2.08710289,2.486875773,54.32818985,65000
3328.373584,SHETLAND GP.,Kyrre Fm.,12.21780014,2.379415751,2.148838043,2.496856928,53.97346497,65000
3328.525584,SHETLAND GP.,Kyrre Fm.,12.22194004,2.429147005,2.199867487,2.516436338,53.31652451,65000
3328.677584,SHETLAND GP.,Kyrre Fm.,12.22819996,2.417943001,2.195374012,2.535548925,54.75868607,65000
3328.829584,SHETLAND GP.,Kyrre Fm.,12.22136879,2.295233488,2.10048604,2.547590256,61.06575775,65000
3328.981584,SHETLAND GP.,Kyrre Fm.,12.21353245,2.133751154,1.978263855,2.56137991,70.24488831,65000
3329.133584,SHETLAND GP.,Kyrre Fm.,12.21372509,2.002043724,1.877004027,2.578268766,74.57696533,65000
3329.285584,SHETLAND GP.,Kyrre Fm.,12.20730019,1.918870926,1.81338954,2.579992294,73.39351654,65000
3329.437584,SHETLAND GP.,Kyrre Fm.,12.21131039,1.993041396,1.899917603,2.563061953,68.36126709,65000
3329.589584,SHETLAND GP.,Kyrre Fm.,12.22573566,2.212431192,2.096885681,2.541841269,64.84819031,65000
3329.741584,SHETLAND GP.,Kyrre Fm.,12.2334156,2.359143734,2.187697649,2.534046173,59.63264465,65000
3329.893584,SHETLAND GP.,Kyrre Fm.,12.22601128,2.365232468,2.192891598,2.543108463,58.50311279,65000
3330.045584,SHETLAND GP.,Kyrre Fm.,12.2269001,2.383085966,2.209128857,2.553755999,58.63563538,65000
3330.197584,SHETLAND GP.,Kyrre Fm.,12.22728348,2.421463728,2.256695986,2.567426682,55.23345184,65000
3330.349584,SHETLAND GP.,Kyrre Fm.,12.2304163,2.45528245,2.277098179,2.582448483,52.44087219,65000
3330.501584,SHETLAND GP.,Kyrre Fm.,12.22819996,2.439242601,2.277011395,2.59805274,50.91875076,65000
3330.653584,SHETLAND GP.,Kyrre Fm.,12.231987,2.3870368,2.244059324,2.60810113,48.68858337,65000
3330.805584,SHETLAND GP.,Kyrre Fm.,12.2361908,2.288127661,2.177011013,2.598136187,48.96910858,65000
3330.957584,SHETLAND GP.,Kyrre Fm.,12.22674847,2.212727785,2.126468897,2.581568956,54.3299408,65000
3331.109584,SHETLAND GP.,Kyrre Fm.,12.21780014,2.231146812,2.136710167,2.559340477,63.13650513,65000
3331.261584,SHETLAND GP.,Kyrre Fm.,12.22268105,2.219936371,2.117949247,2.545897961,66.36573792,65000
3331.413584,SHETLAND GP.,Kyrre Fm.,12.22443008,2.152339459,2.051169872,2.532030344,62.51837158,65000
3331.565584,SHETLAND GP.,Kyrre Fm.,12.20959091,2.109826803,2.003225565,2.523225069,57.5371933,65000
3331.717584,SHETLAND GP.,Kyrre Fm.,12.21807957,2.101050854,1.977020383,2.521686554,55.12056351,65000
3331.869584,SHETLAND GP.,Kyrre Fm.,12.23631668,2.113669157,1.969626546,2.52708602,55.58631134,65000
3332.021584,SHETLAND GP.,Kyrre Fm.,12.23169994,2.121582508,1.983729959,2.537124395,59.73873138,65000
3332.173584,SHETLAND GP.,Kyrre Fm.,12.22469997,2.122016192,1.988269687,2.542304993,60.25139237,65000
3332.325584,SHETLAND GP.,Kyrre Fm.,12.21369171,2.13651824,1.980157971,2.543002605,59.01301193,65000
3332.477584,SHETLAND GP.,Kyrre Fm.,12.22236538,2.152956724,1.988605142,2.539509296,54.7044754,65000
3332.629584,SHETLAND GP.,Kyrre Fm.,12.22023201,2.155651093,1.992204547,2.537405968,53.9192009,65000
3332.781584,SHETLAND GP.,Kyrre Fm.,12.20834065,2.15103817,2.001213551,2.535729647,53.41291428,65000
3332.933584,SHETLAND GP.,Kyrre Fm.,12.21780014,2.177876949,2.046994209,2.532984734,53.32468033,65000
3333.085584,SHETLAND GP.,Kyrre Fm.,12.224473,2.30756855,2.188539505,2.533783674,54.21405792,65000
3333.237584,SHETLAND GP.,Kyrre Fm.,12.23869991,2.444797039,2.326774359,2.541717768,55.3692627,65000
3333.389584,SHETLAND GP.,Kyrre Fm.,12.23430824,2.555306196,2.452588558,2.554246426,55.76152802,65000
3333.541584,SHETLAND GP.,Kyrre Fm.,12.22906017,2.635909557,2.544790745,2.562788725,53.46541596,65000
3333.693584,SHETLAND GP.,Kyrre Fm.,12.23545361,2.707634449,2.640372515,2.558729887,49.29348373,65000
3333.845584,SHETLAND GP.,Kyrre Fm.,12.22819996,2.764197588,2.675663948,2.549422741,45.98046112,65000
3333.997584,SHETLAND GP.,Kyrre Fm.,12.23138237,2.782118082,2.681960106,2.544157505,46.38219833,65000
3334.149584,SHETLAND GP.,Kyrre Fm.,12.23448849,2.769788504,2.653695107,2.541781426,49.28951645,65000
3334.301584,SHETLAND GP.,Kyrre Fm.,12.23096943,2.730874777,2.600756645,2.543706179,53.36330795,65000
3334.453584,SHETLAND GP.,Kyrre Fm.,12.23744679,2.694235325,2.557607174,2.548646927,56.09538269,65000
3334.605584,SHETLAND GP.,Kyrre Fm.,12.21981812,2.673075199,2.533744097,2.557099104,54.13899612,65000
3334.757584,SHETLAND GP.,Kyrre Fm.,12.22876263,2.693477154,2.547618389,2.558316946,52.58885574,65000
3334.909584,SHETLAND GP.,Kyrre Fm.,12.23466873,2.727598906,2.568975925,2.551263332,51.07510757,65000
3335.061584,SHETLAND GP.,Kyrre Fm.,12.22669601,2.734161377,2.570679426,2.543600559,53.05135346,65000
3335.213584,SHETLAND GP.,Kyrre Fm.,12.2277832,2.719958782,2.5484972,2.542402744,54.24492645,65000
3335.365584,SHETLAND GP.,Kyrre Fm.,12.22364235,2.689698696,2.512652397,2.54220748,53.72293091,65000
3335.517584,SHETLAND GP.,Kyrre Fm.,12.24158382,2.657377482,2.482136488,2.540670872,54.43745041,65000
3335.669584,SHETLAND GP.,Kyrre Fm.,12.24335194,2.624854088,2.445406675,2.53311491,53.47113419,65000
3335.821584,SHETLAND GP.,Kyrre Fm.,12.23105907,2.597687721,2.419888496,2.528301239,53.3589325,65000
3335.973584,SHETLAND GP.,Kyrre Fm.,12.23681736,2.585731983,2.411333799,2.526034355,54.8820343,65000
3336.125584,SHETLAND GP.,Kyrre Fm.,12.2298336,2.582060099,2.421846628,2.52624011,54.77728272,65000
3336.277584,SHETLAND GP.,Kyrre Fm.,12.22655106,2.566059351,2.412985325,2.525112629,55.37459564,65000
3336.429584,SHETLAND GP.,Kyrre Fm.,12.23078346,2.536959171,2.396484852,2.524848938,56.35935593,65000
3336.581584,SHETLAND GP.,Kyrre Fm.,12.23091221,2.570036173,2.421839237,2.532831907,55.01925659,65000
3336.733584,SHETLAND GP.,Kyrre Fm.,12.23690796,2.617785454,2.469962359,2.543705702,53.43800736,65000
3336.885584,SHETLAND GP.,Kyrre Fm.,12.23525238,2.665210486,2.512661934,2.548489571,51.62371445,65000
3337.037584,SHETLAND GP.,Kyrre Fm.,12.24218464,2.703325033,2.532157183,2.548311234,52.43631363,65000
3337.189584,SHETLAND GP.,Kyrre Fm.,12.23343372,2.749135971,2.565860987,2.538480759,51.8217392,65000
3337.341584,SHETLAND GP.,Kyrre Fm.,12.24041748,2.796571255,2.613101244,2.535593987,52.25569916,65000
3337.493584,SHETLAND GP.,Kyrre Fm.,12.24569988,2.835057259,2.652945519,2.534226418,52.28068161,65000
3337.645584,SHETLAND GP.,Kyrre Fm.,12.24064159,2.861495495,2.685376167,2.542707443,53.82807922,65000
3337.797584,SHETLAND GP.,Kyrre Fm.,12.22803497,2.903109789,2.72891283,2.552690506,52.19917679,65000
3337.949584,SHETLAND GP.,Kyrre Fm.,12.23623467,2.934433699,2.77695775,2.554755449,48.83157349,65000
3338.101584,SHETLAND GP.,Kyrre Fm.,12.23226929,2.954751015,2.798456907,2.55850029,47.08470154,65000
3338.253584,SHETLAND GP.,Kyrre Fm.,12.24408817,2.95673871,2.779546022,2.556742668,48.06943131,65000
3338.405584,SHETLAND GP.,Kyrre Fm.,12.23631001,2.95264864,2.775557041,2.561080456,49.93938828,65000
3338.557584,SHETLAND GP.,Kyrre Fm.,12.23055363,2.937461853,2.756994724,2.556417227,50.16826248,65000
3338.709584,SHETLAND GP.,Kyrre Fm.,12.23714638,2.91324234,2.729795456,2.549034596,49.61970139,65000
3338.861584,SHETLAND GP.,Kyrre Fm.,12.23093128,2.859459639,2.681874275,2.547822952,47.15109253,65030
3339.013584,SHETLAND GP.,Kyrre Fm.,12.22819996,2.83801198,2.657827616,2.555992842,47.97327805,65030
3339.165584,SHETLAND GP.,Kyrre Fm.,12.22819996,2.853486061,2.665621758,2.56135273,50.80690384,65030
3339.317584,SHETLAND GP.,Kyrre Fm.,12.22600269,2.872912407,2.674263239,2.556466341,54.31624985,65000
3339.469584,SHETLAND GP.,Kyrre Fm.,12.22363091,2.896911383,2.676964998,2.546305656,55.53032303,65000
3339.621584,SHETLAND GP.,Kyrre Fm.,12.24640274,2.914817572,2.667270899,2.538516998,56.53342438,65000
3339.773584,SHETLAND GP.,Kyrre Fm.,12.24483299,2.898357868,2.664677382,2.539948702,54.6493721,65000
3339.925584,SHETLAND GP.,Kyrre Fm.,12.22890186,2.829794169,2.608136177,2.537198067,51.49502945,65000
3340.077584,SHETLAND GP.,Kyrre Fm.,12.22894287,2.759419918,2.543017864,2.532340288,48.38792801,65000
3340.229584,SHETLAND GP.,Kyrre Fm.,12.22393894,2.693549633,2.491560221,2.522203684,50.25613403,65000
3340.381584,SHETLAND GP.,Kyrre Fm.,12.24437714,2.614809513,2.431138754,2.522212982,52.63302994,65000
3340.533584,SHETLAND GP.,Kyrre Fm.,12.22536469,2.569694042,2.402488947,2.525770903,54.6169548,65000
3340.685584,SHETLAND GP.,Kyrre Fm.,12.22624779,2.563193083,2.394872427,2.526368618,51.56938171,65000
3340.837584,SHETLAND GP.,Kyrre Fm.,12.21780014,2.535194397,2.372258902,2.526636124,50.49670792,65000
3340.989584,SHETLAND GP.,Kyrre Fm.,12.21972275,2.388663292,2.273394585,2.532111406,48.14593124,65000
3341.141584,SHETLAND GP.,Kyrre Fm.,12.22819996,2.210502863,2.076973677,2.540173054,48.77971649,65000
3341.293584,SHETLAND GP.,Kyrre Fm.,12.22757435,2.065097094,1.940690875,2.539749384,48.47596359,65000
3341.445584,SHETLAND GP.,Kyrre Fm.,12.22469997,2.085868359,1.940374374,2.536776304,48.99214935,65000
3341.597584,SHETLAND GP.,Kyrre Fm.,12.22469997,2.379757881,2.20102644,2.540219545,49.0546608,65000
3341.749584,SHETLAND GP.,Kyrre Fm.,12.22889519,2.563245535,2.35306406,2.547857046,52.13173676,65000
3341.901584,SHETLAND GP.,Kyrre Fm.,12.24909973,2.720714092,2.488457203,2.556698322,57.17087936,65030
3342.053584,SHETLAND GP.,Kyrre Fm.,12.24909973,2.708067656,2.471221685,2.556548357,58.45104218,65030
3342.205584,SHETLAND GP.,Kyrre Fm.,12.24854374,2.669708729,2.451139689,2.558447361,57.68419266,65030
3342.357584,SHETLAND GP.,Kyrre Fm.,12.24231243,2.650768042,2.463758946,2.558941841,55.96278,65000
3342.509584,SHETLAND GP.,Kyrre Fm.,12.22692299,2.656605482,2.488654375,2.557155371,53.40961456,65000
3342.661584,SHETLAND GP.,Kyrre Fm.,12.23707008,2.64337492,2.473635674,2.556553841,53.93423462,65000
3342.813584,SHETLAND GP.,Kyrre Fm.,12.22446823,2.6201787,2.460702181,2.568883658,54.27249908,65000
3342.965584,SHETLAND GP.,Kyrre Fm.,12.19961071,2.602643728,2.451284885,2.585957766,51.4078331,65000
3343.117584,SHETLAND GP.,Kyrre Fm.,12.17599964,2.595207453,2.4526968,2.594633102,49.07346726,65000
3343.269584,SHETLAND GP.,Kyrre Fm.,12.17800903,2.591180801,2.462080717,2.59003377,48.87627792,70000
3343.421584,SHETLAND GP.,Kyrre Fm.,12.19187832,2.563004255,2.465775013,2.586368084,52.32730484,70000
3343.573584,SHETLAND GP.,Kyrre Fm.,12.20185375,2.572408676,2.454387426,2.591389895,52.6995697,65000
3343.725584,SHETLAND GP.,Kyrre Fm.,12.19229412,2.520455122,2.409288883,2.588613987,53.7845726,65000
3343.877584,SHETLAND GP.,Kyrre Fm.,12.20730019,2.448105335,2.339008093,2.576326132,53.82600784,65000
3344.029584,SHETLAND GP.,Kyrre Fm.,12.20868301,2.367143869,2.261496067,2.55557251,53.76639175,65000
3344.181584,SHETLAND GP.,Kyrre Fm.,12.21644115,2.340503454,2.231502295,2.54527998,52.6837883,65000
3344.333584,SHETLAND GP.,Kyrre Fm.,12.20863533,2.331954002,2.21898222,2.544881105,56.08316422,65000
3344.485584,SHETLAND GP.,Kyrre Fm.,12.21519375,2.258322477,2.137146235,2.55333519,56.84299469,65000
3344.637584,SHETLAND GP.,Kyrre Fm.,12.19943047,2.181572914,2.063988447,2.560926914,58.91663361,65000
3344.789584,SHETLAND GP.,Kyrre Fm.,12.21780014,2.147010803,2.025769234,2.565569162,57.3914566,65000
3344.941584,SHETLAND GP.,Kyrre Fm.,12.21536446,2.181998968,2.036893606,2.582341671,55.08207321,65000
3345.093584,SHETLAND GP.,Kyrre Fm.,12.19808674,2.220858574,2.066223621,2.580918551,54.81398392,65000
3345.245584,SHETLAND GP.,Kyrre Fm.,12.20499229,2.265365124,2.112184525,2.569997788,56.70080185,65000
3345.397584,SHETLAND GP.,Kyrre Fm.,12.18753624,2.340103865,2.176463842,2.542415619,56.41866684,65000
3345.549584,SHETLAND GP.,Kyrre Fm.,12.19690037,2.453645945,2.296568632,2.535592318,57.64992905,65000
3345.701584,SHETLAND GP.,Kyrre Fm.,12.19690037,2.443799257,2.297430992,2.547659159,54.89321137,65000
3345.853584,SHETLAND GP.,Kyrre Fm.,12.19690037,2.36955452,2.23694849,2.559197187,54.78954697,65000
3346.005584,SHETLAND GP.,Kyrre Fm.,12.19690037,2.299939156,2.196653605,2.573217154,53.57363892,65000
3346.157584,SHETLAND GP.,Kyrre Fm.,12.19690037,2.286014557,2.195881367,2.577647448,55.88591385,65000
3346.309584,SHETLAND GP.,Kyrre Fm.,12.19754219,2.287857533,2.198553085,2.573499918,58.12853622,65000
3346.461584,SHETLAND GP.,Kyrre Fm.,12.2038002,2.250386953,2.163648605,2.564993143,61.39800263,65000
3346.613584,SHETLAND GP.,Kyrre Fm.,12.20320034,2.170965433,2.090335369,2.557578325,66.26594544,65000
3346.765584,SHETLAND GP.,Kyrre Fm.,12.19513035,2.161166906,2.074069262,2.553929091,63.17890549,65000
3346.917584,SHETLAND GP.,Kyrre Fm.,12.17944431,2.172337294,2.07460618,2.550934076,58.10367584,65000
3347.069584,SHETLAND GP.,Kyrre Fm.,12.21780014,2.168660164,2.059719801,2.55055213,53.53074646,65000
3347.221584,SHETLAND GP.,Kyrre Fm.,12.21726608,2.172922134,2.053833723,2.554516077,54.54237366,65000
3347.373584,SHETLAND GP.,Kyrre Fm.,12.20977116,2.175303459,2.049748182,2.553870201,58.76706696,65000
3347.525584,SHETLAND GP.,Kyrre Fm.,12.19590282,2.187482834,2.054652691,2.558823109,57.54578018,65000
3347.677584,SHETLAND GP.,Kyrre Fm.,12.18251324,2.200073004,2.063584089,2.563402653,57.45518875,65000
3347.829584,SHETLAND GP.,Kyrre Fm.,12.17599964,2.216647148,2.089260101,2.568425655,56.99088669,65000
3347.981584,SHETLAND GP.,Kyrre Fm.,12.17820644,2.229942799,2.11541605,2.562795639,51.73700714,65000
3348.133584,SHETLAND GP.,Kyrre Fm.,12.21037197,2.249058485,2.133581877,2.558189869,53.97881317,65000
3348.285584,SHETLAND GP.,Kyrre Fm.,12.20257473,2.263409376,2.161738396,2.556682587,54.93373489,65000
3348.437584,SHETLAND GP.,Kyrre Fm.,12.18417549,2.307480335,2.20035553,2.559747219,59.03227997,65000
3348.589584,SHETLAND GP.,Kyrre Fm.,12.2034359,2.321872234,2.222075701,2.561888695,58.75298309,65000
3348.741584,SHETLAND GP.,Kyrre Fm.,12.19742584,2.347651959,2.237424851,2.55619359,59.55287552,65000
3348.893584,SHETLAND GP.,Kyrre Fm.,12.20713139,2.373711824,2.266825914,2.554103375,58.31734085,65000
3349.045584,SHETLAND GP.,Kyrre Fm.,12.2038002,2.463438034,2.321875572,2.55258131,56.41905212,65000
3349.197584,SHETLAND GP.,Kyrre Fm.,12.20350933,2.52325511,2.393449545,2.560415506,52.54629898,65000
3349.349584,SHETLAND GP.,Kyrre Fm.,12.19773388,2.595008373,2.479219198,2.55847621,51.24980927,65000
3349.501584,SHETLAND GP.,Kyrre Fm.,12.21832371,2.706419468,2.603604555,2.558065653,51.24894333,65000
3349.653584,SHETLAND GP.,Kyrre Fm.,12.23145294,2.715188503,2.630810499,2.562465906,53.51618958,70000
3349.805584,SHETLAND GP.,Kyrre Fm.,12.22492027,2.588125229,2.528433323,2.567204952,55.77139664,70000
3349.957584,SHETLAND GP.,Kyrre Fm.,12.23068142,2.470036745,2.395148754,2.573461771,57.66617966,70000
3350.109584,SHETLAND GP.,Kyrre Fm.,12.19727612,2.501759291,2.423313618,2.57231617,56.27497482,70000
3350.261584,SHETLAND GP.,Kyrre Fm.,12.21131802,2.52743125,2.42478776,2.57657671,54.26625443,65000
3350.413584,SHETLAND GP.,Kyrre Fm.,12.23169994,2.602857351,2.462792397,2.579485416,51.83600998,65000
3350.565584,SHETLAND GP.,Kyrre Fm.,12.23156929,2.573773861,2.422226191,2.574518681,53.95438385,65000
3350.717584,SHETLAND GP.,Kyrre Fm.,12.22424412,2.512912035,2.364626646,2.575454235,52.5600853,65000
3350.869584,SHETLAND GP.,Kyrre Fm.,12.19690037,2.416884899,2.299660206,2.572766542,54.53218079,65000
3351.021584,SHETLAND GP.,Kyrre Fm.,12.19723034,2.366618395,2.261857748,2.577359676,53.96868134,65000
3351.173584,SHETLAND GP.,Kyrre Fm.,12.22464466,2.33460927,2.249991894,2.573997498,53.06822968,65000
3351.325584,SHETLAND GP.,Kyrre Fm.,12.21774006,2.310921192,2.248941422,2.573703289,53.22805405,65000
3351.477584,SHETLAND GP.,Kyrre Fm.,12.20733738,2.297185183,2.238620758,2.574272394,52.34472656,65000
3351.629584,SHETLAND GP.,Kyrre Fm.,12.21779156,2.264467239,2.187527895,2.566386223,53.89092636,65000
3351.781584,SHETLAND GP.,Kyrre Fm.,12.21081829,2.238268614,2.129851103,2.555229425,55.43475723,65000
3351.933584,SHETLAND GP.,Kyrre Fm.,12.22463226,2.228447676,2.120047092,2.54116869,58.34895706,65000
3352.085584,SHETLAND GP.,Kyrre Fm.,12.20394898,2.218769074,2.105603218,2.532064915,62.49702835,65000
3352.237584,SHETLAND GP.,Kyrre Fm.,12.20726776,2.207406998,2.083210945,2.53081131,58.21166992,65000
3352.389584,SHETLAND GP.,Kyrre Fm.,12.19010258,2.190003634,2.087249994,2.533666134,58.51208115,65000
3352.541584,SHETLAND GP.,Kyrre Fm.,12.19679165,2.15032053,2.044079304,2.541576147,57.97953415,65000
3352.693584,SHETLAND GP.,Kyrre Fm.,12.20711517,2.113651514,2.023755074,2.536788702,62.75718689,65000
3352.845584,SHETLAND GP.,Kyrre Fm.,12.21073055,2.101044178,1.992040396,2.533270121,58.94207001,65000
3352.997584,SHETLAND GP.,Kyrre Fm.,12.21080017,2.090827227,1.977418423,2.532026768,55.94729233,65000
3353.149584,SHETLAND GP.,Kyrre Fm.,12.20398235,2.092839956,1.976418257,2.539888859,58.38259506,65000
3353.301584,SHETLAND GP.,Kyrre Fm.,12.19709587,2.123894453,1.994277716,2.539031267,58.43502808,65000
3353.453584,SHETLAND GP.,Kyrre Fm.,12.20698166,2.135656834,2.015835047,2.546463966,57.60007858,65000
3353.605584,SHETLAND GP.,Kyrre Fm.,12.20730019,2.145187378,2.033424139,2.546700001,56.74102402,65000
3353.757584,SHETLAND GP.,Kyrre Fm.,12.19728184,2.147233963,2.041706562,2.560571671,50.75832748,65000
3353.909584,SHETLAND GP.,Kyrre Fm.,12.19690037,2.182760477,2.081688881,2.554180861,49.6860199,65000
3354.061584,SHETLAND GP.,Kyrre Fm.,12.18357372,2.214400053,2.121457577,2.556680203,52.27881622,65000
3354.213584,SHETLAND GP.,Kyrre Fm.,12.20624256,2.248602629,2.152846575,2.551826239,57.24372101,65000
3354.365584,SHETLAND GP.,Kyrre Fm.,12.21731949,2.272047043,2.188838244,2.551981688,59.54794312,65000
3354.517584,SHETLAND GP.,Kyrre Fm.,12.21114731,2.298666716,2.225096226,2.553900719,59.82572556,65000
3354.669584,SHETLAND GP.,Kyrre Fm.,12.19098473,2.325219631,2.261316299,2.56660986,59.31828308,65000
3354.821584,SHETLAND GP.,Kyrre Fm.,12.21628952,2.330572605,2.286562443,2.59245944,57.55531693,65000
3354.973584,SHETLAND GP.,Kyrre Fm.,12.19807911,2.253142595,2.230529547,2.600599527,55.54589081,65000
3355.125584,SHETLAND GP.,Kyrre Fm.,12.20338535,2.16711092,2.155297041,2.588876247,53.27695465,65000
3355.277584,SHETLAND GP.,Kyrre Fm.,12.2070818,2.050715208,2.055733681,2.571600437,54.84333038,65000
3355.429584,SHETLAND GP.,Kyrre Fm.,12.20730019,2.016739845,2.001423359,2.563485861,55.29704285,65000
3355.581584,SHETLAND GP.,Kyrre Fm.,12.21056557,1.934478521,1.942681909,2.56188035,55.65982437,65000
3355.733584,SHETLAND GP.,Kyrre Fm.,12.19788456,1.930000901,1.847543716,2.560406208,54.10118485,65000
3355.885584,SHETLAND GP.,Kyrre Fm.,12.2162714,1.875415921,1.729100227,2.559929371,55.98601914,65000
3356.037584,SHETLAND GP.,Kyrre Fm.,12.21780014,1.788256645,1.607684732,2.556386471,59.25416565,65000
3356.189584,SHETLAND GP.,Kyrre Fm.,12.20811558,1.708635569,1.518625736,2.544939756,62.53905487,65000
3356.341584,SHETLAND GP.,Kyrre Fm.,12.21051502,1.847639799,1.579417586,2.529761553,65.48269653,65000
3356.493584,SHETLAND GP.,Kyrre Fm.,12.21080017,2.325206757,1.967830062,2.518238306,64.77426148,65000
3356.645584,SHETLAND GP.,Kyrre Fm.,12.20760155,2.160321713,1.883984804,2.520498991,62.84615326,65000
3356.797584,SHETLAND GP.,Kyrre Fm.,12.19781876,2.03558898,1.849551559,2.527546644,56.70586014,65000
3356.949584,SHETLAND GP.,Kyrre Fm.,12.19690037,1.986657381,1.890498877,2.539568186,56.32344055,65000
3357.101584,SHETLAND GP.,Kyrre Fm.,12.20948982,2.097829342,2.046964645,2.54405117,57.67398071,65000
3357.253584,SHETLAND GP.,Kyrre Fm.,12.20447731,2.218109846,2.242925167,2.548826218,59.29053497,65000
3357.405584,SHETLAND GP.,Kyrre Fm.,12.206954,2.315572739,2.419528246,2.553895474,56.6508522,65000
3357.557584,SHETLAND GP.,Kyrre Fm.,12.20730019,2.509707928,2.501694918,2.554130316,57.30867767,65030
3357.709584,SHETLAND GP.,Kyrre Fm.,12.19799137,2.563351154,2.514191866,2.558128119,57.09173966,65030
3357.861584,SHETLAND GP.,Kyrre Fm.,12.20618439,2.557023048,2.435974121,2.558242798,60.63692474,65030
3358.013584,SHETLAND GP.,Kyrre Fm.,12.19804001,2.549655676,2.387320042,2.560960531,57.50918198,65030
3358.165584,SHETLAND GP.,Kyrre Fm.,12.21546364,2.504934311,2.366334915,2.558546543,57.08543396,65030
3358.317584,SHETLAND GP.,Kyrre Fm.,12.22699928,2.486220598,2.371552944,2.558819294,54.1382103,65030
3358.469584,SHETLAND GP.,Kyrre Fm.,12.21285152,2.526045799,2.469264031,2.56286931,53.88533402,65000
3358.621584,SHETLAND GP.,Kyrre Fm.,12.216959,2.602073908,2.55408144,2.572726011,53.92834091,65000
3358.773584,SHETLAND GP.,Kyrre Fm.,12.23614121,2.654788494,2.615676403,2.574175358,52.53813934,65000
3358.925584,SHETLAND GP.,Kyrre Fm.,12.23869991,2.650908947,2.604343414,2.576388121,49.32265854,65000
3359.077584,SHETLAND GP.,Kyrre Fm.,12.2295475,2.656821966,2.592983484,2.57992506,51.42995071,65000
3359.229584,SHETLAND GP.,Kyrre Fm.,12.23124218,2.67632699,2.576402187,2.592047215,49.43521881,65000
3359.381584,SHETLAND GP.,Kyrre Fm.,12.21964932,2.678059816,2.588577986,2.594493628,50.30638504,65000
3359.533584,SHETLAND GP.,Kyrre Fm.,12.22682858,2.654726505,2.569010019,2.580073357,46.51657486,65000
3359.685584,SHETLAND GP.,Kyrre Fm.,12.23724651,2.603656292,2.51884532,2.555843353,54.33998871,65000
3359.837584,SHETLAND GP.,Kyrre Fm.,12.22972775,2.53864789,2.467255592,2.539764881,57.62034988,65000
3359.989584,SHETLAND GP.,Kyrre Fm.,12.21930122,2.494177103,2.414530039,2.535045385,59.99339676,65000
3360.141584,SHETLAND GP.,Kyrre Fm.,12.22668171,2.444231033,2.349592924,2.538187027,55.99471664,65000
3360.293584,SHETLAND GP.,Kyrre Fm.,12.22819996,2.388650417,2.281545401,2.537694454,54.32474518,65000
3360.445584,SHETLAND GP.,Kyrre Fm.,12.21938133,2.351454735,2.23288846,2.542757273,54.93237305,65000
3360.597584,SHETLAND GP.,Kyrre Fm.,12.22363567,2.34689188,2.214921475,2.55452466,58.7730751,65000
3360.749584,SHETLAND GP.,Kyrre Fm.,12.20125294,2.341939449,2.203706503,2.56586194,62.04029083,65000
3360.901584,SHETLAND GP.,Kyrre Fm.,12.2144804,2.311306715,2.176092148,2.568609476,62.9801712,65000
3361.053584,SHETLAND GP.,Kyrre Fm.,12.2294426,2.268595696,2.138618469,2.563188314,59.55202103,65000
3361.205584,SHETLAND GP.,Kyrre Fm.,12.22009277,2.226494789,2.106496811,2.55959487,58.12628555,65000
3361.357584,SHETLAND GP.,Kyrre Fm.,12.22646141,2.209689617,2.093322039,2.566178799,54.49704742,65000
3361.509584,SHETLAND GP.,Kyrre Fm.,12.21956253,2.206038952,2.086301565,2.577400446,55.4516716,65000
3361.661584,SHETLAND GP.,Kyrre Fm.,12.21780014,2.191393614,2.06948781,2.589323521,55.02391434,65000
3361.813584,SHETLAND GP.,Kyrre Fm.,12.22637367,2.170592547,2.04484725,2.57845664,56.21272278,65000
3361.965584,SHETLAND GP.,Kyrre Fm.,12.21389484,2.14328599,2.012510777,2.563860893,58.46243668,65000
3362.117584,SHETLAND GP.,Kyrre Fm.,12.19940376,2.112044811,1.974523425,2.548099518,57.57110596,65000
3362.269584,SHETLAND GP.,Kyrre Fm.,12.22245216,2.073646069,1.942846298,2.54299593,56.06908798,65000
3362.421584,SHETLAND GP.,Kyrre Fm.,12.2140398,2.027888775,1.909549594,2.542255878,56.36309052,65000
3362.573584,SHETLAND GP.,Kyrre Fm.,12.20511913,1.981769085,1.864489555,2.539684296,57.25743485,65000
3362.725584,SHETLAND GP.,Kyrre Fm.,12.20663261,1.923571825,1.811555862,2.552129507,57.72901535,65000
3362.877584,SHETLAND GP.,Kyrre Fm.,12.1989069,1.944181085,1.829526663,2.568758011,58.83782959,65000
3363.029584,SHETLAND GP.,Kyrre Fm.,12.21923733,2.042372227,1.911345363,2.587908983,57.02779388,65000
3363.181584,SHETLAND GP.,Kyrre Fm.,12.20243454,2.119762898,1.984242082,2.591559649,55.50585938,65000
3363.333584,SHETLAND GP.,Kyrre Fm.,12.20520592,2.15226841,2.010658503,2.585749626,54.96230698,65000
3363.485584,SHETLAND GP.,Kyrre Fm.,12.20730019,2.175396919,2.036039829,2.571557522,57.15636826,65000
3363.637584,SHETLAND GP.,Kyrre Fm.,12.21007538,2.198018789,2.067626953,2.561481237,59.90966034,65000
3363.789584,SHETLAND GP.,Kyrre Fm.,12.21080017,2.211235046,2.099767923,2.559621096,57.28593826,65000
3363.941584,SHETLAND GP.,Kyrre Fm.,12.2245121,2.246518374,2.142906904,2.572760105,53.44323731,65000
3364.093584,SHETLAND GP.,Kyrre Fm.,12.22002792,2.320225954,2.20628953,2.58651495,51.20886993,65000
3364.245584,SHETLAND GP.,Kyrre Fm.,12.22319794,2.346191883,2.229896069,2.591646671,49.27662277,65000
3364.397584,SHETLAND GP.,Kyrre Fm.,12.20302582,2.304371357,2.19092226,2.586764336,50.59612274,65000
3364.549584,SHETLAND GP.,Kyrre Fm.,12.20226383,2.286380529,2.173213959,2.578047991,49.66643906,65000
3364.701584,SHETLAND GP.,Kyrre Fm.,12.21465206,2.294411659,2.175995827,2.569798946,50.52590561,65000
3364.853584,SHETLAND GP.,Kyrre Fm.,12.23395348,2.298359394,2.180314302,2.5659132,49.62782288,65000
3365.005584,SHETLAND GP.,Kyrre Fm.,12.22262001,2.294314385,2.177891493,2.564376831,48.9763794,65000
3365.157584,SHETLAND GP.,Kyrre Fm.,12.23382568,2.252131224,2.138944864,2.570464373,48.47478485,65000
3365.309584,SHETLAND GP.,Kyrre Fm.,12.21737003,2.269057274,2.153240681,2.58233881,47.23487473,65000
3365.461584,SHETLAND GP.,Kyrre Fm.,12.21613598,2.320328951,2.196797609,2.59607172,47.17947006,70000
3365.613584,SHETLAND GP.,Kyrre Fm.,12.2256918,2.399969578,2.271258593,2.614044666,48.93379974,70000
3365.765584,SHETLAND GP.,Kyrre Fm.,12.21504307,2.402801275,2.261456728,2.618094921,52.18988037,70000
3365.917584,SHETLAND GP.,Kyrre Fm.,12.20552254,2.33613658,2.198123217,2.606817722,54.97610474,65000
3366.069584,SHETLAND GP.,Kyrre Fm.,12.21950913,2.267744541,2.129639387,2.584935427,55.18595505,65000
3366.221584,SHETLAND GP.,Kyrre Fm.,12.21949577,2.22820735,2.091776371,2.566330671,54.92143631,65000
3366.373584,SHETLAND GP.,Kyrre Fm.,12.21256733,2.219256163,2.08283639,2.566945791,56.5032959,65000
3366.525584,SHETLAND GP.,Kyrre Fm.,12.21600342,2.220535278,2.083017588,2.560275555,60.83092499,65000
3366.677584,SHETLAND GP.,Kyrre Fm.,12.21780014,2.220655441,2.082855463,2.552953959,62.82474136,65000
3366.829584,SHETLAND GP.,Kyrre Fm.,12.20236015,2.201144934,2.066595316,2.542313337,62.12168884,65000
3366.981584,SHETLAND GP.,Kyrre Fm.,12.20197392,2.155107975,2.029869795,2.539541245,59.11631775,65000
3367.133584,SHETLAND GP.,Kyrre Fm.,12.21405697,2.132135153,2.006025553,2.539407015,58.00905228,65000
3367.285584,SHETLAND GP.,Kyrre Fm.,12.20757484,2.161839962,2.032221794,2.539957285,56.91080856,65000
3367.437584,SHETLAND GP.,Kyrre Fm.,12.20634842,2.210405827,2.072579145,2.537287474,57.97992325,65000
3367.589584,SHETLAND GP.,Kyrre Fm.,12.20476341,2.241537571,2.096951723,2.539533615,59.44545364,65000
3367.741584,SHETLAND GP.,Kyrre Fm.,12.19881821,2.27260375,2.123399019,2.545565128,59.92705917,65000
3367.893584,SHETLAND GP.,Kyrre Fm.,12.21194267,2.338068247,2.17780757,2.553517819,59.84682083,65000
3368.045584,SHETLAND GP.,Kyrre Fm.,12.21026611,2.412348509,2.240714788,2.552097321,59.99140167,65000
3368.197584,SHETLAND GP.,Kyrre Fm.,12.22472382,2.448424339,2.27353859,2.545315743,60.26327133,65000
3368.349584,SHETLAND GP.,Kyrre Fm.,12.21683216,2.443858385,2.276185513,2.544266939,57.11080933,65000
3368.501584,SHETLAND GP.,Kyrre Fm.,12.21576405,2.450136662,2.291676998,2.542927265,54.3820076,65000
3368.653584,SHETLAND GP.,Kyrre Fm.,12.22762489,2.5052526,2.343485594,2.537464142,53.92881012,65000
3368.805584,SHETLAND GP.,Kyrre Fm.,12.22923374,2.552652121,2.38972044,2.527115345,56.41389847,65000
3368.957584,SHETLAND GP.,Kyrre Fm.,12.22090721,2.545818806,2.39435792,2.530962944,55.52116394,65000
3369.109584,SHETLAND GP.,Kyrre Fm.,12.22262001,2.519969463,2.382040262,2.543599367,54.07147598,65000
3369.261584,SHETLAND GP.,Kyrre Fm.,12.21989632,2.477984667,2.351682425,2.559118271,52.79559326,65000
3369.413584,SHETLAND GP.,Kyrre Fm.,12.21294212,2.412786722,2.297520638,2.564169407,53.74631119,65000
3369.565584,SHETLAND GP.,Kyrre Fm.,12.22281647,2.439564467,2.343065262,2.562335491,53.43439865,65000
3369.717584,SHETLAND GP.,Kyrre Fm.,12.21623135,2.508068085,2.397144556,2.570579767,54.39608383,65000
3369.869584,SHETLAND GP.,Kyrre Fm.,12.20840073,2.575135469,2.428002596,2.602809906,53.88877869,65030
3370.021584,SHETLAND GP.,Kyrre Fm.,12.2191906,2.617178679,2.443938494,2.618775129,53.7972641,65030
3370.173584,SHETLAND GP.,Kyrre Fm.,12.21524811,2.714416266,2.49486804,2.60048008,52.99631119,65030
3370.325584,SHETLAND GP.,Kyrre Fm.,12.20843029,2.786414146,2.568634272,2.556390524,50.06581497,65030
3370.477584,SHETLAND GP.,Kyrre Fm.,12.22376919,2.767688751,2.567653418,2.537572622,49.6301384,65000
3370.629584,SHETLAND GP.,Kyrre Fm.,12.22934532,2.680022717,2.496133328,2.541410923,48.51860428,65000
3370.781584,SHETLAND GP.,Kyrre Fm.,12.22585678,2.560455084,2.402770758,2.543666124,49.02964783,65000
3370.933584,SHETLAND GP.,Kyrre Fm.,12.2293663,2.498935223,2.354568243,2.536267281,49.86624527,65000
3371.085584,SHETLAND GP.,Kyrre Fm.,12.22937489,2.494414806,2.350054026,2.527883053,49.74921417,65000
3371.237584,SHETLAND GP.,Kyrre Fm.,12.22131443,2.502529144,2.360970736,2.532518148,50.82571411,65000
3371.389584,SHETLAND GP.,Kyrre Fm.,12.21433926,2.521136046,2.365995884,2.546063423,48.19633484,65000
3371.541584,SHETLAND GP.,Kyrre Fm.,12.20910454,2.51170516,2.350443363,2.555335999,49.97684097,65000
3371.693584,SHETLAND GP.,Kyrre Fm.,12.20958805,2.478573799,2.316639662,2.554558277,49.41425705,65000
3371.845584,SHETLAND GP.,Kyrre Fm.,12.20851994,2.444336653,2.282644033,2.553195477,50.17351151,65000
3371.997584,SHETLAND GP.,Kyrre Fm.,12.21411705,2.403715611,2.244173527,2.552131414,50.54312897,65000
3372.149584,SHETLAND GP.,Kyrre Fm.,12.21327877,2.368945599,2.214314699,2.548270464,53.56619263,65000
3372.301584,SHETLAND GP.,Kyrre Fm.,12.2085495,2.349110842,2.193752527,2.539426088,56.48522568,65000
3372.453584,SHETLAND GP.,Kyrre Fm.,12.20505714,2.336017609,2.180363417,2.528835297,55.67237091,65000
3372.605584,SHETLAND GP.,Kyrre Fm.,12.21273994,2.341114759,2.166865826,2.519352675,55.23771668,65000
3372.757584,SHETLAND GP.,Kyrre Fm.,12.20452213,2.320325375,2.132457256,2.512859821,53.94221497,65000
3372.909584,SHETLAND GP.,Kyrre Fm.,12.21669579,2.247872353,2.057017565,2.519411802,55.01808167,65030
3373.061584,SHETLAND GP.,Kyrre Fm.,12.21723461,2.170826674,1.981836557,2.541441679,56.47451782,65030
3373.213584,SHETLAND GP.,Kyrre Fm.,12.21519566,2.153175116,1.961316586,2.565440416,59.70002365,65030
3373.365584,SHETLAND GP.,Kyrre Fm.,12.21341991,2.204389095,1.997687936,2.568944693,63.22899628,65000
3373.517584,SHETLAND GP.,Kyrre Fm.,12.21080017,2.264006615,2.055608511,2.555891991,62.01327896,65000
3373.669584,SHETLAND GP.,Kyrre Fm.,12.21513748,2.333300114,2.132017374,2.539291143,57.77433395,65000
3373.821584,SHETLAND GP.,Kyrre Fm.,12.21780014,2.453758717,2.246856928,2.539011478,53.24694824,65000
3373.973584,SHETLAND GP.,Kyrre Fm.,12.20494556,2.5287745,2.334995985,2.546059847,51.31006241,65000
3374.125584,SHETLAND GP.,Kyrre Fm.,12.20112228,2.555644989,2.38715601,2.552811146,52.49183273,65000
3374.277584,SHETLAND GP.,Kyrre Fm.,12.20593166,2.591002226,2.430915117,2.55878377,52.61908341,65000
3374.429584,SHETLAND GP.,Kyrre Fm.,12.20730019,2.647013664,2.477513313,2.559789896,50.73650742,65000
3374.581584,SHETLAND GP.,Kyrre Fm.,12.21364689,2.695891619,2.517590523,2.558595419,50.80039597,65000
3374.733584,SHETLAND GP.,Kyrre Fm.,12.20938301,2.714386463,2.534787655,2.554111719,51.33779907,65000
3374.885584,SHETLAND GP.,Kyrre Fm.,12.21217632,2.691131115,2.512050867,2.55493021,51.57540894,65000
3375.037584,SHETLAND GP.,Kyrre Fm.,12.20116997,2.644833088,2.472628355,2.557657719,53.2993927,65000
3375.189584,SHETLAND GP.,Kyrre Fm.,12.1899004,2.635213614,2.462566137,2.556831121,55.09101105,65000
3375.341584,SHETLAND GP.,Kyrre Fm.,12.1899004,2.663791657,2.48721838,2.55462122,56.04372025,65000
3375.493584,SHETLAND GP.,Kyrre Fm.,12.19401932,2.701704502,2.52268672,2.557012558,56.23365402,65000
3375.645584,SHETLAND GP.,Kyrre Fm.,12.19690037,2.749589205,2.56411314,2.561800242,53.70890427,65000
3375.797584,SHETLAND GP.,Kyrre Fm.,12.19281769,2.768484116,2.571319819,2.563674927,51.76213074,65000
3375.949584,SHETLAND GP.,Kyrre Fm.,12.19396687,2.765086651,2.563422918,2.560430765,51.92730331,65000
3376.101584,SHETLAND GP.,Kyrre Fm.,12.19285584,2.760686874,2.568653107,2.558520079,56.36050797,65000
3376.253584,SHETLAND GP.,Kyrre Fm.,12.1899004,2.752266884,2.574556589,2.558957577,60.70989227,65000
3376.405584,SHETLAND GP.,Kyrre Fm.,12.20587444,2.742660761,2.574353218,2.559858799,59.46983719,65000
3376.557584,SHETLAND GP.,Kyrre Fm.,12.19795322,2.73050189,2.580998182,2.558732033,55.54847336,65000
3376.709584,SHETLAND GP.,Kyrre Fm.,12.19088364,2.705627918,2.577231884,2.5560956,50.72864151,65000
3376.861584,SHETLAND GP.,Kyrre Fm.,12.20276737,2.678436518,2.555933952,2.553068876,49.29881668,65000
3377.013584,SHETLAND GP.,Kyrre Fm.,12.20533371,2.711431027,2.578734398,2.553860188,49.30329514,65000
3377.165584,SHETLAND GP.,Kyrre Fm.,12.19993877,2.779319525,2.640842676,2.555308342,51.36963654,65000
3377.317584,SHETLAND GP.,Kyrre Fm.,12.20074654,2.832542658,2.681630135,2.550819397,52.08784866,65000
3377.469584,SHETLAND GP.,Kyrre Fm.,12.19609642,2.856404066,2.690169811,2.544118881,52.02666092,65000
3377.621584,SHETLAND GP.,Kyrre Fm.,12.19949246,2.854544878,2.678625345,2.539580822,51.14154434,65000
3377.773584,SHETLAND GP.,Kyrre Fm.,12.20537853,2.846992016,2.667958736,2.536672592,49.7820816,65000
3377.925584,SHETLAND GP.,Kyrre Fm.,12.20191574,2.841403484,2.663356781,2.528883934,51.28998184,65000
3378.077584,SHETLAND GP.,Kyrre Fm.,12.19847584,2.833628416,2.663228989,2.521334171,56.29175186,65000
3378.229584,SHETLAND GP.,Kyrre Fm.,12.19690037,2.839405298,2.670452595,2.523384571,61.72133637,65000
3378.381584,SHETLAND GP.,Kyrre Fm.,12.20061493,2.848715305,2.673438549,2.534299135,62.36820221,65000
3378.533584,SHETLAND GP.,Kyrre Fm.,12.2001009,2.811047554,2.644166231,2.549478293,58.13415146,65000
3378.685584,SHETLAND GP.,Kyrre Fm.,12.19690037,2.778992891,2.623198271,2.561697245,54.92714691,65000
3378.837584,SHETLAND GP.,Kyrre Fm.,12.19319058,2.794865131,2.639410019,2.57326746,53.64229202,65000
3378.989584,SHETLAND GP.,Kyrre Fm.,12.19359493,2.831147432,2.670563936,2.582755566,54.32455063,65000
3379.141584,SHETLAND GP.,Kyrre Fm.,12.20420551,2.83357954,2.668407917,2.586188316,54.47369766,65000
3379.293584,SHETLAND GP.,Kyrre Fm.,12.20713711,2.812376499,2.647237063,2.582085848,53.43973923,65000
3379.445584,SHETLAND GP.,Kyrre Fm.,12.20021057,2.810348988,2.638073921,2.572342157,52.01601028,65000
3379.597584,SHETLAND GP.,Kyrre Fm.,12.20408917,2.810941696,2.634665012,2.565848589,50.79465485,65000
3379.749584,SHETLAND GP.,Kyrre Fm.,12.20364285,2.806725502,2.633410692,2.562546492,50.50710297,65000
3379.901584,SHETLAND GP.,Kyrre Fm.,12.20043755,2.800045013,2.623630524,2.558185577,50.81237412,65000
3380.053584,SHETLAND GP.,Kyrre Fm.,12.2038002,2.778266907,2.607265234,2.547852516,51.54053497,65000
3380.205584,SHETLAND GP.,Kyrre Fm.,12.20557308,2.743015766,2.585592747,2.534272194,51.6320343,65000
3380.357584,SHETLAND GP.,Kyrre Fm.,12.20906544,2.714508772,2.561143637,2.523458004,51.06989288,65000
3380.509584,SHETLAND GP.,Kyrre Fm.,12.2090435,2.695717096,2.537605047,2.524322987,52.06415558,65000
3380.661584,SHETLAND GP.,Kyrre Fm.,12.20211124,2.684506416,2.517967701,2.538781643,54.90848923,65000
3380.813584,SHETLAND GP.,Kyrre Fm.,12.20379353,2.680507422,2.501812697,2.556030273,55.70841217,65000
3380.965584,SHETLAND GP.,Kyrre Fm.,12.20734501,2.69440937,2.493754625,2.559910297,53.73727799,65000
3381.117584,SHETLAND GP.,Kyrre Fm.,12.20040989,2.718887091,2.497429371,2.546893835,52.21321869,65000
3381.269584,SHETLAND GP.,Kyrre Fm.,12.20198727,2.740679264,2.513681412,2.533361912,54.55363083,65000
3381.421584,SHETLAND GP.,Kyrre Fm.,12.19884205,2.758698463,2.526640177,2.530919313,55.29489136,65000
3381.573584,SHETLAND GP.,Kyrre Fm.,12.19328117,2.728122234,2.502511025,2.53810215,53.52216339,65000
3381.725584,SHETLAND GP.,Kyrre Fm.,12.19690037,2.671515703,2.462742567,2.544715166,53.09169006,65000
3381.877584,SHETLAND GP.,Kyrre Fm.,12.20187664,2.64095521,2.440778971,2.546664953,52.61228943,65000
3382.029584,SHETLAND GP.,Kyrre Fm.,12.20563602,2.636830807,2.44449687,2.54739356,50.99103165,65000
3382.181584,SHETLAND GP.,Kyrre Fm.,12.21041393,2.665120602,2.478326798,2.547560692,49.00460815,65000
3382.333584,SHETLAND GP.,Kyrre Fm.,12.21780014,2.71735239,2.51871872,2.548233509,50.00444794,65000
3382.485584,SHETLAND GP.,Kyrre Fm.,12.22430325,2.770427704,2.547444582,2.549130201,53.78739548,65000
3382.637584,SHETLAND GP.,Kyrre Fm.,12.23007298,2.785038233,2.568899155,2.54654479,55.84340286,65000
3382.789584,SHETLAND GP.,Kyrre Fm.,12.21854973,2.795654774,2.598600626,2.540990114,55.59967804,65000
3382.941584,SHETLAND GP.,Kyrre Fm.,12.21212483,2.817986488,2.626627684,2.538497448,57.14024353,65000
3383.093584,SHETLAND GP.,Kyrre Fm.,12.21780014,2.811863899,2.631896496,2.546275377,60.05471802,65000
3383.245584,SHETLAND GP.,Kyrre Fm.,12.22411442,2.772319078,2.60310626,2.55457139,63.67883301,65000
3383.397584,SHETLAND GP.,Kyrre Fm.,12.22542954,2.726857901,2.561033011,2.554773808,64.2472229,65000
3383.549584,SHETLAND GP.,Kyrre Fm.,12.22246838,2.693611383,2.513899326,2.546448231,63.90357971,65000
3383.701584,SHETLAND GP.,Kyrre Fm.,12.22355557,2.661533833,2.480280876,2.538704872,65.35482025,65000
3383.853584,SHETLAND GP.,Kyrre Fm.,12.21780014,2.63884759,2.453906298,2.535367012,66.57887268,65000
3384.005584,SHETLAND GP.,Kyrre Fm.,12.20857525,2.589415312,2.383547068,2.529580593,66.20481873,65000
3384.157584,SHETLAND GP.,Kyrre Fm.,12.20605946,2.529195309,2.315416098,2.525438309,64.947052,65000
3384.309584,SHETLAND GP.,Kyrre Fm.,12.21474838,2.473595142,2.248276472,2.533237457,66.20289612,65000
3384.461584,SHETLAND GP.,Kyrre Fm.,12.20928192,2.40961957,2.196578503,2.553052902,69.83848572,65000
3384.613584,SHETLAND GP.,Kyrre Fm.,12.21182346,2.368540049,2.179578781,2.584836006,72.65136719,65000
3384.765584,SHETLAND GP.,Kyrre Fm.,12.22673702,2.247790337,2.082899571,2.611750603,70.75350189,65000
3384.917584,SHETLAND GP.,Kyrre Fm.,12.22385502,2.123842716,1.99671793,2.610000134,64.29582977,65000
3385.069584,SHETLAND GP.,Kyrre Fm.,12.200881,2.307369709,2.200408697,2.584825993,57.52567291,65000
3385.221584,SHETLAND GP.,Kyrre Fm.,12.20274067,2.662667513,2.545994997,2.552260399,52.98815155,65000
3385.373584,SHETLAND GP.,Kyrre Fm.,12.21371937,2.932639837,2.775513887,2.538323641,50.80104446,65000
3385.525584,SHETLAND GP.,Kyrre Fm.,12.2091322,2.943805933,2.770545244,2.534953356,50.32698822,65000
3385.677584,SHETLAND GP.,Kyrre Fm.,12.20263386,2.92142868,2.74818635,2.535508633,50.54733658,65000
3385.829584,SHETLAND GP.,Kyrre Fm.,12.2193737,2.931032419,2.749061346,2.54198432,49.80587769,65000
3385.981584,SHETLAND GP.,Kyrre Fm.,12.23455143,2.941689968,2.7463274,2.549425602,48.92001724,65000
3386.133584,SHETLAND GP.,Kyrre Fm.,12.22459698,2.913733959,2.717237234,2.550691843,49.60123062,65000
3386.285584,SHETLAND GP.,Kyrre Fm.,12.21360493,2.873425484,2.675382853,2.548414946,51.86083221,65000
3386.437584,SHETLAND GP.,Kyrre Fm.,12.22124672,2.8407619,2.634163141,2.548638105,51.09713364,65000
3386.589584,SHETLAND GP.,Kyrre Fm.,12.21631432,2.796380043,2.589844465,2.549773455,49.91915131,65000
3386.741584,SHETLAND GP.,Kyrre Fm.,12.22198486,2.772394657,2.570465088,2.548991919,48.83387756,65000
3386.893584,SHETLAND GP.,Kyrre Fm.,12.22323799,2.789381504,2.58623004,2.555277586,49.92604065,65000
3387.045584,SHETLAND GP.,Kyrre Fm.,12.21816444,2.868435144,2.65948534,2.569362879,48.14336014,65000
3387.197584,SHETLAND GP.,Kyrre Fm.,12.20496941,2.956008434,2.745677948,2.58238411,46.98012161,65000
3387.349584,SHETLAND GP.,Kyrre Fm.,12.22312164,2.9798913,2.776330471,2.578294992,47.78968048,65000
3387.501584,SHETLAND GP.,Kyrre Fm.,12.23036766,2.904268026,2.728670597,2.56712842,49.73114777,65000
3387.653584,SHETLAND GP.,Kyrre Fm.,12.22029305,2.802292347,2.652823925,2.561091662,48.17301941,65000
3387.805584,SHETLAND GP.,Kyrre Fm.,12.20598412,2.761156321,2.625490665,2.56871295,45.80315018,65000
3387.957584,SHETLAND GP.,Kyrre Fm.,12.20122528,2.76736331,2.644639731,2.581910372,46.42234421,65000
3388.109584,SHETLAND GP.,Kyrre Fm.,12.20074749,2.76136303,2.639635086,2.597123385,49.7970047,70000
3388.261584,SHETLAND GP.,Kyrre Fm.,12.21116066,2.733436585,2.589309692,2.607876539,54.26120758,70000
3388.413584,SHETLAND GP.,Kyrre Fm.,12.21524239,2.691163063,2.536613941,2.605331898,54.99464035,70000
3388.565584,SHETLAND GP.,Kyrre Fm.,12.20576,2.659100533,2.485759258,2.589603901,53.96517563,70000
3388.717584,SHETLAND GP.,Kyrre Fm.,12.20441055,2.685574055,2.492309094,2.569539785,51.74546814,65000
3388.869584,SHETLAND GP.,Kyrre Fm.,12.21780014,2.712676764,2.507955551,2.555129051,51.45373154,65000
3389.021584,SHETLAND GP.,Kyrre Fm.,12.21531677,2.753802061,2.541641235,2.544490576,52.64788437,65000
3389.173584,SHETLAND GP.,Kyrre Fm.,12.21692467,2.787748098,2.571154356,2.531574488,52.37094879,65000
3389.325584,SHETLAND GP.,Kyrre Fm.,12.22697926,2.773061991,2.567948103,2.5211339,51.82854843,65000
3389.477584,SHETLAND GP.,Kyrre Fm.,12.2186718,2.77775836,2.583768129,2.514827728,49.20563126,65000
3389.629584,SHETLAND GP.,Kyrre Fm.,12.2060957,2.788878441,2.622072458,2.517611265,46.21159363,65000
3389.781584,SHETLAND GP.,Kyrre Fm.,12.21333981,2.843022108,2.686879635,2.522043705,45.63473892,65000
3389.933584,SHETLAND GP.,Kyrre Fm.,12.21989822,2.951493025,2.787866831,2.528757334,48.333004,65000
3390.085584,SHETLAND GP.,Kyrre Fm.,12.20391941,3.042120218,2.856458187,2.53879261,52.78052521,65000
3390.237584,SHETLAND GP.,Kyrre Fm.,12.21546555,3.042517424,2.847849846,2.548802376,54.15612412,65000
3390.389584,SHETLAND GP.,Kyrre Fm.,12.21311951,3.005348921,2.801687241,2.555629492,53.49055862,65000
3390.541584,SHETLAND GP.,Kyrre Fm.,12.21780014,3.022955656,2.802450419,2.553943157,50.83694077,65000
3390.693584,SHETLAND GP.,Kyrre Fm.,12.21780014,3.052401543,2.808049917,2.545786142,48.67105484,65030
3390.845584,SHETLAND GP.,Kyrre Fm.,12.22454929,3.088824749,2.823610783,2.541173935,46.65108872,65030
3390.997584,SHETLAND GP.,Kyrre Fm.,12.23421001,3.019332171,2.780708313,2.544451952,46.46969986,65000
3391.149584,SHETLAND GP.,Kyrre Fm.,12.22581291,2.938760519,2.720482349,2.554498434,47.0397644,65000
3391.301584,SHETLAND GP.,Kyrre Fm.,12.22709942,2.861182928,2.678171635,2.559691906,49.32777405,65000
3391.453584,SHETLAND GP.,Kyrre Fm.,12.22035885,2.810665846,2.660602331,2.560044289,50.95734406,65000
3391.605584,SHETLAND GP.,Kyrre Fm.,12.20971489,2.776854277,2.651458979,2.55911231,50.48182678,65030
3391.757584,SHETLAND GP.,Kyrre Fm.,12.20837784,2.768796444,2.644882679,2.56473136,49.53281021,65030
3391.909584,SHETLAND GP.,Kyrre Fm.,12.21293545,2.715962648,2.602576017,2.569910049,49.18657303,65030
3392.061584,SHETLAND GP.,Kyrre Fm.,12.21780014,2.628687382,2.517175198,2.569882155,50.17988968,65000
3392.213584,SHETLAND GP.,Kyrre Fm.,12.21465588,2.574923277,2.459736586,2.562677622,49.70759201,65000
3392.365584,SHETLAND GP.,Kyrre Fm.,12.20834065,2.554112673,2.417939186,2.553915978,50.17912293,65000
3392.517584,SHETLAND GP.,Kyrre Fm.,12.21901512,2.536050558,2.384523153,2.556843281,47.9323082,65000
3392.669584,SHETLAND GP.,Kyrre Fm.,12.23462486,2.522653103,2.357412815,2.560219526,48.67061997,65000
3392.821584,SHETLAND GP.,Kyrre Fm.,12.22270775,2.538236141,2.358037472,2.555627108,48.56658173,65000
3392.973584,SHETLAND GP.,Kyrre Fm.,12.21780014,2.547865629,2.356031179,2.548303604,51.74690628,65000
3393.125584,SHETLAND GP.,Kyrre Fm.,12.223732,2.530311585,2.335682154,2.539156675,52.13277435,65000
3393.277584,SHETLAND GP.,Kyrre Fm.,12.23477364,2.490106821,2.303113699,2.537421227,53.68860626,65000
3393.429584,SHETLAND GP.,Kyrre Fm.,12.22278023,2.466854096,2.285449743,2.53059721,55.30355072,65000
3393.581584,SHETLAND GP.,Kyrre Fm.,12.22066975,2.466883183,2.287421227,2.523330689,57.94727325,65000
3393.733584,SHETLAND GP.,Kyrre Fm.,12.22343826,2.4708004,2.292658091,2.516942263,58.19669724,65000
3393.885584,SHETLAND GP.,Kyrre Fm.,12.20890331,2.45904994,2.28347683,2.516594887,58.50095749,65000
3394.037584,SHETLAND GP.,Kyrre Fm.,12.21313763,2.441692591,2.267021895,2.527075052,60.03847504,65000
3394.189584,SHETLAND GP.,Kyrre Fm.,12.23684311,2.424010754,2.249329329,2.540024281,59.25632477,65000
3394.341584,SHETLAND GP.,Kyrre Fm.,12.2298584,2.407594919,2.228830576,2.539726973,58.11871338,65000
3394.493584,SHETLAND GP.,Kyrre Fm.,12.21746254,2.417245388,2.246854544,2.534662724,54.08082581,65000
3394.645584,SHETLAND GP.,Kyrre Fm.,12.20226955,2.460837603,2.295384407,2.533772707,53.38674927,65000
3394.797584,SHETLAND GP.,Kyrre Fm.,12.21780014,2.515666246,2.346504211,2.541217327,52.34833527,65000
3394.949584,SHETLAND GP.,Kyrre Fm.,12.21426678,2.559702396,2.386860848,2.54656148,51.89505005,65000
3395.101584,SHETLAND GP.,Kyrre Fm.,12.20989418,2.61368537,2.433962107,2.541375876,53.38756943,65000
3395.253584,SHETLAND GP.,Kyrre Fm.,12.22049141,2.678987265,2.491402626,2.537516356,52.69729233,65000
3395.405584,SHETLAND GP.,Kyrre Fm.,12.1994381,2.769877195,2.570173025,2.535005331,53.94266129,65000
3395.557584,SHETLAND GP.,Kyrre Fm.,12.20983887,2.852642536,2.638279676,2.538031817,52.92656708,65000
3395.709584,SHETLAND GP.,Kyrre Fm.,12.22112942,2.921098709,2.696495056,2.539771795,52.96264267,65000
3395.861584,SHETLAND GP.,Kyrre Fm.,12.2308712,3.042500496,2.808129072,2.541018486,49.77274704,65000
3396.013584,SHETLAND GP.,Kyrre Fm.,12.22738266,3.181171179,2.937287808,2.54637742,46.13167191,65000
3396.165584,SHETLAND GP.,Kyrre Fm.,12.21827412,3.216738701,2.977318287,2.55756855,45.89778137,65000
3396.317584,SHETLAND GP.,Kyrre Fm.,12.201684,3.123787165,2.913071632,2.571665049,46.15618515,65000
3396.469584,SHETLAND GP.,Kyrre Fm.,12.21542454,3.005278826,2.821543694,2.569385529,48.09480667,65030
3396.621584,SHETLAND GP.,Kyrre Fm.,12.21117592,2.935669422,2.759684801,2.564795733,49.13489533,65030
3396.773584,SHETLAND GP.,Kyrre Fm.,12.22163487,2.88184762,2.712685585,2.561168194,51.53478241,65030
3396.925584,SHETLAND GP.,Kyrre Fm.,12.2145977,2.839094162,2.671868563,2.572324276,52.68782806,65030
3397.077584,SHETLAND GP.,Kyrre Fm.,12.2274456,2.815108299,2.642310381,2.57830596,52.83359909,65030
3397.229584,SHETLAND GP.,Kyrre Fm.,12.22175121,2.799320698,2.620914936,2.574036121,51.02318573,65030
3397.381584,SHETLAND GP.,Kyrre Fm.,12.21371746,2.779833078,2.606505871,2.556833267,49.92970276,65030
3397.533584,SHETLAND GP.,Kyrre Fm.,12.22469997,2.76026988,2.587803841,2.539844513,48.69515228,65030
3397.685584,SHETLAND GP.,Kyrre Fm.,12.22113228,2.738273621,2.567490578,2.532758713,47.39196014,65030
3397.837584,SHETLAND GP.,Kyrre Fm.,12.20520401,2.719041586,2.553714991,2.539125919,47.6034317,65000
3397.989584,SHETLAND GP.,Kyrre Fm.,12.19690037,2.708861589,2.527947664,2.555270433,48.53331757,65000
3398.141584,SHETLAND GP.,Kyrre Fm.,12.19963837,2.710567236,2.519778967,2.565343857,51.45693588,65000
3398.293584,SHETLAND GP.,Kyrre Fm.,12.20809364,2.729627132,2.523741722,2.561729431,53.28282929,65000
3398.445584,SHETLAND GP.,Kyrre Fm.,12.19889927,2.742351294,2.531785488,2.549601078,53.98650742,65000
3398.597584,SHETLAND GP.,Kyrre Fm.,12.20796013,2.695920706,2.488718748,2.54379034,53.2179451,65000
3398.749584,SHETLAND GP.,Kyrre Fm.,12.20820999,2.619739294,2.419210672,2.545434237,52.93505096,65030
3398.901584,SHETLAND GP.,Kyrre Fm.,12.19690037,2.551415205,2.367725372,2.541172266,52.5597496,65030
3399.053584,SHETLAND GP.,Kyrre Fm.,12.20258331,2.534254313,2.355116844,2.529883862,53.3565979,65030
3399.205584,SHETLAND GP.,Kyrre Fm.,12.22510243,2.533164978,2.359860182,2.522912502,52.43083572,65030
3399.357584,SHETLAND GP.,Kyrre Fm.,12.21203041,2.524328709,2.358490944,2.521430254,51.61245728,65000
3399.509584,SHETLAND GP.,Kyrre Fm.,12.21597862,2.523475885,2.355244637,2.527807236,52.20028305,65000
3399.661584,SHETLAND GP.,Kyrre Fm.,12.20789814,2.58928895,2.391960383,2.531828404,53.46966171,65000
3399.813584,SHETLAND GP.,Kyrre Fm.,12.21371269,2.638850689,2.416918516,2.536295891,54.70985031,65000
3399.965584,SHETLAND GP.,Kyrre Fm.,12.22417069,2.641465902,2.422566414,2.531167984,55.75097275,65000
3400.117584,SHETLAND GP.,Kyrre Fm.,12.20608044,2.652707577,2.44201684,2.529897451,56.53324127,65000
3400.269584,SHETLAND GP.,Kyrre Fm.,12.21780014,2.661004305,2.448625565,2.527924061,57.02244949,65000
3400.421584,SHETLAND GP.,Kyrre Fm.,12.21449566,2.648575068,2.439408779,2.533799887,54.3592186,65000
3400.573584,SHETLAND GP.,Kyrre Fm.,12.20012951,2.620527983,2.419404507,2.533614397,51.28326416,65000
3400.725584,SHETLAND GP.,Kyrre Fm.,12.21673489,2.710025311,2.503491163,2.531960487,49.26153946,65000
3400.877584,SHETLAND GP.,Kyrre Fm.,12.21027565,2.9295187,2.689359903,2.528249979,48.01952744,65000
3401.029584,SHETLAND GP.,Kyrre Fm.,12.20576668,3.162547588,2.88104105,2.527872086,47.24773026,65000
3401.181584,SHETLAND GP.,Kyrre Fm.,12.1999073,3.231881619,2.950145721,2.530341148,48.39699936,65000
3401.333584,SHETLAND GP.,Kyrre Fm.,12.21581745,3.221369505,2.944066763,2.528120279,49.87398529,65000
3401.485584,SHETLAND GP.,Kyrre Fm.,12.20477581,3.263038874,2.978270769,2.523623705,49.86940002,65000
3401.637584,SHETLAND GP.,Kyrre Fm.,12.21032143,3.334268093,3.054412842,2.521806479,46.67566681,65000
3401.789584,SHETLAND GP.,Kyrre Fm.,12.20776653,3.351657629,3.088728905,2.525879383,44.96038055,65000
3401.941584,SHETLAND GP.,Kyrre Fm.,12.20897961,3.302341938,3.06079483,2.533721924,44.96718216,65000
3402.093584,SHETLAND GP.,Kyrre Fm.,12.19778824,3.215457201,2.999246359,2.550670624,45.29528046,65000
3402.245584,SHETLAND GP.,Kyrre Fm.,12.2038002,3.161466122,2.966760397,2.571744204,46.8676796,70000
3402.397584,SHETLAND GP.,Kyrre Fm.,12.20294476,3.132457495,2.942700625,2.581525087,48.30535889,70000
3402.549584,SHETLAND GP.,Kyrre Fm.,12.19773102,3.064730644,2.880088329,2.567054272,50.67650604,70000
3402.701584,SHETLAND GP.,Kyrre Fm.,12.20051765,3.015526056,2.824301004,2.540757656,50.36383057,70000
3402.853584,SHETLAND GP.,Kyrre Fm.,12.18084145,2.969451904,2.774576902,2.527359009,48.92602539,65000
3403.005584,SHETLAND GP.,Kyrre Fm.,12.21660996,2.935307026,2.735741377,2.530735016,48.59651184,65000
3403.157584,SHETLAND GP.,Kyrre Fm.,12.20691586,2.935895681,2.727139711,2.536545038,49.98298264,65000
3403.309584,SHETLAND GP.,Kyrre Fm.,12.2030592,2.955479145,2.739413738,2.543109894,51.19313812,65000
3403.461584,SHETLAND GP.,Kyrre Fm.,12.19690037,2.979961634,2.761271954,2.540194988,48.15192795,65000
3403.613584,SHETLAND GP.,Kyrre Fm.,12.1976099,3.006226063,2.791293383,2.534820795,47.00960159,65000
3403.765584,SHETLAND GP.,Kyrre Fm.,12.20104504,3.007664919,2.796224117,2.524954081,46.10830307,65030
3403.917584,SHETLAND GP.,Kyrre Fm.,12.1766777,3.001618624,2.802238941,2.520890236,47.50126267,65030
3404.069584,SHETLAND GP.,Kyrre Fm.,12.18431473,2.992841721,2.80936265,2.521916151,49.81845093,65030
3404.221584,SHETLAND GP.,Kyrre Fm.,12.19690037,3.017180443,2.85223937,2.53339386,49.62584686,65030
3404.373584,SHETLAND GP.,Kyrre Fm.,12.19690037,3.049438477,2.907202482,2.54164052,46.14644241,65030
3404.525584,SHETLAND GP.,Kyrre Fm.,12.19690037,3.096774101,2.982870579,2.5452981,47.7367897,65030
3404.677584,SHETLAND GP.,Kyrre Fm.,12.1963129,3.186703682,3.110818386,2.537244797,48.52230454,65030
3404.829584,SHETLAND GP.,Kyrre Fm.,12.1904726,3.309725046,3.261551857,2.542483807,49.64616013,65030
3404.981584,SHETLAND GP.,Kyrre Fm.,12.19648361,3.393499851,3.415711641,2.546934843,47.58108902,65030
3405.133584,SHETLAND GP.,Kyrre Fm.,12.19124985,3.578217745,3.678160906,2.547918081,49.32354355,65000
3405.285584,SHETLAND GP.,Kyrre Fm.,12.18665695,3.908997774,4.11782217,2.541247368,50.22975159,65000
3405.437584,SHETLAND GP.,Kyrre Fm.,12.18891239,4.301347733,4.666491509,2.548051357,51.09794235,65000
3405.589584,SHETLAND GP.,Kyrre Fm.,12.17815018,4.299462795,4.771207333,2.563532829,51.61040878,65000
3405.741584,SHETLAND GP.,Kyrre Fm.,12.20798206,3.927761793,4.39568758,2.569172859,54.0378418,65000
3405.893584,SHETLAND GP.,Kyrre Fm.,12.21780014,3.646476746,4.032844067,2.565498829,54.55726242,65000
3406.045584,SHETLAND GP.,Kyrre Fm.,12.21653748,3.472713232,3.877835512,2.559518099,49.52954865,65000
3406.197584,SHETLAND GP.,Kyrre Fm.,12.19730187,3.447173834,3.778032064,2.559543848,48.30724335,65000
3406.349584,SHETLAND GP.,Kyrre Fm.,12.20458221,3.407124043,3.706440926,2.55491972,50.36806107,65030
3406.501584,SHETLAND GP.,Kyrre Fm.,12.21780014,3.391625881,3.574768066,2.546050072,53.62372971,65030
3406.653584,SHETLAND GP.,Kyrre Fm.,12.21780014,3.347055197,3.435932398,2.531951666,53.76644135,65030
3406.805584,SHETLAND GP.,Kyrre Fm.,12.21713448,3.324647903,3.302072287,2.523371458,53.57122421,65030
3406.957584,SHETLAND GP.,Kyrre Fm.,12.20443344,3.392612457,3.361268759,2.522831678,50.17234039,70000
3407.109584,SHETLAND GP.,Kyrre Fm.,12.21722031,3.447324753,3.388900518,2.523703098,47.55407333,70000
3407.261584,SHETLAND GP.,Kyrre Fm.,12.20311832,3.284440756,3.207085609,2.528188467,46.96785355,70000
3407.413584,SHETLAND GP.,Kyrre Fm.,12.18756008,3.129138947,3.054973364,2.523088694,48.9714241,65000
3407.565584,SHETLAND GP.,Kyrre Fm.,12.21780014,3.01386714,2.930541039,2.525548697,50.96289444,65000
3407.717584,SHETLAND GP.,Kyrre Fm.,12.21694088,2.896723747,2.82283473,2.529961824,46.85471726,65000
3407.869584,SHETLAND GP.,Kyrre Fm.,12.19029713,2.835841179,2.730572939,2.538259745,49.73970795,65000
3408.021584,SHETLAND GP.,Kyrre Fm.,12.20389271,2.771605969,2.657035112,2.540149927,52.0168457,65000
3408.173584,SHETLAND GP.,Kyrre Fm.,12.20688152,2.735978127,2.614573002,2.534518242,53.37181091,65000
3408.325584,SHETLAND GP.,Kyrre Fm.,12.1903553,2.785802841,2.643259287,2.531169415,50.86872101,65000
3408.477584,SHETLAND GP.,Kyrre Fm.,12.21080017,2.877118826,2.705642223,2.529907465,50.05605698,65000
3408.629584,SHETLAND GP.,Kyrre Fm.,12.21107292,2.944782257,2.77473402,2.535973787,52.53814316,65000
3408.781584,SHETLAND GP.,Kyrre Fm.,12.22778034,3.000312805,2.839748383,2.547130823,52.29452133,65030
3408.933584,SHETLAND GP.,Kyrre Fm.,12.19690037,3.00902319,2.843581915,2.564153433,48.52697372,65030
3409.085584,SHETLAND GP.,Kyrre Fm.,12.19684887,3.046672344,2.868570805,2.56883812,50.88704681,65030
3409.237584,SHETLAND GP.,Kyrre Fm.,12.1900053,3.056368828,2.864459276,2.560308695,49.80143738,65030
3409.389584,SHETLAND GP.,Kyrre Fm.,12.21084881,3.030408859,2.836610079,2.542280674,49.0663414,65030
3409.541584,SHETLAND GP.,Kyrre Fm.,12.22818375,2.997795105,2.804399729,2.535400868,44.71227264,65030
3409.693584,SHETLAND GP.,Kyrre Fm.,12.19700432,2.988132238,2.80410099,2.537094355,45.79797745,65030
3409.845584,SHETLAND GP.,Kyrre Fm.,12.20724201,3.021711111,2.833534479,2.546845198,52.77332306,65030
3409.997584,SHETLAND GP.,Kyrre Fm.,12.19698238,2.99600482,2.807705402,2.552555084,56.21092987,65030
3410.149584,SHETLAND GP.,Kyrre Fm.,12.22441959,2.932446241,2.752164602,2.56348896,54.97914505,65030
3410.301584,SHETLAND GP.,Kyrre Fm.,12.22815132,2.868396282,2.688294888,2.574150801,49.84015656,65000
3410.453584,SHETLAND GP.,Kyrre Fm.,12.20419598,2.860613585,2.665855169,2.56810236,46.24998474,65000
3410.605584,SHETLAND GP.,Kyrre Fm.,12.2175417,2.867665052,2.662261009,2.556908846,47.62493134,65000
3410.757584,SHETLAND GP.,Kyrre Fm.,12.20409012,2.892086029,2.646923304,2.542010784,46.96934891,65000
3410.909584,SHETLAND GP.,Kyrre Fm.,12.20722008,2.932950735,2.657542467,2.543067932,46.72148895,65000
3411.061584,SHETLAND GP.,Kyrre Fm.,12.23785877,2.984214306,2.680378199,2.535800934,44.94156647,65000
3411.213584,SHETLAND GP.,Kyrre Fm.,12.21840859,2.991036892,2.676048279,2.536959171,47.6898613,65000
3411.365584,SHETLAND GP.,Kyrre Fm.,12.21780014,2.957297325,2.642482042,2.536903143,52.71678162,65000
3411.517584,SHETLAND GP.,Kyrre Fm.,12.21780014,2.904595137,2.605160475,2.543761253,53.59115219,65000
3411.669584,SHETLAND GP.,Kyrre Fm.,12.2076931,2.84177208,2.565685272,2.542652369,54.83993149,65000
3411.821584,SHETLAND GP.,Kyrre Fm.,12.19731331,2.77957511,2.522236109,2.54115963,54.71292114,65000
3411.973584,SHETLAND GP.,Kyrre Fm.,12.19690037,2.739929199,2.492621899,2.532956839,54.53153229,65000
3412.125584,SHETLAND GP.,Kyrre Fm.,12.21687508,2.780353308,2.538518906,2.52982831,53.13499451,65000
3412.277584,SHETLAND GP.,Kyrre Fm.,12.19790363,2.825043678,2.562214613,2.528176785,48.91703796,65030
3412.429584,SHETLAND GP.,Kyrre Fm.,12.21674728,2.856449127,2.580013752,2.529049635,52.99171829,65030
3412.581584,SHETLAND GP.,Kyrre Fm.,12.21780014,2.866621256,2.585731745,2.528531551,54.28158188,65030
3412.733584,SHETLAND GP.,Kyrre Fm.,12.22432137,2.883167267,2.597246885,2.532847405,53.98466492,65030
3412.885584,SHETLAND GP.,Kyrre Fm.,12.22799969,2.897960186,2.609214544,2.54111433,52.12369919,65000
3413.037584,SHETLAND GP.,Kyrre Fm.,12.20528603,2.891662836,2.614125967,2.550427675,51.47052002,65000
3413.189584,SHETLAND GP.,Kyrre Fm.,12.21691513,2.896820545,2.641753435,2.569266796,51.09507752,65000
3413.341584,SHETLAND GP.,Kyrre Fm.,12.19826889,2.875799894,2.65238452,2.577322006,50.20927429,65000
3413.493584,SHETLAND GP.,Kyrre Fm.,12.19690037,2.847171783,2.656262875,2.578825474,47.95988846,65000
3413.645584,SHETLAND GP.,Kyrre Fm.,12.21630573,2.760706425,2.59911871,2.574814796,47.96941376,65000
3413.797584,SHETLAND GP.,Kyrre Fm.,12.20807552,2.702614546,2.555154324,2.584039211,46.29869461,65000
3413.949584,SHETLAND GP.,Kyrre Fm.,12.20406628,2.735824347,2.589416742,2.603185177,47.1721611,70000
3414.101584,SHETLAND GP.,Kyrre Fm.,12.1974411,2.790049791,2.623189688,2.585069656,48.09230804,70000
3414.253584,SHETLAND GP.,Kyrre Fm.,12.22241688,2.825057507,2.635988474,2.555496216,51.83469391,70000
3414.405584,SHETLAND GP.,Kyrre Fm.,12.22790432,2.85553956,2.639005661,2.519492626,49.03181076,70000
3414.557584,SHETLAND GP.,Kyrre Fm.,12.23139668,2.900383234,2.629884958,2.509185553,49.41933441,65000
3414.709584,SHETLAND GP.,Kyrre Fm.,12.21903706,2.886271238,2.626266956,2.513965845,48.98674774,65000
3414.861584,SHETLAND GP.,Kyrre Fm.,12.21143913,2.815163612,2.560026169,2.526676893,53.53320694,65000
3415.013584,SHETLAND GP.,Kyrre Fm.,12.20763302,2.74222374,2.49041009,2.546996117,56.13364029,65000
3415.165584,SHETLAND GP.,Kyrre Fm.,12.22616482,2.652529955,2.412854195,2.562268496,56.62274551,65000
3415.317584,SHETLAND GP.,Kyrre Fm.,12.21883678,2.603713989,2.366124392,2.572793722,55.00165939,65000
3415.469584,SHETLAND GP.,Kyrre Fm.,12.23657036,2.570650339,2.332342148,2.572991848,53.9888916,65000
3415.621584,SHETLAND GP.,Kyrre Fm.,12.22000694,2.555951595,2.323275566,2.566817999,54.10640717,65000
3415.773584,SHETLAND GP.,Kyrre Fm.,12.21780014,2.563163042,2.316088438,2.555485249,54.15682221,65000
3415.925584,SHETLAND GP.,Kyrre Fm.,12.21157169,2.560018301,2.312541962,2.546637535,48.8264885,65000
3416.077584,SHETLAND GP.,Kyrre Fm.,12.22624207,2.520894766,2.28042841,2.546765089,49.6312561,65000
3416.229584,SHETLAND GP.,Kyrre Fm.,12.23748016,2.484271288,2.250858069,2.553263426,49.48311234,65000
3416.381584,SHETLAND GP.,Kyrre Fm.,12.21411037,2.507951021,2.287337542,2.55903554,55.04271698,65000
3416.533584,SHETLAND GP.,Kyrre Fm.,12.22609615,2.5087111,2.295688868,2.555040836,56.26125336,65000
3416.685584,SHETLAND GP.,Kyrre Fm.,12.21908093,2.510229111,2.303202391,2.544667006,56.1777916,65000
3416.837584,SHETLAND GP.,Kyrre Fm.,12.19952107,2.510062695,2.305686951,2.546273708,54.66160965,65000
3416.989584,SHETLAND GP.,Kyrre Fm.,12.21510315,2.506951809,2.303200007,2.552361012,52.9555397,65000
3417.141584,SHETLAND GP.,Kyrre Fm.,12.22379208,2.51431632,2.300802469,2.555458069,54.13040161,65000
3417.293584,SHETLAND GP.,Kyrre Fm.,12.22773171,2.52554822,2.304917574,2.54705143,51.66691208,65000
3417.445584,SHETLAND GP.,Kyrre Fm.,12.23122406,2.535998821,2.31596756,2.545268059,50.95849609,65000
3417.597584,SHETLAND GP.,Kyrre Fm.,12.22868919,2.561575174,2.338936091,2.556728363,49.34921646,65000
3417.749584,SHETLAND GP.,Kyrre Fm.,12.21927834,2.629066467,2.399446964,2.563575506,51.60213471,65000
3417.901584,SHETLAND GP.,Kyrre Fm.,12.19991875,2.628220797,2.417798281,2.563373327,50.43106079,65000
3418.053584,SHETLAND GP.,Kyrre Fm.,12.20278835,2.609830856,2.419811964,2.549119949,49.85966873,65000
3418.205584,SHETLAND GP.,Kyrre Fm.,12.20974827,2.577174902,2.412252665,2.540411949,49.50465775,65000
3418.357584,SHETLAND GP.,Kyrre Fm.,12.22554207,2.58621788,2.433605433,2.540147066,52.21057892,65000
3418.509584,SHETLAND GP.,Kyrre Fm.,12.21349812,2.622006893,2.475216389,2.546299219,52.23501968,65000
3418.661584,SHETLAND GP.,Kyrre Fm.,12.2049017,2.65826869,2.506875515,2.545377493,52.73522949,65000
3418.813584,SHETLAND GP.,Kyrre Fm.,12.21556664,2.685331345,2.526964426,2.538276434,54.38559723,65000
3418.965584,SHETLAND GP.,Kyrre Fm.,12.21780014,2.71375227,2.543289661,2.528213024,56.83165741,65000
3419.117584,SHETLAND GP.,Kyrre Fm.,12.20903969,2.746617079,2.553826094,2.525832653,58.46395493,65000
3419.269584,SHETLAND GP.,Kyrre Fm.,12.20438767,2.75036931,2.566965818,2.5241189,57.50750351,65000
3419.421584,SHETLAND GP.,Kyrre Fm.,12.21541786,2.758215427,2.579589844,2.533425808,56.80103302,65000
3419.573584,SHETLAND GP.,Kyrre Fm.,12.20053196,2.771715164,2.591697693,2.540770531,53.55383682,65000
3419.725584,SHETLAND GP.,Kyrre Fm.,12.19690037,2.771234751,2.604590654,2.541817665,50.48215103,65000
3419.877584,SHETLAND GP.,Kyrre Fm.,12.20256805,2.767149925,2.614457369,2.536624908,48.93346024,65000
3420.029584,SHETLAND GP.,Kyrre Fm.,12.23238945,2.767464876,2.625930309,2.55155611,49.18427658,65000
3420.181584,SHETLAND GP.,Kyrre Fm.,12.23299027,2.780750036,2.643760204,2.595881462,52.10655212,65000
3420.333584,SHETLAND GP.,Kyrre Fm.,12.21186066,2.730036736,2.610630274,2.621117592,52.43678665,65000
3420.485584,SHETLAND GP.,Kyrre Fm.,12.20446205,2.650158405,2.536199093,2.610853672,52.74163055,70000
3420.637584,SHETLAND GP.,Kyrre Fm.,12.2038002,2.593163252,2.477460861,2.571618795,50.3248291,70000
3420.789584,SHETLAND GP.,Kyrre Fm.,12.2038002,2.580900431,2.457282543,2.543103695,51.34298706,70000
3420.941584,SHETLAND GP.,Kyrre Fm.,12.19826126,2.580059052,2.447032929,2.536132574,52.22900009,70000
3421.093584,SHETLAND GP.,Kyrre Fm.,12.213624,2.587841749,2.446060181,2.538240433,52.92765808,65000
3421.245584,SHETLAND GP.,Kyrre Fm.,12.2066288,2.595624924,2.43760252,2.544964314,53.94117355,65000
3421.397584,SHETLAND GP.,Kyrre Fm.,12.21494007,2.589700222,2.416542292,2.545306444,51.84493256,65000
3421.549584,SHETLAND GP.,Kyrre Fm.,12.21780014,2.637388945,2.442277193,2.54349494,51.39403534,65000
3421.701584,SHETLAND GP.,Kyrre Fm.,12.20129871,2.696194887,2.468144178,2.543179035,50.71471787,65000
3421.853584,SHETLAND GP.,Kyrre Fm.,12.19690037,2.711155653,2.482898712,2.544695616,53.33783722,65000
3422.005584,SHETLAND GP.,Kyrre Fm.,12.19690037,2.695884943,2.468407393,2.546434403,54.66851807,65000
3422.157584,SHETLAND GP.,Kyrre Fm.,12.20776367,2.666099787,2.443067312,2.550160646,52.99995041,65000
3422.309584,SHETLAND GP.,Kyrre Fm.,12.21080017,2.62651825,2.41050458,2.556241036,51.38388443,65000
3422.461584,SHETLAND GP.,Kyrre Fm.,12.20000458,2.583514452,2.374628782,2.555835962,50.64678574,65000
3422.613584,SHETLAND GP.,Kyrre Fm.,12.20495415,2.536550283,2.341331244,2.547323465,51.93416596,65000
3422.765584,SHETLAND GP.,Kyrre Fm.,12.1938858,2.498177767,2.300695896,2.53513217,55.28540039,65000
3422.917584,SHETLAND GP.,Kyrre Fm.,12.20326901,2.462724924,2.262987375,2.53043294,53.78666306,65000
3423.069584,SHETLAND GP.,Kyrre Fm.,12.20998097,2.495407105,2.281258822,2.5289042,53.48931122,65000
3423.221584,SHETLAND GP.,Kyrre Fm.,12.21614647,2.576870918,2.340192556,2.531349897,52.93722153,65000
3423.373584,SHETLAND GP.,Kyrre Fm.,12.20188427,2.667728663,2.403039217,2.530067682,54.13067246,65000
3423.525584,SHETLAND GP.,Kyrre Fm.,12.21274376,2.704585552,2.424092054,2.531825781,53.59388351,65000
3423.677584,SHETLAND GP.,Kyrre Fm.,12.2283001,2.723677635,2.425797701,2.537661314,50.25976944,65000
3423.829584,SHETLAND GP.,Kyrre Fm.,12.23169994,2.743664503,2.449274063,2.546379805,49.26116562,65000
3423.981584,SHETLAND GP.,Kyrre Fm.,12.22126198,2.748324394,2.46571064,2.556209087,50.19872284,65000
3424.133584,SHETLAND GP.,Kyrre Fm.,12.21780014,2.7166574,2.48183012,2.562213182,51.7348938,65000
3424.285584,SHETLAND GP.,Kyrre Fm.,12.22554588,2.67248416,2.495013952,2.563846827,54.59527969,65000
3424.437584,SHETLAND GP.,Kyrre Fm.,12.22047806,2.619937658,2.494584322,2.557762623,55.70356369,65000
3424.589584,SHETLAND GP.,Kyrre Fm.,12.21780014,2.561875105,2.498878002,2.544125557,57.14293671,65000
3424.741584,SHETLAND GP.,Kyrre Fm.,12.21006298,2.503468275,2.465357542,2.531626463,56.2755127,65000
3424.893584,SHETLAND GP.,Kyrre Fm.,12.21500874,2.447647333,2.428472281,2.528012753,55.46342087,65000
3425.045584,SHETLAND GP.,Kyrre Fm.,12.22541142,2.438928366,2.435070276,2.54229188,55.00994492,65000
3425.197584,SHETLAND GP.,Kyrre Fm.,12.22819996,2.622346401,2.590790033,2.569270849,53.95954132,65000
3425.349584,SHETLAND GP.,Kyrre Fm.,12.21554375,2.816358328,2.774204016,2.579045773,51.23712158,65000
3425.501584,SHETLAND GP.,Kyrre Fm.,12.20573235,2.88612628,2.832670212,2.572170496,45.84972382,65000
3425.653584,SHETLAND GP.,Kyrre Fm.,12.20884895,2.901019573,2.827972412,2.554080725,45.31576538,65000
3425.805584,SHETLAND GP.,Kyrre Fm.,12.20828342,3.004523277,2.8704741,2.542663336,48.13401794,65000
3425.957584,SHETLAND GP.,Kyrre Fm.,12.19984627,3.108581066,2.962084055,2.532902241,50.37237549,65000
3426.109584,SHETLAND GP.,Kyrre Fm.,12.21673203,3.055557728,2.918008089,2.525691032,49.97449112,65000
3426.261584,SHETLAND GP.,Kyrre Fm.,12.20494366,2.923726559,2.78633666,2.531035423,50.00476074,65000
3426.413584,SHETLAND GP.,Kyrre Fm.,12.21170616,2.865402699,2.714947224,2.547926188,51.312397,65000
3426.565584,SHETLAND GP.,Kyrre Fm.,12.21285725,2.870981216,2.665768623,2.564009666,51.15166092,65000
3426.717584,SHETLAND GP.,Kyrre Fm.,12.21571922,2.871029377,2.622781515,2.575819492,48.95123291,65000
3426.869584,SHETLAND GP.,Kyrre Fm.,12.20316982,2.886160612,2.612849951,2.572209597,49.42650223,65000
3427.021584,SHETLAND GP.,Kyrre Fm.,12.20171452,2.911183834,2.624345541,2.560577869,51.37670136,65000
3427.173584,SHETLAND GP.,Kyrre Fm.,12.21353722,2.970476627,2.667879343,2.542263746,52.73913956,65000
3427.325584,SHETLAND GP.,Kyrre Fm.,12.21052074,3.021939516,2.717344523,2.537563801,53.44910431,65000
3427.477584,SHETLAND GP.,Kyrre Fm.,12.20971489,3.008345842,2.729561329,2.544854164,52.98928452,65000
3427.629584,SHETLAND GP.,Kyrre Fm.,12.2156105,2.885114193,2.64710474,2.556939125,52.33297348,65000
3427.781584,SHETLAND GP.,Kyrre Fm.,12.23211384,2.77632165,2.590617657,2.5619905,52.0483284,65030
3427.933584,SHETLAND GP.,Kyrre Fm.,12.21726513,2.744821549,2.587161064,2.563082695,50.62234879,65030
3428.085584,SHETLAND GP.,Kyrre Fm.,12.20492268,2.736214876,2.59499836,2.567679405,47.51595688,65030
3428.237584,SHETLAND GP.,Kyrre Fm.,12.21327114,2.70857501,2.584646225,2.573421001,45.35659409,65030
3428.389584,SHETLAND GP.,Kyrre Fm.,12.21308041,2.677179098,2.565217018,2.577829599,47.54216003,65030
3428.541584,SHETLAND GP.,Kyrre Fm.,12.20609665,2.653722286,2.541999817,2.582728863,50.17909622,65030
3428.693584,SHETLAND GP.,Kyrre Fm.,12.21316147,2.65826726,2.533398867,2.582560778,49.74461746,65030
3428.845584,SHETLAND GP.,Kyrre Fm.,12.21780014,2.677151203,2.54012537,2.571678162,47.17940521,65030
3428.997584,SHETLAND GP.,Kyrre Fm.,12.21547699,2.697802544,2.558996201,2.550042868,45.44041443,65030
3429.149584,SHETLAND GP.,Kyrre Fm.,12.21198559,2.689357758,2.559855461,2.533465147,47.59849167,65000
3429.301584,SHETLAND GP.,Kyrre Fm.,12.2061863,2.731756687,2.585103273,2.528838635,49.01099396,65000
3429.453584,SHETLAND GP.,Kyrre Fm.,12.21298122,2.805542946,2.641578198,2.532403708,54.21175766,65000
3429.605584,SHETLAND GP.,Kyrre Fm.,12.2223053,2.894985914,2.707151175,2.541583061,53.22247315,65000
3429.757584,SHETLAND GP.,Kyrre Fm.,12.21565437,2.930110931,2.724217892,2.552362919,51.87276077,65000
3429.909584,SHETLAND GP.,Kyrre Fm.,12.21533966,2.916268349,2.706827641,2.561028481,48.41505432,65000
3430.061584,SHETLAND GP.,Kyrre Fm.,12.21328354,2.90075779,2.687070131,2.566861391,48.48101425,65000
3430.213584,SHETLAND GP.,Kyrre Fm.,12.21529675,2.873117685,2.654512405,2.56731534,49.27745056,65000
3430.365584,SHETLAND GP.,Kyrre Fm.,12.22221661,2.829886437,2.621600628,2.566600084,48.83134079,65000
3430.517584,SHETLAND GP.,Kyrre Fm.,12.23363018,2.766782761,2.556663036,2.561241865,48.34781265,65000
3430.669584,SHETLAND GP.,Kyrre Fm.,12.22099495,2.765983582,2.541945458,2.555344343,48.15886688,65000
3430.821584,SHETLAND GP.,Kyrre Fm.,12.2085886,2.824506283,2.583203077,2.548519611,46.57236862,65000
3430.973584,SHETLAND GP.,Kyrre Fm.,12.22265911,2.89687109,2.635288715,2.546695948,45.75479507,65000
3431.125584,SHETLAND GP.,Kyrre Fm.,12.22298145,2.977965593,2.7014153,2.550034285,45.92930222,65000
3431.277584,SHETLAND GP.,Kyrre Fm.,12.21342564,3.012487412,2.735062361,2.559412241,45.87287903,65000
3431.429584,SHETLAND GP.,Kyrre Fm.,12.20862389,3.015592098,2.740503073,2.574607134,45.23475266,65000
3431.581584,SHETLAND GP.,Kyrre Fm.,12.20513439,3.057097197,2.793213129,2.584032536,44.10401917,65000
3431.733584,SHETLAND GP.,Kyrre Fm.,12.22531986,3.123535872,2.867977381,2.588366509,44.41154862,65030
3431.885584,SHETLAND GP.,Kyrre Fm.,12.22155953,3.191812754,2.942864895,2.585353851,46.23551559,65030
3432.037584,SHETLAND GP.,Kyrre Fm.,12.21080017,3.235305548,2.990394354,2.582499981,47.19804764,65030
3432.189584,SHETLAND GP.,Kyrre Fm.,12.2213831,3.214919329,2.982727289,2.580979347,49.36317444,65030
3432.341584,SHETLAND GP.,Kyrre Fm.,12.21765614,3.155390263,2.933917284,2.577757835,48.17560577,65030
3432.493584,SHETLAND GP.,Kyrre Fm.,12.20240879,3.094623804,2.876554012,2.573462486,45.63755798,65030
3432.645584,SHETLAND GP.,Kyrre Fm.,12.19690037,3.052443981,2.835323811,2.568597555,43.64128113,65030
3432.797584,SHETLAND GP.,Kyrre Fm.,12.21351337,3.03999877,2.82052803,2.568094015,43.78709412,65030
3432.949584,SHETLAND GP.,Kyrre Fm.,12.22469997,3.075027943,2.853730202,2.57058835,45.50580978,65030
3433.101584,SHETLAND GP.,Kyrre Fm.,12.2082119,3.123016834,2.897009134,2.570710421,45.09283829,65030
3433.253584,SHETLAND GP.,Kyrre Fm.,12.2133255,3.172136784,2.930865526,2.566495895,44.99235153,65030
3433.405584,SHETLAND GP.,Kyrre Fm.,12.20836353,3.211876631,2.974575758,2.56352973,47.36286926,65030
3433.557584,SHETLAND GP.,Kyrre Fm.,12.20502758,3.252417326,3.02299881,2.565597296,49.66936112,65030
3433.709584,SHETLAND GP.,Kyrre Fm.,12.20876122,3.294325829,3.058035135,2.569222212,50.56783295,65030
3433.861584,SHETLAND GP.,Kyrre Fm.,12.21739578,3.298295975,3.056219339,2.569961786,47.44743729,65030
3434.013584,SHETLAND GP.,Kyrre Fm.,12.21465969,3.236813784,3.000507116,2.567134142,46.1323204,65030
3434.165584,SHETLAND GP.,Kyrre Fm.,12.20930958,3.165463924,2.933604479,2.562357426,45.54989243,65030
3434.317584,SHETLAND GP.,Kyrre Fm.,12.20285225,3.133222818,2.890786886,2.559642553,43.49695587,65030
3434.469584,SHETLAND GP.,Kyrre Fm.,12.21273422,3.112404823,2.858203888,2.56095171,41.05670929,65030
3434.621584,SHETLAND GP.,Kyrre Fm.,12.22668266,3.077680588,2.823212624,2.565032005,40.93741608,65030
3434.773584,SHETLAND GP.,Kyrre Fm.,12.21445179,3.040780306,2.768702745,2.565002441,44.46567917,65030
3434.925584,SHETLAND GP.,Kyrre Fm.,12.20772839,2.9953897,2.698954344,2.563131571,48.51637268,65030
3435.077584,SHETLAND GP.,Kyrre Fm.,12.22052574,2.958108664,2.654105663,2.563503027,47.42425537,65030
3435.229584,SHETLAND GP.,Kyrre Fm.,12.2224102,2.960949183,2.649089813,2.56807518,45.03923798,65030
3435.381584,SHETLAND GP.,Kyrre Fm.,12.22549439,3.008919954,2.674015284,2.565698385,42.43901825,65030
3435.533584,SHETLAND GP.,Kyrre Fm.,12.22404671,3.054516077,2.714240074,2.559173107,43.23241425,65030
3435.685584,SHETLAND GP.,Kyrre Fm.,12.22925949,3.082014322,2.752562285,2.557654858,44.74538422,65030
3435.837584,SHETLAND GP.,Kyrre Fm.,12.22728729,3.108060837,2.788468123,2.565508604,44.96331787,65030
3435.989584,SHETLAND GP.,Kyrre Fm.,12.20645237,3.114559174,2.809254885,2.573737383,43.94712067,65030
3436.141584,SHETLAND GP.,Kyrre Fm.,12.2081852,3.109427929,2.817143679,2.574066162,42.23973084,65030
3436.293584,SHETLAND GP.,Kyrre Fm.,12.21780014,3.132527351,2.84379077,2.569282293,43.44835281,65030
3436.445584,SHETLAND GP.,Kyrre Fm.,12.20660973,3.17922926,2.885252953,2.56043148,44.21587753,65030
3436.597584,SHETLAND GP.,Kyrre Fm.,12.19690037,3.23368001,2.925593138,2.554961205,46.21647644,65030
3436.749584,SHETLAND GP.,Kyrre Fm.,12.19872665,3.29960537,2.969495773,2.55762887,46.25149536,65030
3436.901584,SHETLAND GP.,Kyrre Fm.,12.20216847,3.339144945,2.994535446,2.565770626,47.08208847,65030
3437.053584,SHETLAND GP.,Kyrre Fm.,12.21114731,3.338474512,2.998317003,2.570762396,47.95978928,65030
3437.205584,SHETLAND GP.,Kyrre Fm.,12.21414852,3.387510777,3.040554762,2.569382668,46.64767456,65030
3437.357584,SHETLAND GP.,Kyrre Fm.,12.21080017,3.462404728,3.116068363,2.567899942,45.77374649,65030
3437.509584,SHETLAND GP.,Kyrre Fm.,12.20899296,3.522160292,3.191478729,2.567486763,44.32893372,65030
3437.661584,SHETLAND GP.,Kyrre Fm.,12.20909977,3.582831621,3.263550043,2.567974091,43.33450699,65030
3437.813584,SHETLAND GP.,Kyrre Fm.,12.19830895,3.641482353,3.328453541,2.569926262,42.70676422,65030
3437.965584,SHETLAND GP.,Kyrre Fm.,12.20237827,3.670345068,3.364337683,2.572933674,42.62175751,65030
3438.117584,SHETLAND GP.,Kyrre Fm.,12.21248913,3.645701885,3.360449553,2.576368094,41.34915924,65030
3438.269584,SHETLAND GP.,Kyrre Fm.,12.20206356,3.61196065,3.327427387,2.577597857,39.75005341,65030
3438.421584,SHETLAND GP.,Kyrre Fm.,12.19339085,3.593885422,3.277934313,2.575094461,39.84954071,65030
3438.573584,SHETLAND GP.,Kyrre Fm.,12.19338799,3.565181494,3.224101067,2.56841588,41.54793167,65030
3438.725584,SHETLAND GP.,Kyrre Fm.,12.20724964,3.526796818,3.167322159,2.563256264,41.53214645,70000
3438.877584,SHETLAND GP.,Kyrre Fm.,12.21262455,3.485669375,3.118195534,2.564522266,40.68839264,70000
3439.029584,SHETLAND GP.,Kyrre Fm.,12.20901775,3.434126854,3.070160389,2.570179939,43.30498123,70000
3439.181584,SHETLAND GP.,Kyrre Fm.,12.20909309,3.414731741,3.043031454,2.574682713,46.32598114,65030
3439.333584,SHETLAND GP.,Kyrre Fm.,12.20226097,3.412542105,3.033479214,2.57520628,45.41186142,65030
3439.485584,SHETLAND GP.,Kyrre Fm.,12.19183636,3.358187676,2.985893726,2.575289249,41.86548996,65030
3439.637584,SHETLAND GP.,Kyrre Fm.,12.19811344,3.279049397,2.916549444,2.570367575,41.47331238,65030
3439.789584,SHETLAND GP.,Kyrre Fm.,12.20912838,3.260823488,2.890450239,2.558679819,44.71570969,65030
3439.941584,SHETLAND GP.,Kyrre Fm.,12.19244003,3.297270536,2.909179211,2.545928001,47.91843033,65030
3440.093584,SHETLAND GP.,Kyrre Fm.,12.19076347,3.330114365,2.926911116,2.536788702,50.7259407,65030
3440.245584,SHETLAND GP.,Kyrre Fm.,12.20565701,3.358719111,2.945208788,2.536077499,51.64086151,65030
3440.397584,SHETLAND GP.,Kyrre Fm.,12.19567204,3.397061348,2.967741728,2.540488958,49.11936951,65030
3440.549584,SHETLAND GP.,Kyrre Fm.,12.19610119,3.435299397,2.998754501,2.547927141,45.31935883,65030
3440.701584,SHETLAND GP.,Kyrre Fm.,12.20568657,3.457709789,3.034796238,2.558940172,43.61744309,65030
3440.853584,SHETLAND GP.,Kyrre Fm.,12.20063496,3.462423563,3.054502964,2.568190336,43.98468781,65030
3441.005584,SHETLAND GP.,Kyrre Fm.,12.19690037,3.444867134,3.059256554,2.570595741,43.79374313,65030
3441.157584,SHETLAND GP.,Kyrre Fm.,12.19690037,3.425673246,3.05983448,2.563231707,42.48252106,65030
3441.309584,SHETLAND GP.,Kyrre Fm.,12.20631409,3.450893402,3.101978064,2.552872181,42.61388016,65030
3441.461584,SHETLAND GP.,Kyrre Fm.,12.20843411,3.525560856,3.172306776,2.548448563,43.89735413,65030
3441.613584,SHETLAND GP.,Kyrre Fm.,12.19221878,3.608584881,3.228689432,2.548559427,43.74826431,30000
3441.765584,SHETLAND GP.,Kyrre Fm.,12.187953,3.645499229,3.259875298,2.548846483,44.245121,30000
3441.917584,SHETLAND GP.,Kyrre Fm.,12.18835831,3.649525404,3.258206844,2.547840595,44.49267197,30000
3442.069584,SHETLAND GP.,Kyrre Fm.,12.18793201,3.652337313,3.257181406,2.550543785,44.79719544,30000
3442.221584,SHETLAND GP.,Kyrre Fm.,12.18837738,3.652680874,3.268843174,2.560569048,43.94602966,30000
3442.373584,SHETLAND GP.,Kyrre Fm.,12.19094658,3.656376362,3.280621767,2.57571578,43.49149323,65030
3442.525584,SHETLAND GP.,Kyrre Fm.,12.20588875,3.681212902,3.301764011,2.585178375,42.51041412,65030
3442.677584,SHETLAND GP.,Kyrre Fm.,12.20887852,3.677696705,3.303986788,2.585836172,41.69788742,65030
3442.829584,SHETLAND GP.,Kyrre Fm.,12.19244194,3.603742123,3.254044533,2.580057621,40.44324493,65030
3442.981584,SHETLAND GP.,Kyrre Fm.,12.19374943,3.532270432,3.20172143,2.57630682,41.73347092,65030
3443.133584,SHETLAND GP.,Kyrre Fm.,12.20673657,3.492311955,3.178438187,2.573182821,44.67250061,65030
3443.285584,SHETLAND GP.,Kyrre Fm.,12.20934296,3.501453638,3.203082323,2.564070225,47.00632858,65030
3443.437584,SHETLAND GP.,Kyrre Fm.,12.19723892,3.485187292,3.199204445,2.557872057,46.63950348,65030
3443.589584,SHETLAND GP.,Kyrre Fm.,12.19300556,3.450906277,3.15614152,2.557605982,44.73214722,65030
3443.741584,SHETLAND GP.,Kyrre Fm.,12.20304108,3.413594008,3.107964039,2.562954187,43.01556397,65030
3443.893584,SHETLAND GP.,Kyrre Fm.,12.19970608,3.37024498,3.05768466,2.566685677,43.31754684,65030
3444.045584,SHETLAND GP.,Kyrre Fm.,12.20521164,3.328089714,3.036545754,2.564608574,46.46775055,65030
3444.197584,SHETLAND GP.,Kyrre Fm.,12.20032024,3.353015184,3.06297183,2.567102671,47.81590271,65030
3444.349584,SHETLAND GP.,Kyrre Fm.,12.18850422,3.418746948,3.127096415,2.56867981,47.43855667,65030
3444.501584,SHETLAND GP.,Kyrre Fm.,12.19329071,3.433901548,3.174599171,2.567018032,45.16592026,65030
3444.653584,SHETLAND GP.,Kyrre Fm.,12.20517445,3.357067347,3.13811326,2.562257767,42.86409378,65030
3444.805584,SHETLAND GP.,Kyrre Fm.,12.20526981,3.25199151,3.07264781,2.563239336,39.66342926,30000
3444.957584,SHETLAND GP.,Kyrre Fm.,12.20008183,3.150120258,3.001613379,2.574708462,37.39118195,30000
3445.109584,SHETLAND GP.,Kyrre Fm.,12.20090771,3.079217434,2.964791775,2.580557585,39.21613693,30000
3445.261584,SHETLAND GP.,Kyrre Fm.,12.21131229,3.089198113,2.978734255,2.571950197,42.56116104,30000
3445.413584,SHETLAND GP.,Kyrre Fm.,12.2151413,3.163599014,2.98948741,2.556500197,47.26792908,30000
3445.565584,SHETLAND GP.,Kyrre Fm.,12.20815659,3.202073336,2.989058971,2.546419621,50.3903122,65030
3445.717584,SHETLAND GP.,Kyrre Fm.,12.20511437,3.20883584,2.975244999,2.548475266,49.9593277,65030
3445.869584,SHETLAND GP.,Kyrre Fm.,12.20342636,3.21580863,2.977907181,2.54947257,48.38961029,65030
3446.021584,SHETLAND GP.,Kyrre Fm.,12.19431591,3.228696823,2.95563674,2.551170826,47.53222656,65030
3446.173584,SHETLAND GP.,Kyrre Fm.,12.1924696,3.224511862,2.941371203,2.554908276,49.19801331,65030
3446.325584,SHETLAND GP.,Kyrre Fm.,12.20452309,3.211685658,2.918763876,2.561445952,48.04538345,65030
3446.477584,SHETLAND GP.,Kyrre Fm.,12.21526718,3.183087587,2.894144774,2.568149567,46.8612442,65030
3446.629584,SHETLAND GP.,Kyrre Fm.,12.20581532,3.238020897,2.925139666,2.569820643,46.42103577,65030
3446.781584,SHETLAND GP.,Kyrre Fm.,12.19935894,3.395607948,3.034257412,2.569428682,48.4377861,65030
3446.933584,SHETLAND GP.,Kyrre Fm.,12.19643498,3.566827059,3.150094986,2.569901943,50.54576111,65030
3447.085584,SHETLAND GP.,Kyrre Fm.,12.19522476,3.700422525,3.237886429,2.572967291,49.7645874,65030
3447.237584,SHETLAND GP.,Kyrre Fm.,12.21052742,3.753160477,3.269501448,2.574338198,48.55630875,65030
3447.389584,SHETLAND GP.,Kyrre Fm.,12.19928551,3.782165051,3.294342518,2.568924666,44.58895493,65030
3447.541584,SHETLAND GP.,Kyrre Fm.,12.20500279,3.817210436,3.356413126,2.564329863,44.02160263,65030
3447.693584,SHETLAND GP.,Kyrre Fm.,12.20610619,3.80157423,3.393285275,2.560721159,42.44075012,65030
3447.845584,SHETLAND GP.,Kyrre Fm.,12.19791222,3.671616554,3.335425377,2.56409049,42.04032135,65030
3447.997584,SHETLAND GP.,Kyrre Fm.,12.19223118,3.505787134,3.245986939,2.572662115,40.63564682,65030
3448.149584,SHETLAND GP.,Kyrre Fm.,12.19917393,3.400784969,3.203348637,2.586096048,38.1295166,65030
3448.301584,SHETLAND GP.,Kyrre Fm.,12.18530464,3.396791697,3.251076222,2.589713097,39.56183243,30000
3448.453584,SHETLAND GP.,Kyrre Fm.,12.1805563,3.455235004,3.315432787,2.582959652,40.33902359,30000
3448.605584,SHETLAND GP.,Kyrre Fm.,12.19217205,3.487499952,3.352941036,2.577679396,42.80719376,30000
3448.757584,SHETLAND GP.,Kyrre Fm.,12.19464493,3.501484394,3.370237589,2.582960129,43.84537506,30000
3448.909584,SHETLAND GP.,Kyrre Fm.,12.1899004,3.556177139,3.419394016,2.582040548,43.10804367,30000
3449.061584,SHETLAND GP.,Kyrre Fm.,12.18879032,3.621858358,3.466021299,2.569824696,41.71354294,30000
3449.213584,SHETLAND GP.,Kyrre Fm.,12.18969536,3.664233923,3.503568411,2.556765795,39.00329208,30000
3449.365584,SHETLAND GP.,Kyrre Fm.,12.19256878,3.723377228,3.552368879,2.555620909,38.78890991,30000
3449.517584,SHETLAND GP.,Kyrre Fm.,12.18083382,3.794023275,3.603879929,2.56841135,40.14215469,30000
3449.669584,SHETLAND GP.,Kyrre Fm.,12.18240738,3.827412367,3.626719475,2.582635164,41.69062424,30000
3449.821584,SHETLAND GP.,Kyrre Fm.,12.193717,3.801634073,3.592152596,2.588650942,41.65881729,30000
3449.973584,SHETLAND GP.,Kyrre Fm.,12.18745422,3.807197809,3.534866333,2.584292173,41.45696259,30000
3450.125584,SHETLAND GP.,Kyrre Fm.,12.1857481,3.816016913,3.482707501,2.580581904,40.13471222,30000
3450.277584,SHETLAND GP.,Kyrre Fm.,12.18012047,3.814918041,3.439612389,2.585207462,40.30374146,30000
3450.429584,SHETLAND GP.,Kyrre Fm.,12.19195652,3.784632206,3.407640457,2.584730864,39.1685524,30000
3450.581584,SHETLAND GP.,Kyrre Fm.,12.19286442,3.731644154,3.372934341,2.581470966,40.53362274,30000
3450.733584,SHETLAND GP.,Kyrre Fm.,12.18899155,3.62443018,3.275025606,2.580381155,42.13085175,30000
3450.885584,SHETLAND GP.,Kyrre Fm.,12.197855,3.480884552,3.153229713,2.583128691,41.41052246,30000
3451.037584,SHETLAND GP.,Kyrre Fm.,12.18299961,3.351438046,3.042856455,2.581086159,40.02035141,30000
3451.189584,SHETLAND GP.,Kyrre Fm.,12.18492985,3.257285833,2.96137166,2.577671289,39.18428803,30000
3451.341584,SHETLAND GP.,Kyrre Fm.,12.1899004,3.175283194,2.887313128,2.581564188,42.05733109,30000
3451.493584,SHETLAND GP.,Kyrre Fm.,12.1946888,3.130845308,2.844713926,2.587227583,40.45116043,65030
3451.645584,SHETLAND GP.,Kyrre Fm.,12.20446587,3.144797325,2.839301348,2.584902048,39.42664337,65030
3451.797584,SHETLAND GP.,Kyrre Fm.,12.19501686,3.14337492,2.822653294,2.576051474,37.60172653,65030
3451.949584,SHETLAND GP.,Kyrre Fm.,12.19734478,3.107595444,2.774745464,2.569293261,43.5377655,65030
3452.101584,SHETLAND GP.,Kyrre Fm.,12.21227074,3.074223518,2.72945714,2.568073988,48.28408051,65030
3452.253584,SHETLAND GP.,Kyrre Fm.,12.19506455,3.040501356,2.703060389,2.565683603,48.52436066,65030
3452.405584,SHETLAND GP.,Kyrre Fm.,12.1917181,3.034626007,2.691933632,2.565602779,43.55189514,65030
3452.557584,SHETLAND GP.,Kyrre Fm.,12.2022543,3.058064938,2.711788893,2.565795898,38.39752579,65030
3452.709584,SHETLAND GP.,Kyrre Fm.,12.21249294,3.131461144,2.771410704,2.572138071,39.71311188,65030
3452.861584,SHETLAND GP.,Kyrre Fm.,12.20216084,3.155123949,2.796515942,2.575052977,42.94651032,65030
3453.013584,SHETLAND GP.,Kyrre Fm.,12.21518517,3.193161249,2.858266592,2.575204611,46.52991486,65030
3453.165584,SHETLAND GP.,Kyrre Fm.,12.21157265,3.251629591,2.938459873,2.572041988,44.54798126,65030
3453.317584,SHETLAND GP.,Kyrre Fm.,12.22046661,3.263033152,2.98152256,2.574300289,41.39247894,65030
3453.469584,SHETLAND GP.,Kyrre Fm.,12.20814419,3.172001123,2.939919472,2.578208923,39.6115036,65030
3453.621584,SHETLAND GP.,Kyrre Fm.,12.20748615,3.034416914,2.846773148,2.582200766,38.53866959,65030
3453.773584,SHETLAND GP.,Kyrre Fm.,12.19690037,2.966567993,2.785302401,2.585937977,40.4410286,65030
3453.925584,SHETLAND GP.,Kyrre Fm.,12.19445705,3.02099824,2.85060811,2.593318939,42.85131836,65030
3454.077584,SHETLAND GP.,Kyrre Fm.,12.19363594,3.165079117,2.92737484,2.592626333,45.49426651,65030
3454.229584,SHETLAND GP.,Kyrre Fm.,12.21143436,3.278215408,2.981667996,2.580041409,46.42456818,65030
3454.381584,SHETLAND GP.,Kyrre Fm.,12.19619274,3.415678501,3.058418751,2.557291269,45.331604,65030
3454.533584,SHETLAND GP.,Kyrre Fm.,12.21780014,3.521587133,3.145457506,2.544322729,46.97264099,65030
3454.685584,SHETLAND GP.,Kyrre Fm.,12.21472263,3.516148329,3.126309156,2.544893503,46.89158249,65030
3454.837584,SHETLAND GP.,Kyrre Fm.,12.20001507,3.453433275,3.085000277,2.55605793,46.95366287,65030
3454.989584,SHETLAND GP.,Kyrre Fm.,12.18865681,3.399642944,3.061926127,2.565034628,46.37099838,65030
3455.141584,SHETLAND GP.,Kyrre Fm.,12.19835949,3.389863014,3.063793659,2.572903395,45.4926033,65030
3455.293584,SHETLAND GP.,Kyrre Fm.,12.20526409,3.348407269,3.07630086,2.578033686,44.15571213,65030
3455.445584,SHETLAND GP.,Kyrre Fm.,12.21080017,3.314398766,3.04548192,2.588376045,43.21170044,65030
3455.597584,SHETLAND GP.,Kyrre Fm.,12.21008492,3.239567757,2.986130476,2.600328445,42.64377594,65030
3455.749584,SHETLAND GP.,Kyrre Fm.,12.20800304,3.20454669,2.923623085,2.614185095,44.20805359,65030
3455.901584,SHETLAND GP.,Kyrre Fm.,12.20941067,3.208036184,2.896984339,2.619816065,46.04248428,65030
3456.053584,SHETLAND GP.,Kyrre Fm.,12.20654774,3.315492392,2.96654892,2.621350527,46.89715576,65030
3456.205584,SHETLAND GP.,Kyrre Fm.,12.21374512,3.529509783,3.123251677,2.617276192,46.71089172,65030
3456.357584,SHETLAND GP.,Kyrre Fm.,12.19690037,3.783943892,3.336254358,2.60782361,46.77389908,65030
3456.509584,SHETLAND GP.,Kyrre Fm.,12.2008276,4.028141499,3.579451799,2.598453045,48.65192032,65030
3456.661584,SHETLAND GP.,Kyrre Fm.,12.21650028,4.504535675,3.99532342,2.594762087,43.22340393,65030
3456.813584,SHETLAND GP.,Kyrre Fm.,12.20632553,5.094260693,4.519524574,2.607430458,35.310112,65030
3456.965584,SHETLAND GP.,Kyrre Fm.,12.19081307,6.042892933,5.543748379,2.616241455,28.78418732,70000
3457.117584,SHETLAND GP.,Kyrre Fm.,12.20955944,7.135293484,6.628407955,2.628363848,28.48877335,70000
3457.269584,SHETLAND GP.,Kyrre Fm.,12.20259285,6.525785446,6.322608471,2.632809877,34.67805862,70000
3457.421584,SHETLAND GP.,Kyrre Fm.,12.19930172,4.84867096,4.868780136,2.625334263,41.99866867,70000
3457.573584,SHETLAND GP.,Kyrre Fm.,12.20843411,3.914866209,3.851382017,2.595577955,46.50937653,70000
3457.725584,SHETLAND GP.,Kyrre Fm.,12.19921684,3.626183033,3.510733843,2.568283558,44.72252655,65000
3457.877584,SHETLAND GP.,Kyrre Fm.,12.20851517,3.651456118,3.458574057,2.555991888,43.28071213,65000
3458.029584,SHETLAND GP.,Kyrre Fm.,12.20028877,3.622410536,3.353277206,2.566494465,45.96136093,65000
3458.181584,SHETLAND GP.,Kyrre Fm.,12.21612167,3.508241177,3.154568672,2.575362682,49.64616776,65000
3458.333584,SHETLAND GP.,Kyrre Fm.,12.20347595,3.466873646,3.045882464,2.584808111,49.59879684,65000
3458.485584,SHETLAND GP.,Kyrre Fm.,12.18459892,3.433623314,2.954188824,2.588615418,47.74464417,65030
3458.637584,SHETLAND GP.,Kyrre Fm.,12.19497585,3.336836338,2.905012131,2.588624239,43.79508972,65030
3458.789584,SHETLAND GP.,Kyrre Fm.,12.2038002,3.293334484,2.904761553,2.587513447,45.85665512,65030
3458.941584,SHETLAND GP.,Kyrre Fm.,12.2027874,3.34591198,2.984484434,2.582675457,46.55084992,65030
3459.093584,SHETLAND GP.,Kyrre Fm.,12.19764423,3.460810661,3.127921104,2.575997591,48.40837479,65030
3459.245584,SHETLAND GP.,Kyrre Fm.,12.20283318,3.519385338,3.138932467,2.568608761,46.42006683,65030
3459.397584,SHETLAND GP.,Kyrre Fm.,12.20778561,3.414964676,3.077165842,2.572417021,46.54319,65030
3459.549584,SHETLAND GP.,Kyrre Fm.,12.20890808,3.39102602,3.056851864,2.581702948,51.39944458,65030
3459.701584,SHETLAND GP.,Kyrre Fm.,12.19690037,3.443598986,3.093983412,2.587785721,51.38986588,65030
3459.853584,SHETLAND GP.,Kyrre Fm.,12.19690037,3.514001131,3.14347744,2.581904173,50.35346603,65030
3460.005584,SHETLAND GP.,Kyrre Fm.,12.19690037,3.55387044,3.169788122,2.583380938,44.44074631,65030
3460.157584,SHETLAND GP.,Kyrre Fm.,12.19864845,3.57195735,3.177099466,2.588599443,45.26343536,65030
3460.309584,SHETLAND GP.,Kyrre Fm.,12.21036911,3.582623243,3.177275419,2.587751865,46.27544022,65030
3460.461584,SHETLAND GP.,Kyrre Fm.,12.20605564,3.595929146,3.182698488,2.586496592,48.12821198,65030
3460.613584,SHETLAND GP.,Kyrre Fm.,12.1960783,3.586709261,3.17230463,2.585962534,46.18628311,30000
3460.765584,SHETLAND GP.,Kyrre Fm.,12.19070625,3.537761927,3.138833761,2.592831612,43.51435089,30000
3460.917584,SHETLAND GP.,Kyrre Fm.,12.19690037,3.54668355,3.152408838,2.589763403,42.95334625,30000
3461.069584,SHETLAND GP.,Kyrre Fm.,12.1991787,3.63866353,3.248659372,2.587387562,44.92221069,30000
3461.221584,SHETLAND GP.,Kyrre Fm.,12.21853638,3.75028038,3.331069946,2.583221436,45.36100388,65030
3461.373584,SHETLAND GP.,Kyrre Fm.,12.22288227,3.769990921,3.366998673,2.582720757,45.19403076,65030
3461.525584,SHETLAND GP.,Kyrre Fm.,12.20765781,3.763433218,3.368108034,2.575909853,46.54580689,65030
3461.677584,SHETLAND GP.,Kyrre Fm.,12.21148872,3.735557556,3.381472826,2.565950632,47.99026108,65030
3461.829584,SHETLAND GP.,Kyrre Fm.,12.21629143,3.865043879,3.557274818,2.555797577,45.6941185,30000
3461.981584,SHETLAND GP.,Kyrre Fm.,12.20062637,3.884672165,3.62385416,2.571754456,40.56274796,30000
3462.133584,SHETLAND GP.,Kyrre Fm.,12.18863583,4.00779438,3.763926029,2.608705282,34.06277466,30000
3462.285584,SHETLAND GP.,Kyrre Fm.,12.21080017,3.920568705,3.785527229,2.61423707,35.44684219,30000
3462.437584,SHETLAND GP.,Kyrre Fm.,12.20961189,3.835170269,3.662465572,2.596136808,38.34633637,30000
3462.589584,SHETLAND GP.,Kyrre Fm.,12.19747448,3.871983767,3.683666706,2.561758995,44.45273972,30000
3462.741584,SHETLAND GP.,Kyrre Fm.,12.20324135,3.705391407,3.516091347,2.555621862,45.76583481,65030
3462.893584,SHETLAND GP.,Kyrre Fm.,12.19690037,3.559513807,3.30067873,2.553293467,47.59503937,65030
3463.045584,SHETLAND GP.,Kyrre Fm.,12.19794083,3.156191111,2.918280125,2.549175978,49.99504089,65000
3463.197584,SHETLAND GP.,Kyrre Fm.,12.21054649,2.816673994,2.560442448,2.542431355,56.7827034,65000
3463.349584,SHETLAND GP.,Kyrre Fm.,12.20559025,2.393384695,2.236152411,2.540153742,55.09915543,65000
3463.501584,SHETLAND GP.,Kyrre Fm.,12.18441391,2.388819456,2.222802162,2.556093216,52.62776947,65000
3463.653584,SHETLAND GP.,Kyrre Fm.,12.20290756,2.857548952,2.605235338,2.566325665,46.32938385,65000
3463.805584,SHETLAND GP.,Kyrre Fm.,12.19033432,3.441831589,3.074275017,2.576800823,43.1896286,65000
3463.957584,SHETLAND GP.,Kyrre Fm.,12.19607067,3.604046345,3.238352537,2.575950861,39.47357178,65030
3464.109584,SHETLAND GP.,Kyrre Fm.,12.18339539,3.525052071,3.181415558,2.586091042,40.14722443,65030
3464.261584,SHETLAND GP.,Kyrre Fm.,12.18971252,3.460786104,3.168708324,2.583801508,42.74139404,65030
3464.413584,SHETLAND GP.,Kyrre Fm.,12.18765354,3.533215284,3.262263298,2.574897289,41.87163162,65030
3464.565584,SHETLAND GP.,Kyrre Fm.,12.20960236,3.597715616,3.321248293,2.573240519,41.46886063,65030
3464.717584,SHETLAND GP.,Kyrre Fm.,12.18656445,3.47300458,3.254626751,2.57826066,40.61245346,65030
3464.869584,SHETLAND GP.,Kyrre Fm.,12.19051933,3.287786722,3.134982348,2.585751295,46.03284836,65030
3465.021584,SHETLAND GP.,Kyrre Fm.,12.20351887,3.15885067,3.00535202,2.588837147,47.27191162,65030
3465.173584,SHETLAND GP.,Kyrre Fm.,12.19636536,3.268280983,3.098988771,2.584953785,51.85993958,65030
3465.325584,SHETLAND GP.,Kyrre Fm.,12.18274593,3.384733439,3.172278881,2.583655357,50.54264832,65030
3465.477584,SHETLAND GP.,Kyrre Fm.,12.17670822,3.435196638,3.199430704,2.579945564,47.60728455,65030
3465.629584,SHETLAND GP.,Kyrre Fm.,12.19668961,3.403834581,3.152034044,2.584148169,44.13908005,65030
3465.781584,SHETLAND GP.,Kyrre Fm.,12.18951321,3.312776566,3.063964844,2.585794687,42.84095001,65030
3465.933584,SHETLAND GP.,Kyrre Fm.,12.17635536,3.243650913,2.987507105,2.589051247,41.4750557,65030
3466.085584,SHETLAND GP.,Kyrre Fm.,12.19006348,3.166857243,2.912559271,2.587134838,43.32344437,65030
3466.237584,SHETLAND GP.,Kyrre Fm.,12.19717121,3.058786869,2.792133093,2.584450483,45.9920845,65030
3466.389584,SHETLAND GP.,Kyrre Fm.,12.2105608,2.987526178,2.728158951,2.586948395,46.34947968,65030
3466.541584,SHETLAND GP.,Kyrre Fm.,12.19700337,2.985358715,2.721665144,2.584048033,45.73472214,65030
3466.693584,SHETLAND GP.,Kyrre Fm.,12.20371246,3.122459889,2.826221705,2.58716321,41.50157929,65030
3466.845584,SHETLAND GP.,Kyrre Fm.,12.19682789,3.236647129,2.937547207,2.584307432,46.26198196,65030
3466.997584,SHETLAND GP.,Kyrre Fm.,12.18999195,3.298403263,3.008967161,2.58498168,45.73726273,65030
3467.149584,SHETLAND GP.,Kyrre Fm.,12.20377064,3.344040871,3.079494238,2.582195282,49.89300156,65030
3467.301584,SHETLAND GP.,Kyrre Fm.,12.19690037,3.307158947,3.078130484,2.581104517,44.89197159,65030
3467.453584,SHETLAND GP.,Kyrre Fm.,12.19690037,3.190722227,3.04450655,2.583299637,43.62324524,65030
3467.605584,SHETLAND GP.,Kyrre Fm.,12.18305588,3.249461412,3.120889902,2.589474917,42.89813995,65030
3467.757584,SHETLAND GP.,Kyrre Fm.,12.18299961,3.435520887,3.271247864,2.592381716,44.51979065,65030
3467.909584,SHETLAND GP.,Kyrre Fm.,12.20709229,3.589183092,3.421906948,2.592400074,44.71014404,65030
3468.061584,SHETLAND GP.,Kyrre Fm.,12.18326283,3.599204779,3.41855073,2.576771021,42.73195267,65030
3468.213584,SHETLAND GP.,Kyrre Fm.,12.18979931,3.594077826,3.38726449,2.572067499,40.8434639,65030
3468.365584,SHETLAND GP.,Kyrre Fm.,12.2070055,3.626342773,3.418848038,2.577800036,38.80326843,65030
3468.517584,SHETLAND GP.,Kyrre Fm.,12.19709969,3.66093421,3.424696207,2.592906237,37.78386688,65030
3468.669584,SHETLAND GP.,Kyrre Fm.,12.20365238,3.695555925,3.45748353,2.59633112,34.97386551,65030
3468.821584,SHETLAND GP.,Kyrre Fm.,12.21746826,3.689563513,3.454197168,2.593959332,34.66315842,65030
3468.973584,SHETLAND GP.,Kyrre Fm.,12.21099281,3.666254997,3.425411701,2.5912745,35.94545364,65030
3469.125584,SHETLAND GP.,Kyrre Fm.,12.20740414,3.639502049,3.403450012,2.591393948,37.26515961,65030
3469.277584,SHETLAND GP.,Kyrre Fm.,12.1904583,3.641894102,3.390604019,2.587141037,38.88822174,65030
3469.429584,SHETLAND GP.,Kyrre Fm.,12.19666004,3.64026165,3.379770756,2.582171679,38.79700851,65030
3469.581584,SHETLAND GP.,Kyrre Fm.,12.21700287,3.586527586,3.320822239,2.576998472,38.49227905,65030
3469.733584,SHETLAND GP.,Kyrre Fm.,12.20772457,3.565304995,3.304394722,2.576320171,36.48241806,30000
3469.885584,SHETLAND GP.,Kyrre Fm.,12.20394993,3.710104704,3.414559364,2.573427916,33.83044434,30000
3470.037584,SHETLAND GP.,Kyrre Fm.,12.18718243,3.803126574,3.530380011,2.574446201,35.37108231,30000
3470.189584,SHETLAND GP.,Kyrre Fm.,12.20295239,3.841160059,3.59629035,2.576402426,34.30358887,30000
3470.341584,SHETLAND GP.,Kyrre Fm.,12.21708489,3.861973286,3.655386686,2.571660519,34.25154114,30000
3470.493584,SHETLAND GP.,Kyrre Fm.,12.19801521,3.822293282,3.690586805,2.566004038,31.73433113,30000
3470.645584,SHETLAND GP.,Kyrre Fm.,12.18698406,3.851921082,3.798646212,2.570705414,33.43193054,30000
3470.797584,SHETLAND GP.,Kyrre Fm.,12.20279408,4.070118904,3.980894566,2.589937449,37.64196777,30000
3470.949584,SHETLAND GP.,Kyrre Fm.,12.19732571,4.36257267,4.249946594,2.595510483,38.38354874,30000
3471.101584,SHETLAND GP.,Kyrre Fm.,12.19690037,4.292256832,4.208397389,2.594395876,35.46109009,65030
3471.253584,SHETLAND GP.,Kyrre Fm.,12.18391991,4.130164623,4.012694359,2.587483168,30.91430473,65030
3471.405584,SHETLAND GP.,Kyrre Fm.,12.18942833,3.996417999,3.831052542,2.593334436,28.08148193,65030
3471.557584,SHETLAND GP.,Kyrre Fm.,12.18665314,3.97478199,3.789382219,2.591295242,29.3065033,65030
3471.709584,SHETLAND GP.,Kyrre Fm.,12.20250225,4.023494721,3.807736874,2.584066868,30.70299149,65030
3471.861584,SHETLAND GP.,Kyrre Fm.,12.18773747,3.992512465,3.740901709,2.577591896,35.69480896,65030
3472.013584,SHETLAND GP.,Kyrre Fm.,12.18326855,3.944752216,3.700942516,2.576639652,38.43019104,30000
3472.165584,SHETLAND GP.,Kyrre Fm.,12.19574928,3.849091053,3.623342276,2.580727339,37.12919235,30000
3472.317584,SHETLAND GP.,Kyrre Fm.,12.19690037,3.773014545,3.572964907,2.575702906,35.49893951,30000
3472.469584,SHETLAND GP.,Kyrre Fm.,12.19051266,3.643143892,3.471259594,2.573009968,36.71690369,30000
3472.621584,SHETLAND GP.,Kyrre Fm.,12.20573902,3.581326246,3.427309513,2.57043314,38.2575531,30000
3472.773584,SHETLAND GP.,Kyrre Fm.,12.1978569,3.59873724,3.447145224,2.581005335,39.54405975,30000
3472.925584,SHETLAND GP.,Kyrre Fm.,12.18740559,3.588972569,3.414593697,2.592137814,37.89608383,30000
3473.077584,SHETLAND GP.,Kyrre Fm.,12.20840645,3.580845594,3.415229082,2.602309227,38.97350311,30000
3473.229584,SHETLAND GP.,Kyrre Fm.,12.20765114,3.638396978,3.43414259,2.607168198,39.52771378,65030
3473.381584,SHETLAND GP.,Kyrre Fm.,12.18549347,3.5981462,3.369524241,2.606433392,40.88967896,65030
3473.533584,SHETLAND GP.,Kyrre Fm.,12.20784473,3.527559996,3.277356148,2.603887081,43.39749527,65030
3473.685584,SHETLAND GP.,Kyrre Fm.,12.21703911,3.460976124,3.201167584,2.597539425,41.45141602,65030
3473.837584,SHETLAND GP.,Kyrre Fm.,12.1992197,3.396369696,3.11948967,2.586131811,43.61169815,65030
3473.989584,SHETLAND GP.,Kyrre Fm.,12.21543312,3.323491097,3.025082588,2.583292484,42.54295349,65030
3474.141584,SHETLAND GP.,Kyrre Fm.,12.18706799,3.251076222,2.959801912,2.585484266,45.75583649,65030
3474.293584,SHETLAND GP.,Kyrre Fm.,12.17067051,3.33295393,3.024460316,2.596896172,41.13700485,65030
3474.445584,SHETLAND GP.,Kyrre Fm.,12.17817879,3.470984936,3.13978219,2.601913691,38.56096649,65030
3474.597584,SHETLAND GP.,Kyrre Fm.,12.18860626,3.676329851,3.322879791,2.600209713,36.20027924,65030
3474.749584,SHETLAND GP.,Kyrre Fm.,12.19601727,3.80330801,3.441253185,2.599987268,34.94200516,30000
3474.901584,SHETLAND GP.,Kyrre Fm.,12.17871189,3.853479147,3.518339396,2.60208869,33.84421921,30000
3475.053584,SHETLAND GP.,Kyrre Fm.,12.18502522,4.058471203,3.79749918,2.604048729,36.28781128,30000
3475.205584,SHETLAND GP.,Kyrre Fm.,12.18942928,4.486251831,4.264686585,2.602569103,36.9517746,30000
3475.357584,SHETLAND GP.,Kyrre Fm.,12.18687916,4.567768097,4.396938324,2.596430063,39.00376511,30000
3475.509584,SHETLAND GP.,Kyrre Fm.,12.17745972,4.377831459,4.283185959,2.591202021,35.12557983,30000
3475.661584,SHETLAND GP.,Kyrre Fm.,12.17599964,4.138960362,4.096616745,2.582871437,38.16108704,30000
3475.813584,SHETLAND GP.,Kyrre Fm.,12.19386673,4.081831455,4.020001411,2.58501935,37.3944397,30000
3475.965584,SHETLAND GP.,Kyrre Fm.,12.19093227,4.136574745,4.04853344,2.586537838,38.08306885,30000
3476.117584,SHETLAND GP.,Kyrre Fm.,12.1899004,4.189404488,4.083171845,2.587718725,36.00466919,65030
3476.269584,SHETLAND GP.,Kyrre Fm.,12.20759201,4.230944634,4.121975422,2.582736254,36.45251083,65030
3476.421584,SHETLAND GP.,Kyrre Fm.,12.21080017,4.32608366,4.170734406,2.582644224,39.82103729,65030
3476.573584,SHETLAND GP.,Kyrre Fm.,12.19025612,4.323302269,4.14003706,2.578590155,44.76357651,65030
3476.725584,SHETLAND GP.,Kyrre Fm.,12.20098782,4.148416996,3.972751617,2.583501101,52.35708618,65030
3476.877584,SHETLAND GP.,Kyrre Fm.,12.18641377,3.933095932,3.707186699,2.591705084,57.38447571,65030
3477.029584,SHETLAND GP.,Kyrre Fm.,12.18583489,3.802684307,3.697278976,2.608772039,58.48272324,65030
3477.181584,SHETLAND GP.,Kyrre Fm.,12.18931007,3.672397614,3.591517925,2.609572411,56.69277191,65030
3477.333584,SHETLAND GP.,Kyrre Fm.,12.1899004,3.82979846,3.662786245,2.602798939,53.97912979,65030
3477.485584,SHETLAND GP.,Kyrre Fm.,12.20137501,3.812580586,3.568855286,2.597289562,51.44775772,65030
3477.637584,SHETLAND GP.,Kyrre Fm.,12.1809206,3.845459223,3.602591515,2.599115849,49.17273331,30000
3477.789584,SHETLAND GP.,Kyrre Fm.,12.18174458,3.953651905,3.648485899,2.616524935,45.44606781,30000
3477.941584,SHETLAND GP.,Kyrre Fm.,12.18578339,4.038467884,3.710883379,2.632558823,42.68026733,30000
3478.093584,SHETLAND GP.,Kyrre Fm.,12.18925285,4.040439606,3.796523809,2.640189409,39.1638794,30000
3478.245584,SHETLAND GP.,Kyrre Fm.,12.1870575,3.873684406,3.724327803,2.628464699,41.04072571,30000
3478.397584,SHETLAND GP.,Kyrre Fm.,12.19490624,3.702942848,3.627731323,2.616750956,41.37462997,30000
3478.549584,SHETLAND GP.,Kyrre Fm.,12.21378422,3.668730259,3.604568243,2.611145496,44.0814476,30000
3478.701584,SHETLAND GP.,Kyrre Fm.,12.20654011,3.652798653,3.586087942,2.612310648,43.71922302,30000
3478.853584,SHETLAND GP.,Kyrre Fm.,12.2038002,3.667379618,3.566987753,2.6115973,46.43121719,65030
3479.005584,SHETLAND GP.,Kyrre Fm.,12.20659828,3.655350924,3.513652563,2.610900164,47.29673386,65030
3479.157584,SHETLAND GP.,Kyrre Fm.,12.21567059,3.622101545,3.440212727,2.611358166,47.06560135,65030
3479.309584,SHETLAND GP.,Kyrre Fm.,12.19562054,3.589738369,3.38232851,2.618495703,45.79623413,65030
3479.461584,SHETLAND GP.,Kyrre Fm.,12.1899004,3.626433373,3.375278235,2.621328831,43.15193176,65030
3479.613584,SHETLAND GP.,Kyrre Fm.,12.19542217,3.64726615,3.395626783,2.615920305,43.51962662,65030
3479.765584,SHETLAND GP.,Kyrre Fm.,12.20508099,3.652946472,3.408351183,2.603230238,44.76271439,30000
3479.917584,SHETLAND GP.,Kyrre Fm.,12.19365311,3.655211926,3.411890268,2.597062588,46.26941681,30000
3480.069584,SHETLAND GP.,Kyrre Fm.,12.17904663,3.633190155,3.429478169,2.597839832,50.36411667,30000
3480.221584,SHETLAND GP.,Kyrre Fm.,12.18409348,3.547132492,3.346905947,2.597366095,49.21961975,30000
3480.373584,SHETLAND GP.,Kyrre Fm.,12.20533371,3.66104722,3.424039125,2.598652124,45.06955338,30000
3480.525584,SHETLAND GP.,Kyrre Fm.,12.20004559,3.909323454,3.618144751,2.593993425,41.16797638,30000
3480.677584,SHETLAND GP.,Kyrre Fm.,12.21299744,3.978949308,3.653514385,2.589881182,40.82049561,30000
3480.829584,SHETLAND GP.,Kyrre Fm.,12.21780014,4.171401978,3.789631844,2.588409185,41.57366943,30000
3480.981584,SHETLAND GP.,Kyrre Fm.,12.20708561,4.223312855,3.848760843,2.599220991,40.08066177,30000
3481.133584,SHETLAND GP.,Kyrre Fm.,12.2038002,4.190924168,3.907315493,2.607254744,40.51741791,30000
3481.285584,SHETLAND GP.,Kyrre Fm.,12.21445179,4.157053947,3.883424044,2.605732679,40.93113327,30000
3481.437584,SHETLAND GP.,Kyrre Fm.,12.21249867,4.062380314,3.871987581,2.597529411,43.21735764,30000
3481.589584,SHETLAND GP.,Kyrre Fm.,12.20551682,4.267251492,4.184546471,2.593841553,42.2924118,30000
3481.741584,SHETLAND GP.,Kyrre Fm.,12.21433449,4.681427479,4.600298405,2.587982416,40.92990494,30000
3481.893584,SHETLAND GP.,Kyrre Fm.,12.21780014,5.135713577,5.037611485,2.584924698,37.61211395,30000
3482.045584,SHETLAND GP.,Kyrre Fm.,12.21780014,6.277713776,6.081404209,2.604288578,32.99744034,30000
3482.197584,SHETLAND GP.,Kyrre Fm.,12.21259117,7.895251751,7.665832996,2.647310972,27.60834503,30000
3482.957584,SHETLAND GP.,Kyrre Fm.,12.20844555,3.746977806,3.644100189,2.587178469,44.12414169,65030
3483.109584,SHETLAND GP.,Kyrre Fm.,12.21780014,3.846594811,3.694242716,2.585138559,43.17562485,65030
3483.261584,SHETLAND GP.,Kyrre Fm.,12.20261288,3.847317219,3.64578867,2.582692146,40.60172653,65030
3483.413584,SHETLAND GP.,Kyrre Fm.,12.18930626,3.917190552,3.652266502,2.581693649,40.30389404,65030
3483.565584,SHETLAND GP.,Kyrre Fm.,12.20398235,3.876687527,3.619973421,2.586760044,40.27514267,30000
3483.717584,SHETLAND GP.,Kyrre Fm.,12.21080017,3.799164772,3.535163403,2.588799954,40.97170258,30000
3483.869584,SHETLAND GP.,Kyrre Fm.,12.19089317,3.702581167,3.448451519,2.588227272,41.84503937,30000
3484.021584,SHETLAND GP.,Kyrre Fm.,12.2028122,3.674137831,3.434292078,2.586360931,42.73540497,30000
3484.173584,SHETLAND GP.,Kyrre Fm.,12.21576977,3.709361076,3.484558821,2.589746475,45.98279953,30000
3484.325584,SHETLAND GP.,Kyrre Fm.,12.20300961,3.741729021,3.548650026,2.595150709,44.77347183,30000
3484.477584,SHETLAND GP.,Kyrre Fm.,12.20176792,3.775894404,3.613011599,2.601214647,45.20751572,30000
3484.629584,SHETLAND GP.,Kyrre Fm.,12.21362877,3.854957819,3.715924025,2.603661537,42.19928742,30000
3484.781584,SHETLAND GP.,Kyrre Fm.,12.20800972,4.063592434,3.955069065,2.609494448,41.20597839,30000
3484.933584,SHETLAND GP.,Kyrre Fm.,12.19899082,4.422369957,4.306922436,2.610087633,38.28689957,30000
3485.085584,SHETLAND GP.,Kyrre Fm.,12.20655823,4.321044922,4.211415768,2.602143526,38.87251282,30000
3485.237584,SHETLAND GP.,Kyrre Fm.,12.22042656,4.022171021,3.919617653,2.59186697,41.02548981,30000
3485.389584,SHETLAND GP.,Kyrre Fm.,12.21029663,3.972865582,3.850810528,2.591387987,45.02897644,30000
3485.541584,SHETLAND GP.,Kyrre Fm.,12.19906426,3.98359251,3.838489533,2.597404957,45.72602081,30000
3485.693584,SHETLAND GP.,Kyrre Fm.,12.21119976,3.947733402,3.752378225,2.59686327,45.55104828,65030
3485.845584,SHETLAND GP.,Kyrre Fm.,12.20825386,3.887693644,3.663092613,2.589940071,42.80487442,65030
3485.997584,SHETLAND GP.,Kyrre Fm.,12.19911861,3.861949921,3.58938241,2.580514431,42.42338181,65030
3486.149584,SHETLAND GP.,Kyrre Fm.,12.19217014,3.82239604,3.532272339,2.577705383,41.9240036,65030
3486.301584,SHETLAND GP.,Kyrre Fm.,12.2086916,3.764154911,3.479461432,2.581941128,40.50832367,65030
3486.453584,SHETLAND GP.,Kyrre Fm.,12.20840263,3.711237192,3.441795826,2.591888189,38.78696442,65030
3486.605584,SHETLAND GP.,Kyrre Fm.,12.20613766,3.640394688,3.389651537,2.595399141,38.69233704,65030
3486.757584,SHETLAND GP.,Kyrre Fm.,12.20038223,3.571128368,3.323368549,2.59367013,40.91394424,65030
3486.909584,SHETLAND GP.,Kyrre Fm.,12.1899395,3.579200745,3.326851368,2.591706991,42.51555634,65030
3487.061584,SHETLAND GP.,Kyrre Fm.,12.18871307,3.683618784,3.407851219,2.594403505,41.29035187,65030
3487.213584,SHETLAND GP.,Kyrre Fm.,12.19905186,3.810714722,3.522793055,2.601762295,41.22556686,30000
3487.365584,SHETLAND GP.,Kyrre Fm.,12.20609283,3.920340061,3.636656761,2.605944634,43.2339592,30000
3487.517584,SHETLAND GP.,Kyrre Fm.,12.21414948,4.098489285,3.808614016,2.605360746,43.68096161,30000
3487.669584,SHETLAND GP.,Kyrre Fm.,12.20421505,4.252503395,3.955403328,2.59286952,42.3467598,30000
3487.821584,SHETLAND GP.,Kyrre Fm.,12.20590401,4.356556416,4.088048458,2.586888552,39.9370575,30000
3487.973584,SHETLAND GP.,Kyrre Fm.,12.20184231,4.173818588,3.957838535,2.589033604,40.75960922,30000
3488.125584,SHETLAND GP.,Kyrre Fm.,12.20581913,3.927993774,3.72378087,2.599019051,40.60481262,65030
3488.277584,SHETLAND GP.,Kyrre Fm.,12.20191288,4.291424274,4.164019585,2.59952426,38.95992661,65030
3488.429584,SHETLAND GP.,Kyrre Fm.,12.19690037,5.415202141,5.28610754,2.598019362,36.01874161,65030
3488.581584,SHETLAND GP.,Kyrre Fm.,12.20349217,6.57775116,6.616846561,2.599994421,34.04101181,65030
3488.733584,SHETLAND GP.,Kyrre Fm.,12.20073795,5.945029736,6.09610939,2.607741356,32.79585266,65030
3488.885584,SHETLAND GP.,Kyrre Fm.,12.19029808,4.985555172,5.046744347,2.605386496,31.69551659,70000
3489.037584,SHETLAND GP.,Kyrre Fm.,12.19730187,4.684419155,4.587690353,2.593329907,32.56074905,70000
3489.189584,SHETLAND GP.,Kyrre Fm.,12.2038002,4.445486069,4.341332912,2.577912331,35.53718185,30000
3489.341584,SHETLAND GP.,Kyrre Fm.,12.19299507,4.267491341,4.127410889,2.576319695,38.86354065,30000
3489.493584,SHETLAND GP.,Kyrre Fm.,12.19289112,4.188253403,3.974180937,2.585937738,40.59725952,30000
3489.645584,SHETLAND GP.,Kyrre Fm.,12.19258213,4.189732075,3.907792568,2.594356298,40.43404388,30000
3489.797584,SHETLAND GP.,Kyrre Fm.,12.18565464,4.221342564,3.8893857,2.593246937,38.43347549,30000
3489.949584,SHETLAND GP.,Kyrre Fm.,12.19789505,4.26606226,3.858364344,2.587038279,38.63999176,30000
3490.101584,SHETLAND GP.,Kyrre Fm.,12.19669056,4.257225037,3.864806891,2.582465887,40.16340256,30000
3490.253584,SHETLAND GP.,Kyrre Fm.,12.20258331,4.182357788,3.840065002,2.58437705,42.50756455,30000
3490.405584,SHETLAND GP.,Kyrre Fm.,12.19604778,4.052986145,3.761338949,2.584625721,42.16446686,30000
3490.557584,SHETLAND GP.,Kyrre Fm.,12.19272518,3.953330517,3.710335493,2.583400011,40.7350502,30000
3490.709584,SHETLAND GP.,Kyrre Fm.,12.19690037,3.931474924,3.693947792,2.580763817,41.6004715,30000
3490.861584,SHETLAND GP.,Kyrre Fm.,12.20101452,3.927420378,3.696321964,2.585558415,42.24162674,30000
3491.013584,SHETLAND GP.,Kyrre Fm.,12.21211624,3.901597977,3.675453186,2.596117973,41.65024567,30000
3491.165584,SHETLAND GP.,Kyrre Fm.,12.20951653,3.896189928,3.671358585,2.604560375,39.24134064,30000
3491.317584,SHETLAND GP.,Kyrre Fm.,12.19973946,3.941265822,3.714198828,2.600908518,38.64638901,30000
3491.469584,SHETLAND GP.,Kyrre Fm.,12.20913982,4.00577879,3.768644333,2.590209723,40.70483398,30000
3491.621584,SHETLAND GP.,Kyrre Fm.,12.20963287,4.00155735,3.76420784,2.585433245,41.57313156,30000
3491.773584,SHETLAND GP.,Kyrre Fm.,12.20583439,3.979658127,3.749277115,2.592479944,40.84052277,30000
3491.925584,SHETLAND GP.,Kyrre Fm.,12.21337795,3.957125425,3.7386868,2.603009462,38.08435059,30000
3492.077584,SHETLAND GP.,Kyrre Fm.,12.20974064,3.956703186,3.738383293,2.60772109,36.5791893,30000
3492.229584,SHETLAND GP.,Kyrre Fm.,12.19984818,3.999655962,3.774623156,2.607655525,38.38022614,30000
3492.381584,SHETLAND GP.,Kyrre Fm.,12.20483017,4.059010506,3.832439184,2.601851702,39.39183426,30000
3492.533584,SHETLAND GP.,Kyrre Fm.,12.2068224,4.069381237,3.839726448,2.592274666,38.59244537,30000
3492.685584,SHETLAND GP.,Kyrre Fm.,12.19990158,3.996705294,3.781022072,2.580145836,36.15975952,30000
3492.837584,SHETLAND GP.,Kyrre Fm.,12.19296551,3.930420876,3.721712351,2.574381113,36.62325287,30000
3492.989584,SHETLAND GP.,Kyrre Fm.,12.20551968,3.902999401,3.687704086,2.575663567,38.97784042,30000
3493.141584,SHETLAND GP.,Kyrre Fm.,12.21389675,3.823768139,3.624622345,2.5770576,39.62794113,30000
3493.293584,SHETLAND GP.,Kyrre Fm.,12.20691872,3.777126312,3.593335152,2.576335907,37.30947876,30000
3493.445584,SHETLAND GP.,Kyrre Fm.,12.19999504,3.896412611,3.699891329,2.575951576,34.54029465,30000
3493.597584,SHETLAND GP.,Kyrre Fm.,12.19690037,4.093542099,3.872925758,2.58590126,34.01509857,30000
3493.749584,SHETLAND GP.,Kyrre Fm.,12.19690037,4.1760149,3.940011263,2.602232456,34.09156036,30000
3493.901584,SHETLAND GP.,Kyrre Fm.,12.2006588,4.128288746,3.870849609,2.61256814,35.37685776,30000
3494.053584,SHETLAND GP.,Kyrre Fm.,12.20006371,4.142570019,3.848320007,2.610750675,35.87253952,30000
3494.205584,SHETLAND GP.,Kyrre Fm.,12.20815659,4.274773121,3.927788973,2.602699041,36.79919434,30000
3494.357584,SHETLAND GP.,Kyrre Fm.,12.21780014,4.391760349,4.006542683,2.597062111,37.30252457,30000
3494.509584,SHETLAND GP.,Kyrre Fm.,12.20663834,4.469030857,4.046877861,2.59428525,37.36540604,30000
3494.661584,SHETLAND GP.,Kyrre Fm.,12.20799732,4.511593819,4.069031239,2.592550516,38.47119522,30000
3494.813584,SHETLAND GP.,Kyrre Fm.,12.21225643,4.50803566,4.113708496,2.594017267,38.18609238,30000
3494.965584,SHETLAND GP.,Kyrre Fm.,12.21282005,4.48237896,4.177956104,2.598628521,38.03608322,30000
3495.117584,SHETLAND GP.,Kyrre Fm.,12.21780014,4.407779694,4.234609604,2.599639177,38.27616882,30000
3495.269584,SHETLAND GP.,Kyrre Fm.,12.21415806,4.349088192,4.334650517,2.599961042,39.17435455,30000
3495.421584,SHETLAND GP.,Kyrre Fm.,12.21442127,4.517765045,4.716145039,2.60646987,40.260952,30000
3495.573584,SHETLAND GP.,Kyrre Fm.,12.20703507,5.324250221,5.96584034,2.622067928,39.70404434,30000
3495.725584,SHETLAND GP.,Kyrre Fm.,12.20761776,5.30768013,5.977752686,2.641684294,38.02707291,30000
3495.877584,SHETLAND GP.,Kyrre Fm.,12.21422672,4.532926083,4.709168434,2.651365757,35.56502152,30000
3496.029584,SHETLAND GP.,Kyrre Fm.,12.20902443,4.537092209,4.632592678,2.64616251,32.71648026,70000
3496.181584,SHETLAND GP.,Kyrre Fm.,12.20205402,5.406720161,5.461084843,2.624863386,29.32001114,70000
3496.333584,SHETLAND GP.,Kyrre Fm.,12.21261883,5.739225864,5.628100395,2.59820056,26.42611504,70000
3496.485584,SHETLAND GP.,Kyrre Fm.,12.22644997,5.196929455,5.083332539,2.585150242,26.42940712,70000
3496.637584,SHETLAND GP.,Kyrre Fm.,12.21088696,4.838134766,4.660514832,2.591101646,29.00549507,70000
3496.789584,SHETLAND GP.,Kyrre Fm.,12.20030785,4.508150101,4.286783695,2.612677336,30.83049774,30000
3496.941584,SHETLAND GP.,Kyrre Fm.,12.20552063,4.258902073,3.997857571,2.629110336,32.65901947,30000
3497.093584,SHETLAND GP.,Tryggvason Fm.,12.21923924,4.203025818,3.945617676,2.62758565,35.51541519,30000
3497.245584,SHETLAND GP.,Tryggvason Fm.,12.22999764,4.327037334,4.020144939,2.611538172,38.73410797,30000
3497.397584,SHETLAND GP.,Tryggvason Fm.,12.22317505,4.498062611,4.059700012,2.5949862,40.8594017,30000
3497.549584,SHETLAND GP.,Tryggvason Fm.,12.21275044,4.627593994,4.10806036,2.592242718,41.99491501,65030
3497.701584,SHETLAND GP.,Tryggvason Fm.,12.21562862,4.664747715,4.135294914,2.598538876,42.02416229,65030
3497.853584,SHETLAND GP.,Tryggvason Fm.,12.22803497,4.664095402,4.156440258,2.607130051,39.67456055,65030
3498.005584,SHETLAND GP.,Tryggvason Fm.,12.22014904,4.754296303,4.196156025,2.615870714,37.67166138,65030
3498.157584,SHETLAND GP.,Tryggvason Fm.,12.22860432,4.799911976,4.240210533,2.631323338,38.25202942,65030
3498.309584,SHETLAND GP.,Tryggvason Fm.,12.24281788,4.645722389,4.159126282,2.653873444,40.8110733,30000
3498.461584,SHETLAND GP.,Tryggvason Fm.,12.24469566,4.427783966,4.026321411,2.662934065,40.05751038,30000
3498.613584,SHETLAND GP.,Tryggvason Fm.,12.25316715,4.253861427,3.909347057,2.642904043,37.19522095,30000
3498.765584,SHETLAND GP.,Tryggvason Fm.,12.24726296,3.919362068,3.650440931,2.607148647,36.52312851,30000
3498.917584,SHETLAND GP.,Tryggvason Fm.,12.2443428,3.419733763,3.225735664,2.579676151,39.22806168,30000
3499.069584,SHETLAND GP.,Tryggvason Fm.,12.23869991,3.16768384,2.989768028,2.573930264,42.13810349,30000
3499.221584,SHETLAND GP.,Tryggvason Fm.,12.23869991,3.641711712,3.404690743,2.582252264,40.59117508,65030
3499.373584,SHETLAND GP.,Tryggvason Fm.,12.23869991,5.023048878,4.580415726,2.599158526,36.47761917,65030
3499.525584,SHETLAND GP.,Tryggvason Fm.,12.23244476,6.68897152,5.995654583,2.61878252,34.50053024,70000
3499.677584,SHETLAND GP.,Tryggvason Fm.,12.23092365,7.041935444,6.319447994,2.627088785,35.95006561,70000
3499.829584,SHETLAND GP.,Tryggvason Fm.,12.23250771,5.596854687,5.093322277,2.618681431,37.3427124,70000
3499.981584,SHETLAND GP.,Tryggvason Fm.,12.23541927,4.180142403,3.93056035,2.602478504,37.67357254,70000
3500.133584,SHETLAND GP.,Tryggvason Fm.,12.24456406,3.61122632,3.575413227,2.593899965,37.9787178,70000
3500.285584,SHETLAND GP.,Tryggvason Fm.,12.2432127,3.436832905,3.48478055,2.59637332,40.11455536,65030
3500.437584,SHETLAND GP.,Tryggvason Fm.,12.24763203,3.486365557,3.408269167,2.602017164,42.18988419,65030
3500.589584,SHETLAND GP.,Tryggvason Fm.,12.2471571,3.535391092,3.363227129,2.610087156,40.716465,65030
3500.741584,SHETLAND GP.,Tryggvason Fm.,12.24765301,3.454709768,3.252941608,2.625195742,38.90848923,65030
3500.893584,SHETLAND GP.,Tryggvason Fm.,12.24713898,3.327218056,3.06614399,2.6385355,38.52953339,65030
3501.045584,SHETLAND GP.,Tryggvason Fm.,12.24177456,3.383333445,3.025203228,2.637026548,39.9176445,65030
3501.197584,SHETLAND GP.,Tryggvason Fm.,12.22877312,3.407880306,3.025427103,2.622083902,39.65879059,65030
3501.349584,SHETLAND GP.,Tryggvason Fm.,12.23917961,3.146836281,2.813368082,2.604094744,38.83903885,65030
3501.501584,SHETLAND GP.,Tryggvason Fm.,12.25097561,2.659622908,2.46692729,2.595000267,39.03688431,65030
3501.653584,SHETLAND GP.,Tryggvason Fm.,12.23869991,2.39394331,2.299993515,2.590109825,42.01567078,65030
3501.805584,SHETLAND GP.,Tryggvason Fm.,12.23869991,2.363504648,2.305541039,2.590192795,45.62234879,65030
3501.957584,SHETLAND GP.,Tryggvason Fm.,12.23445511,2.318557501,2.317878008,2.593648911,49.20921707,65030
3502.109584,SHETLAND GP.,Tryggvason Fm.,12.23523521,2.150651693,2.250879526,2.593533039,50.89132309,65030
3502.261584,SHETLAND GP.,Tryggvason Fm.,12.24705887,2.02503562,2.196620464,2.588541746,50.56194305,65030
3502.413584,SHETLAND GP.,Tryggvason Fm.,12.24079227,2.092486143,2.263890743,2.58254981,50.35529709,65030
3502.565584,SHETLAND GP.,Tryggvason Fm.,12.23782826,2.318834543,2.517905235,2.582449198,49.84239578,65030
3502.717584,SHETLAND GP.,Tryggvason Fm.,12.24715996,2.761812687,2.973573208,2.592123032,49.70171738,65030
3502.869584,SHETLAND GP.,Tryggvason Fm.,12.23056698,3.232456684,3.407541275,2.616080999,46.50946808,70000
3503.021584,SHETLAND GP.,Tryggvason Fm.,12.21780014,3.353298903,3.439126015,2.653510571,43.63586426,70000
3503.173584,SHETLAND GP.,Tryggvason Fm.,12.2298193,3.121383429,3.08126235,2.6731143,41.42363358,70000
3503.325584,SHETLAND GP.,Tryggvason Fm.,12.24247456,2.80341363,2.669852734,2.650789022,41.82343292,70000
3503.477584,SHETLAND GP.,Tryggvason Fm.,12.23037529,2.554323435,2.438285351,2.610411406,45.28517151,70000
3503.629584,SHETLAND GP.,Tryggvason Fm.,12.23738003,2.387661457,2.250957251,2.584031582,46.91221237,70000
3503.781584,SHETLAND GP.,Tryggvason Fm.,12.25521374,2.263069153,2.116538286,2.580801249,47.64786911,65000
3503.933584,SHETLAND GP.,Tryggvason Fm.,12.25571346,2.162274122,2.015283823,2.578819513,45.79347229,65000
3504.085584,SHETLAND GP.,Tryggvason Fm.,12.24527359,2.079564333,1.938592315,2.579868317,47.02774811,65000
3504.237584,SHETLAND GP.,Tryggvason Fm.,12.24634075,2.055910826,1.919732451,2.586475372,48.77224731,65000
3504.389584,SHETLAND GP.,Tryggvason Fm.,12.25454903,2.071209192,1.937853336,2.587081909,50.65507507,65030
3504.541584,SHETLAND GP.,Tryggvason Fm.,12.24317646,2.094640017,1.967548609,2.580102205,51.70198822,65030
3504.693584,SHETLAND GP.,Tryggvason Fm.,12.23869991,2.102715254,1.985959292,2.567542553,54.93846512,65030
3504.845584,SHETLAND GP.,Tryggvason Fm.,12.24118519,2.116238833,2.004395247,2.56486392,57.68763351,65000
3504.997584,SHETLAND GP.,Tryggvason Fm.,12.23952675,2.131957769,2.014069557,2.565586567,58.53796768,65000
3505.149584,SHETLAND GP.,Tryggvason Fm.,12.22942448,2.136294603,2.01491046,2.574164152,55.28932571,65000
3505.301584,SHETLAND GP.,Tryggvason Fm.,12.23412609,2.147226811,2.018349409,2.580981255,53.69830322,65030
3505.453584,SHETLAND GP.,Tryggvason Fm.,12.24589729,2.171668053,2.039616346,2.578704119,52.6369133,65030
3505.605584,SHETLAND GP.,Tryggvason Fm.,12.2560072,2.186128855,2.049918413,2.568723679,53.1228447,65000
3505.757584,SHETLAND GP.,Tryggvason Fm.,12.25028706,2.179771185,2.0470016,2.559244394,50.85146332,65000
3505.909584,SHETLAND GP.,Tryggvason Fm.,12.25495148,2.171186447,2.040341616,2.55760622,49.86186218,65000
3506.061584,SHETLAND GP.,Tryggvason Fm.,12.25726318,2.161492348,2.030128717,2.563171387,48.23542404,65000
3506.213584,SHETLAND GP.,Tryggvason Fm.,12.24335194,2.149629355,2.017095327,2.576668739,47.85800552,65000
3506.365584,SHETLAND GP.,Tryggvason Fm.,12.22242832,2.168745995,2.019639492,2.58885479,48.52695847,65000
3506.517584,SHETLAND GP.,Tryggvason Fm.,12.22916031,2.216060162,2.053177595,2.587992668,49.40498352,65000
3506.669584,SHETLAND GP.,Tryggvason Fm.,12.25822258,2.253102779,2.07870698,2.581295252,51.15891647,65000
3506.821584,SHETLAND GP.,Tryggvason Fm.,12.26666451,2.303417683,2.115283728,2.582383871,49.79258347,65000
3506.973584,SHETLAND GP.,Tryggvason Fm.,12.2484808,2.361515284,2.156175613,2.589592218,50.64665222,65000
3507.125584,SHETLAND GP.,Tryggvason Fm.,12.22912121,2.39786458,2.183822155,2.590205193,51.95508575,65000
3507.277584,SHETLAND GP.,Tryggvason Fm.,12.24195004,2.43099308,2.214948893,2.583900213,55.25217056,65000
3507.429584,SHETLAND GP.,Tryggvason Fm.,12.25235748,2.487092733,2.282984734,2.572042942,57.37802887,65000
3507.581584,SHETLAND GP.,Tryggvason Fm.,12.26173878,2.6264925,2.424466133,2.559443235,55.85842514,65000
3507.733584,SHETLAND GP.,Tryggvason Fm.,12.26866818,2.864095688,2.67113924,2.556264639,50.67287445,65000
3507.885584,SHETLAND GP.,Tryggvason Fm.,12.26613617,3.240461588,3.082077742,2.578726769,42.73880768,65030
3508.037584,SHETLAND GP.,Tryggvason Fm.,12.24598408,3.701556206,3.518706799,2.625016451,36.97331238,70000
3508.189584,SHETLAND GP.,Tryggvason Fm.,12.24491406,3.868706703,3.690520525,2.674479485,37.63265228,70000
3508.341584,SHETLAND GP.,Tryggvason Fm.,12.25343227,3.512312889,3.397217751,2.691067219,40.56805801,70000
3508.493584,SHETLAND GP.,Tryggvason Fm.,12.23460674,3.134150267,3.042159796,2.665090084,45.53783035,70000
3508.645584,SHETLAND GP.,Tryggvason Fm.,12.22571087,2.91715169,2.825434923,2.617325783,48.61464691,65000
3508.797584,SHETLAND GP.,Tryggvason Fm.,12.23121071,2.800647259,2.68945384,2.585360289,50.79718018,65000
3508.949584,SHETLAND GP.,Tryggvason Fm.,12.24069119,2.750838518,2.614721537,2.58199358,52.55424881,65000
3509.101584,SHETLAND GP.,Tryggvason Fm.,12.25353241,2.721563578,2.560678721,2.607492685,52.87654495,65000
3509.253584,SHETLAND GP.,Tryggvason Fm.,12.2754488,2.736471415,2.546891213,2.654646874,51.18347168,65030
3509.405584,SHETLAND GP.,Tryggvason Fm.,12.27666187,2.762372255,2.532215595,2.686620951,47.01643372,65030
3509.557584,SHETLAND GP.,Tryggvason Fm.,12.27040577,2.708771229,2.542151451,2.675480366,43.63213348,65030
3509.709584,SHETLAND GP.,Tryggvason Fm.,12.27293491,2.61150527,2.47552371,2.634178162,43.89175797,65030
3509.861584,SHETLAND GP.,Tryggvason Fm.,12.25447369,2.548006773,2.417659521,2.60236311,47.83704758,65000
3510.013584,SHETLAND GP.,Tryggvason Fm.,12.25405216,2.486601591,2.364616156,2.591004372,50.59605026,65000
3510.165584,SHETLAND GP.,Tryggvason Fm.,12.23869991,2.449991703,2.329653502,2.59237361,52.40705109,65000
3510.317584,SHETLAND GP.,Tryggvason Fm.,12.24686718,2.524685383,2.375859022,2.59321332,51.81721878,65000
3510.469584,SHETLAND GP.,Tryggvason Fm.,12.2709055,2.626705647,2.474302292,2.596703768,50.06920242,65000
3510.621584,SHETLAND GP.,Tryggvason Fm.,12.2699585,2.716898918,2.568301439,2.604294539,48.19819641,65000
3510.773584,SHETLAND GP.,Tryggvason Fm.,12.2543211,2.828063726,2.691640854,2.623951435,45.32575607,65000
3510.925584,SHETLAND GP.,Tryggvason Fm.,12.24045181,3.000045538,2.865972757,2.639075279,40.9242096,65030
3511.077584,SHETLAND GP.,Tryggvason Fm.,12.24914265,3.093831778,2.969342947,2.637940645,39.02768707,65030
3511.229584,SHETLAND GP.,Tryggvason Fm.,12.25449562,3.026821613,2.922513723,2.6301651,41.01345062,30000
3511.381584,SHETLAND GP.,Tryggvason Fm.,12.24545002,2.964869261,2.876240253,2.619716167,45.0066185,30000
3511.533584,SHETLAND GP.,Tryggvason Fm.,12.25823498,2.914691687,2.799369335,2.609976769,47.24260712,30000
3511.685584,SHETLAND GP.,Tryggvason Fm.,12.23004055,2.859835625,2.735562801,2.598894835,45.7738266,65030
3511.837584,SHETLAND GP.,Tryggvason Fm.,12.22308826,2.867482185,2.725200653,2.601045132,44.9090271,65030
3511.989584,SHETLAND GP.,Tryggvason Fm.,12.21780014,2.894984484,2.736567259,2.606475353,43.8428154,65030
3512.141584,SHETLAND GP.,Tryggvason Fm.,12.22018242,2.978082895,2.787360668,2.600528956,42.33386993,65030
3512.293584,SHETLAND GP.,Tryggvason Fm.,12.23532105,3.060030222,2.873093128,2.585050583,42.06984711,65030
3512.445584,SHETLAND GP.,Tryggvason Fm.,12.26583195,3.153963566,2.953677177,2.57752943,39.74707031,65030
3512.597584,SHETLAND GP.,Tryggvason Fm.,12.28587723,3.207161665,3.034879684,2.583114386,41.15736389,65030
3512.749584,SHETLAND GP.,Tryggvason Fm.,12.27593422,3.146957874,2.982558727,2.59263444,40.4053421,65030
3512.901584,SHETLAND GP.,Tryggvason Fm.,12.25959969,2.993860483,2.859134197,2.590411186,40.47984695,65030
3513.053584,SHETLAND GP.,Tryggvason Fm.,12.26553726,2.877905846,2.763692856,2.583904743,37.83095169,65030
3513.205584,SHETLAND GP.,Tryggvason Fm.,12.29034138,2.829434395,2.670148134,2.587487221,38.95756149,65030
3513.357584,SHETLAND GP.,Tryggvason Fm.,12.29705715,2.789014339,2.64179349,2.591179371,41.09988022,65030
3513.509584,SHETLAND GP.,Tryggvason Fm.,12.28479576,2.81242156,2.662223339,2.586537123,43.75020981,65030
3513.661584,SHETLAND GP.,Tryggvason Fm.,12.29715824,2.933925152,2.777761459,2.567783833,45.60821152,65030
3513.813584,SHETLAND GP.,Tryggvason Fm.,12.28466797,3.018273592,2.875733852,2.566910029,44.79594421,65030
3513.965584,SHETLAND GP.,Tryggvason Fm.,12.29589939,3.023628473,2.85397768,2.587408066,43.30885315,65030
3514.117584,SHETLAND GP.,Tryggvason Fm.,12.26808262,3.028124332,2.869710684,2.615663528,39.62081146,65030
3514.269584,SHETLAND GP.,Tryggvason Fm.,12.25841427,3.127174139,3.002458811,2.622445583,37.26258469,65030
3514.421584,SHETLAND GP.,Tryggvason Fm.,12.31378365,3.216049671,3.102555037,2.609491825,35.93291092,30000
3514.573584,SHETLAND GP.,Tryggvason Fm.,12.32230091,3.150886774,3.088638306,2.591748714,37.04276657,30000
3514.725584,SHETLAND GP.,Tryggvason Fm.,12.31715965,3.08725071,3.018536091,2.587802649,39.62942505,30000
3514.877584,SHETLAND GP.,Tryggvason Fm.,12.29440022,3.145152092,3.024937868,2.588554382,41.00136566,65030
3515.029584,SHETLAND GP.,Tryggvason Fm.,12.28941059,3.094453812,2.95885396,2.586876869,39.47626877,65030
3515.181584,SHETLAND GP.,Tryggvason Fm.,12.26904488,3.079988957,2.963710547,2.581971407,38.49749374,65030
3515.333584,SHETLAND GP.,Tryggvason Fm.,12.27565479,3.124053717,3.008843899,2.58218503,40.7211113,65030
3515.485584,SHETLAND GP.,Tryggvason Fm.,12.25558281,3.098833084,3.0456779,2.590956688,39.72431183,65030
3515.637584,SHETLAND GP.,Tryggvason Fm.,12.27412128,3.142559767,3.045066595,2.604863882,38.00767517,65030
3515.789584,SHETLAND GP.,Tryggvason Fm.,12.29094601,3.216456413,3.164982319,2.611042023,33.27122879,70000
3515.941584,SHETLAND GP.,Tryggvason Fm.,12.27804947,3.461476564,3.338987827,2.615196705,31.91883087,70000
3516.093584,SHETLAND GP.,Tryggvason Fm.,12.29971218,3.48274374,3.333791733,2.610877991,34.85429764,70000
3516.245584,SHETLAND GP.,Tryggvason Fm.,12.30248451,3.077478647,2.918286085,2.601936102,38.46972275,70000
3516.397584,SHETLAND GP.,Tryggvason Fm.,12.36410046,2.791761637,2.608334541,2.586243153,44.39060211,70000
3516.549584,SHETLAND GP.,Tryggvason Fm.,12.36196709,2.602702379,2.464300394,2.573003531,46.91337585,70000
3516.701584,SHETLAND GP.,Tryggvason Fm.,12.34748745,2.48314476,2.38241744,2.563116074,49.65028381,65000
3516.853584,SHETLAND GP.,Tryggvason Fm.,12.32909107,2.458813191,2.279559851,2.573416233,53.70327759,65000
3517.005584,SHETLAND GP.,Tryggvason Fm.,12.30729675,2.502926111,2.284800053,2.598625183,52.51171112,65000
3517.157584,SHETLAND GP.,Tryggvason Fm.,12.29843712,2.55051899,2.274316788,2.632772923,48.26366425,65000
3517.309584,SHETLAND GP.,Tryggvason Fm.,12.28437805,2.7145648,2.369323254,2.63955164,43.55331039,65000
3517.461584,SHETLAND GP.,Tryggvason Fm.,12.31451798,2.599644423,2.240777731,2.614507914,50.81484604,65000
3517.613584,SHETLAND GP.,Tryggvason Fm.,12.35407162,2.345166445,2.02556181,2.583341599,55.82424927,65000
3517.765584,SHETLAND GP.,Tryggvason Fm.,12.35664177,2.143743038,1.867285729,2.55916214,58.95185852,65000
3517.917584,SHETLAND GP.,Tryggvason Fm.,12.35045433,2.061104775,1.778211713,2.548972368,55.70149612,65000
3518.069584,SHETLAND GP.,Tryggvason Fm.,12.33008575,1.965460777,1.723180652,2.540557146,55.13651276,65000
3518.221584,SHETLAND GP.,Tryggvason Fm.,12.33316994,1.889839172,1.686603069,2.544909,55.45459747,65000
3518.373584,SHETLAND GP.,Tryggvason Fm.,12.31558514,1.828917623,1.637923718,2.549488306,54.69175339,65000
3518.525584,SHETLAND GP.,Tryggvason Fm.,12.33948612,1.78443861,1.597008586,2.556427956,57.27562714,65000
3518.677584,SHETLAND GP.,Tryggvason Fm.,12.31180096,1.791601181,1.601368427,2.555072784,57.87382126,65000
3518.829584,SHETLAND GP.,Tryggvason Fm.,12.31299496,1.811697245,1.604539871,2.560074806,60.91161728,65000
3518.981584,SHETLAND GP.,Tryggvason Fm.,12.32230091,1.836051941,1.599696398,2.559155703,59.00725937,65000
3519.133584,SHETLAND GP.,Tryggvason Fm.,12.32304382,1.925706744,1.646212459,2.55848074,55.077034,65000
3519.285584,SHETLAND GP.,Tryggvason Fm.,12.32736683,1.996181369,1.763752222,2.549252749,50.66207123,65000
3519.437584,SHETLAND GP.,Tryggvason Fm.,12.31143951,2.107095242,1.852051973,2.550927162,50.2883606,65000
3519.589584,SHETLAND GP.,Tryggvason Fm.,12.30970955,2.159665108,1.912022829,2.564097405,51.16629028,65000
3519.741584,SHETLAND GP.,Tryggvason Fm.,12.31891537,2.181774139,1.959932804,2.588019848,49.89809036,65030
3519.893584,SHETLAND GP.,Tryggvason Fm.,12.28872681,2.21398592,2.01840663,2.605013847,47.09310532,65030
3520.045584,SHETLAND GP.,Tryggvason Fm.,12.30140019,2.280780554,2.070538759,2.626509428,43.73434448,30000
3520.197584,SHETLAND GP.,Tryggvason Fm.,12.30202198,2.342049599,2.100597382,2.658927918,43.17123795,30000
3520.349584,SHETLAND GP.,Tryggvason Fm.,12.30860233,2.392698765,2.073213577,2.664516687,44.52488709,30000
3520.501584,SHETLAND GP.,Tryggvason Fm.,12.31150627,2.452611685,2.076438427,2.618763208,48.90921021,30000
3520.653584,SHETLAND GP.,Tryggvason Fm.,12.31115723,2.56023097,2.118422031,2.553148031,53.467659,65000
3520.805584,SHETLAND GP.,Tryggvason Fm.,12.34236431,2.513751984,2.079585552,2.51925683,54.35536575,65000
3520.957584,SHETLAND GP.,Tryggvason Fm.,12.33296967,2.431361675,2.02502799,2.538323879,54.4103775,65000
3521.109584,SHETLAND GP.,Tryggvason Fm.,12.33466435,2.329674959,1.965746045,2.565502644,52.88220215,65000
3521.261584,SHETLAND GP.,Tryggvason Fm.,12.31579971,2.221469164,1.919137001,2.57278657,50.63854981,65000
3521.413584,SHETLAND GP.,Tryggvason Fm.,12.32181835,2.131158829,1.880358815,2.567355156,52.14645386,65000
3521.565584,SHETLAND GP.,Tryggvason Fm.,12.31576729,2.155488491,1.903347373,2.548787117,52.18542862,65000
3521.717584,SHETLAND GP.,Tryggvason Fm.,12.32230091,2.246572256,2.013422012,2.54289937,54.6832695,65000
3521.869584,SHETLAND GP.,Tryggvason Fm.,12.32187653,2.359051228,2.125466585,2.542296886,54.31295776,65000
3522.021584,SHETLAND GP.,Tryggvason Fm.,12.31692886,2.450421333,2.223489046,2.556217432,53.966362,65000
3522.173584,SHETLAND GP.,Tryggvason Fm.,12.340271,2.549113035,2.351961851,2.558420897,53.70536041,65000
3522.325584,SHETLAND GP.,Tryggvason Fm.,12.29526711,2.780012369,2.607453585,2.591928244,48.51589966,65000
3522.477584,SHETLAND GP.,Tryggvason Fm.,12.37650204,3.04298377,2.94038105,2.615073681,44.42422485,65000
3522.629584,SHETLAND GP.,Tryggvason Fm.,12.41646195,2.882633925,2.887093067,2.666262627,45.30555344,70000
3522.781584,SHETLAND GP.,Tryggvason Fm.,12.45444393,2.574641466,2.555296183,2.673691034,46.583992,70000
3522.933584,SHETLAND GP.,Tryggvason Fm.,12.45100403,2.646362782,2.650039434,2.677009821,51.65353012,65030
3523.085584,SHETLAND GP.,Tryggvason Fm.,12.44742394,3.043429852,3.109423399,2.660413265,52.23168182,65030
3523.237584,SHETLAND GP.,Tryggvason Fm.,12.44121456,4.011147976,3.97499752,2.628235817,45.94277954,70000
3523.389584,SHETLAND GP.,Tryggvason Fm.,12.45387268,6.107581139,5.773234367,2.60896802,36.56297684,70000
3523.541584,SHETLAND GP.,Tryggvason Fm.,12.43347454,6.088364601,5.868498325,2.626560688,29.27861595,70000
3523.693584,SHETLAND GP.,Tryggvason Fm.,12.4258976,5.333938122,5.016571999,2.683071613,35.13999176,70000
3523.845584,SHETLAND GP.,Tryggvason Fm.,12.39585972,4.165374279,3.936131716,2.721744776,43.62971497,70000
3523.997584,SHETLAND GP.,Tryggvason Fm.,12.41187286,2.916045189,2.653786659,2.684762716,50.98903656,65000
3524.149584,SHETLAND GP.,Tryggvason Fm.,12.37396526,2.273599148,2.076513052,2.609549284,54.94904709,65000
3524.301584,SHETLAND GP.,Tryggvason Fm.,12.34959698,2.305925369,2.063421249,2.558074951,57.67263794,65000
3524.453584,SHETLAND GP.,Tryggvason Fm.,12.32263184,2.368252754,2.048429966,2.551556587,59.07812882,65000
3524.605584,SHETLAND GP.,Tryggvason Fm.,12.34338856,2.446784258,2.056991577,2.567845106,59.57723999,65000
3524.757584,SHETLAND GP.,Tryggvason Fm.,12.35678482,2.497437477,2.093776703,2.593227148,56.83589554,65000
3524.909584,SHETLAND GP.,Tryggvason Fm.,12.3297987,2.580062866,2.189030886,2.622000933,53.77687073,65000
3525.061584,SHETLAND GP.,Tryggvason Fm.,12.39534473,2.664498091,2.324721575,2.643937588,51.59029388,70000
3525.213584,SHETLAND GP.,Tryggvason Fm.,12.38503075,2.83604002,2.501087189,2.631946564,46.52586365,70000
3525.365584,SHETLAND GP.,Tryggvason Fm.,12.39534855,2.815638781,2.598207712,2.613888264,46.34132385,70000
3525.517584,SHETLAND GP.,Tryggvason Fm.,12.32241535,2.727538109,2.609282494,2.597126246,41.62907791,70000
3525.669584,SHETLAND GP.,Tryggvason Fm.,12.28072548,2.549865961,2.511830568,2.610924721,42.16414642,70000
3525.821584,SHETLAND GP.,Tryggvason Fm.,12.2942934,2.430119038,2.400457621,2.622014999,41.80629349,70000
3525.973584,SHETLAND GP.,Tryggvason Fm.,12.30816174,2.319401741,2.311583042,2.621209145,43.68937683,70000
3526.125584,SHETLAND GP.,Tryggvason Fm.,12.30148411,2.288172007,2.171418905,2.599764586,47.83872604,70000
3526.277584,SHETLAND GP.,Tryggvason Fm.,12.34931946,2.14699316,1.963261843,2.573326349,48.23399353,65030
3526.429584,SHETLAND GP.,Tryggvason Fm.,12.35697269,1.991948366,1.775636077,2.554836988,50.67734528,65030
3526.581584,SHETLAND GP.,Tryggvason Fm.,12.35367107,1.819363475,1.629006267,2.542159081,53.02173615,65030
3526.733584,SHETLAND GP.,Tryggvason Fm.,12.3434372,2.169637442,1.846940637,2.547079086,54.50469589,65030
3526.885584,SHETLAND GP.,Tryggvason Fm.,12.3567524,2.84133625,2.342779636,2.553536892,54.16977692,65030
3527.037584,SHETLAND GP.,Tryggvason Fm.,12.37059879,2.447716713,2.09766674,2.55913806,52.41055298,65030
3527.189584,SHETLAND GP.,Tryggvason Fm.,12.32382011,2.274677753,1.987015605,2.574800968,50.59720612,65030
3527.341584,SHETLAND GP.,Tryggvason Fm.,12.30876827,2.37988019,2.200497866,2.599077225,49.64914703,65030
3527.493584,SHETLAND GP.,Tryggvason Fm.,12.27474403,2.536830187,2.426702261,2.611857176,47.327034,65030
3527.645584,SHETLAND GP.,Tryggvason Fm.,12.32037354,2.549319506,2.552749634,2.600293875,42.24250412,30000
3527.797584,SHETLAND GP.,Tryggvason Fm.,12.32891083,2.553432703,2.620456696,2.574791431,39.0779419,30000
3527.949584,SHETLAND GP.,Tryggvason Fm.,12.3425827,2.621183872,2.57043314,2.56643486,40.5250206,30000
3528.101584,SHETLAND GP.,Tryggvason Fm.,12.34978008,2.599218607,2.483505011,2.564574242,44.1749115,30000
3528.253584,SHETLAND GP.,Tryggvason Fm.,12.35342407,2.606453896,2.407588244,2.574948788,45.55648422,65030
3528.405584,SHETLAND GP.,Tryggvason Fm.,12.33047962,2.53659153,2.350642443,2.58364892,47.29651642,65030
3528.557584,SHETLAND GP.,Tryggvason Fm.,12.34243393,2.528729916,2.355735064,2.59364748,48.93599701,65030
3528.709584,SHETLAND GP.,Tryggvason Fm.,12.35300732,2.64326787,2.454747677,2.597312212,51.60820389,65030
3528.861584,SHETLAND GP.,Tryggvason Fm.,12.31762695,2.67199111,2.549180031,2.603511334,46.67687988,65030
3529.013584,SHETLAND GP.,Tryggvason Fm.,12.28269482,2.759128571,2.620390892,2.617391586,44.30400467,30000
3529.165584,SHETLAND GP.,Tryggvason Fm.,12.28694916,2.837991238,2.665738583,2.635965347,38.04918289,30000
3529.317584,SHETLAND GP.,Tryggvason Fm.,12.25495148,2.855687618,2.69209671,2.627316475,38.46850967,30000
3529.469584,SHETLAND GP.,Tryggvason Fm.,12.30440998,2.808231831,2.648780584,2.606694698,38.02259445,30000
3529.621584,SHETLAND GP.,Tryggvason Fm.,12.28254509,2.691762686,2.555630446,2.584448338,45.73191834,30000
3529.773584,SHETLAND GP.,Tryggvason Fm.,12.31265736,2.782411575,2.632125616,2.585849524,50.06794739,65030
3529.925584,SHETLAND GP.,Tryggvason Fm.,12.34101772,2.881211281,2.687393665,2.590248108,51.87031555,65030
3530.077584,SHETLAND GP.,Tryggvason Fm.,12.31432724,2.939749956,2.718441963,2.59768033,47.30624008,65030
3530.229584,SHETLAND GP.,Tryggvason Fm.,12.31500626,2.8792696,2.654862166,2.597658873,41.37825775,65030
3530.381584,SHETLAND GP.,Tryggvason Fm.,12.33119297,2.856127977,2.630257607,2.59376359,40.89429092,65030
3530.533584,SHETLAND GP.,Tryggvason Fm.,12.32951069,2.868258476,2.61419487,2.581008196,44.04117203,30000
3530.685584,SHETLAND GP.,Tryggvason Fm.,12.31656742,3.202438831,2.974905253,2.590797663,44.84305954,30000
3530.837584,SHETLAND GP.,Tryggvason Fm.,12.28379917,3.526185751,3.319960833,2.616521359,43.25792313,30000
3530.989584,SHETLAND GP.,Tryggvason Fm.,12.26795101,3.804594755,3.645343542,2.645732164,38.99628067,65030
3531.141584,SHETLAND GP.,Tryggvason Fm.,12.25084019,4.080835819,3.957684279,2.660396814,37.49452972,65030
3531.293584,SHETLAND GP.,Tryggvason Fm.,12.252244,4.178555012,4.107990265,2.669335365,35.29304123,30000
3531.445584,SHETLAND GP.,Tryggvason Fm.,12.24014568,3.697276115,3.644551516,2.653444529,37.98911667,30000
3531.597584,SHETLAND GP.,Tryggvason Fm.,12.26359558,3.249303341,3.258057118,2.61901927,42.95933533,30000
3531.749584,SHETLAND GP.,Tryggvason Fm.,12.32853699,3.136336565,3.101434231,2.582796574,49.26888275,30000
3531.901584,SHETLAND GP.,Tryggvason Fm.,12.3701973,3.279986858,3.208873272,2.574184418,49.81902695,30000
3532.053584,SHETLAND GP.,Tryggvason Fm.,12.35289669,3.499740124,3.336566925,2.583427906,46.74224472,30000
3532.205584,SHETLAND GP.,Tryggvason Fm.,12.32558918,3.729641199,3.505665064,2.590343237,43.95512009,30000
3532.357584,SHETLAND GP.,Tryggvason Fm.,12.30998993,3.853631735,3.59146595,2.592067242,44.60554123,30000
3532.509584,SHETLAND GP.,Tryggvason Fm.,12.30224896,3.999680042,3.781941891,2.593690872,42.75518036,30000
3532.661584,SHETLAND GP.,Tryggvason Fm.,12.27699566,4.311868668,3.991624117,2.589351416,39.44710159,30000
3532.813584,SHETLAND GP.,Tryggvason Fm.,12.2704525,4.468101978,4.213562965,2.577898264,36.47725296,30000
3532.965584,SHETLAND GP.,Tryggvason Fm.,12.27912045,4.172896862,4.019606113,2.563096523,39.22537994,30000
3533.117584,SHETLAND GP.,Tryggvason Fm.,12.28647804,3.769961834,3.679372549,2.562919378,42.55175018,70000
3533.269584,SHETLAND GP.,Tryggvason Fm.,12.2994976,3.423197031,3.390662193,2.578235865,43.44314957,70000
3533.421584,SHETLAND GP.,Tryggvason Fm.,12.2893343,3.257758141,3.235399008,2.584047556,42.83278656,70000
3533.573584,SHETLAND GP.,Tryggvason Fm.,12.29941559,3.11492753,3.11549902,2.58434248,44.89744186,70000
3533.725584,SHETLAND GP.,Tryggvason Fm.,12.29541016,2.930964708,2.887342215,2.568382978,46.03369904,70000
3533.877584,SHETLAND GP.,Tryggvason Fm.,12.28253555,2.717251301,2.703702688,2.5645051,48.02669907,65030
3534.029584,SHETLAND GP.,Tryggvason Fm.,12.29233265,2.63805604,2.55052805,2.567534924,50.20337677,65030
3534.181584,SHETLAND GP.,Tryggvason Fm.,12.2589407,2.559446573,2.435723543,2.587171793,51.1437912,65030
3534.333584,SHETLAND GP.,Tryggvason Fm.,12.21726894,2.519417763,2.377688646,2.615108728,49.44981003,65030
3534.485584,SHETLAND GP.,Tryggvason Fm.,12.25193214,2.457843065,2.302333117,2.619262934,44.66535568,65030
3534.637584,SHETLAND GP.,Tryggvason Fm.,12.28593254,2.481344938,2.306092024,2.597175837,44.76305771,65030
3534.789584,SHETLAND GP.,Tryggvason Fm.,12.31718731,2.42736721,2.230269194,2.560021401,46.72645569,65030
3534.941584,SHETLAND GP.,Tryggvason Fm.,12.33974075,2.242524386,2.065190554,2.535574913,50.1309433,65030
3535.093584,SHETLAND GP.,Tryggvason Fm.,12.36924934,2.072211266,1.899677634,2.535994768,54.05126572,65030
3535.245584,SHETLAND GP.,Tryggvason Fm.,12.38894081,1.904033899,1.744730711,2.539123774,58.92974854,65000
3535.397584,SHETLAND GP.,Tryggvason Fm.,12.39479637,1.833233953,1.672247052,2.539351702,63.82731247,65000
3535.549584,SHETLAND GP.,Tryggvason Fm.,12.38682842,1.937821388,1.740482688,2.534107924,63.48715591,65000
3535.701584,SHETLAND GP.,Tryggvason Fm.,12.37637329,2.15639472,1.929885984,2.536122084,61.42595291,65000
3535.853584,SHETLAND GP.,Tryggvason Fm.,12.34025097,2.424334049,2.147986889,2.549008608,53.88901138,65030
3536.005584,SHETLAND GP.,Tryggvason Fm.,12.29854488,3.005381107,2.614164829,2.575559378,47.86265945,65030
3536.157584,SHETLAND GP.,Tryggvason Fm.,12.28243828,3.731773377,3.175028324,2.600343704,42.15563583,65030
3536.309584,SHETLAND GP.,Tryggvason Fm.,12.28893471,3.160898209,2.777508259,2.606340885,40.66312408,70000
3536.461584,SHETLAND GP.,Tryggvason Fm.,12.31063366,2.411414385,2.211315393,2.585026264,43.04550171,70000
3536.613584,SHETLAND GP.,Tryggvason Fm.,12.33780098,2.120714665,1.975034714,2.554899216,45.24311829,70000
3536.765584,SHETLAND GP.,Tryggvason Fm.,12.36833191,2.059048653,1.944522619,2.529147863,53.65422821,65030
3536.917584,SHETLAND GP.,Tryggvason Fm.,12.37730122,2.0388937,1.903641462,2.543108463,56.78678513,65030
3537.069584,SHETLAND GP.,Tryggvason Fm.,12.38358688,1.986077189,1.837213397,2.598240137,60.70125198,65030
3537.221584,SHETLAND GP.,Tryggvason Fm.,12.37664414,1.959831834,1.767449856,2.641162634,58.70880127,65000
3537.373584,SHETLAND GP.,Tryggvason Fm.,12.38830757,1.917175889,1.735264897,2.62842536,59.70610046,65000
3537.525584,SHETLAND GP.,Tryggvason Fm.,12.37815285,1.868523598,1.696310997,2.571192503,57.74159241,65000
3537.677584,SHETLAND GP.,Tryggvason Fm.,12.38276863,1.905863524,1.7267313,2.533303261,55.86772537,65000
3537.829584,SHETLAND GP.,Tryggvason Fm.,12.39591408,1.960395098,1.756559372,2.530097723,52.52659607,65000
3537.981584,SHETLAND GP.,Tryggvason Fm.,12.4043808,1.98127377,1.766576052,2.535932779,52.67760849,65000
3538.133584,SHETLAND GP.,Tryggvason Fm.,12.36240578,1.930740953,1.718482375,2.53862524,50.4265213,65000
3538.285584,SHETLAND GP.,Tryggvason Fm.,12.38529015,1.889131784,1.679563165,2.53907752,52.67656326,65000
3538.437584,SHETLAND GP.,Tryggvason Fm.,12.38192177,1.870810628,1.657992601,2.534452438,54.1026268,65000
3538.589584,SHETLAND GP.,Tryggvason Fm.,12.36726475,1.880443454,1.65449512,2.530087948,57.13310242,65000
3538.741584,SHETLAND GP.,Tryggvason Fm.,12.37478733,1.881585956,1.65200913,2.518359184,56.44079208,65030
3538.893584,SHETLAND GP.,Tryggvason Fm.,12.3726368,1.882638931,1.646296144,2.516325951,55.56100464,65030
3539.045584,SHETLAND GP.,Tryggvason Fm.,12.38696575,1.927891851,1.687963963,2.519908667,53.35017395,65030
3539.197584,SHETLAND GP.,Tryggvason Fm.,12.38131237,2.004235983,1.759418249,2.527298212,52.29144669,65030
3539.349584,SHETLAND GP.,Tryggvason Fm.,12.36744404,2.108858347,1.850735068,2.521933317,53.95648575,65030
3539.501584,SHETLAND GP.,Tryggvason Fm.,12.36410046,2.189323425,1.93090117,2.5192976,57.41119003,65030
3539.653584,SHETLAND GP.,Tryggvason Fm.,12.36410046,2.237787962,1.997965455,2.549559355,58.42596817,65030
3539.805584,SHETLAND GP.,Tryggvason Fm.,12.3327055,2.344063044,2.103879213,2.60599184,55.17609406,65030
3539.957584,SHETLAND GP.,Tryggvason Fm.,12.28059101,2.301841497,2.081057787,2.655097008,52.03733063,65030
3540.109584,SHETLAND GP.,Tryggvason Fm.,12.32369518,2.072320938,1.924537301,2.657306433,50.47529984,65030
3540.261584,SHETLAND GP.,Tryggvason Fm.,12.34319973,1.877922297,1.770372987,2.622189283,50.43684769,30000
3540.413584,SHETLAND GP.,Tryggvason Fm.,12.34319973,1.806736946,1.701264501,2.57518816,50.94125366,65030
3540.565584,SHETLAND GP.,Tryggvason Fm.,12.35346127,1.757923365,1.653902412,2.543702126,51.33364487,65030
3540.717584,SHETLAND GP.,Tryggvason Fm.,12.33153153,1.798619151,1.676662326,2.538616419,52.36642075,65030
3540.869584,SHETLAND GP.,Tryggvason Fm.,12.31205082,1.94282651,1.784523845,2.550986528,50.30316162,65030
3541.021584,SHETLAND GP.,Tryggvason Fm.,12.31851864,2.069118261,1.880313158,2.571794033,47.71811676,65030
3541.173584,SHETLAND GP.,Tryggvason Fm.,12.29690838,2.120390415,1.916869164,2.588158608,43.77218247,65030
3541.325584,SHETLAND GP.,Tryggvason Fm.,12.30760479,2.160117626,1.952296972,2.587220669,42.40796661,30000
3541.477584,SHETLAND GP.,Tryggvason Fm.,12.32035065,2.206396818,2.00600481,2.576959133,41.30280304,30000
3541.629584,SHETLAND GP.,Tryggvason Fm.,12.30223465,2.239737511,2.047112227,2.570823193,42.33122253,30000
3541.781584,SHETLAND GP.,Tryggvason Fm.,12.29941845,2.241434336,2.063037396,2.576009035,45.49908447,30000
3541.933584,SHETLAND GP.,Tryggvason Fm.,12.31133461,2.219346285,2.066715002,2.582359314,48.47723389,30000
3542.085584,SHETLAND GP.,Tryggvason Fm.,12.32028008,2.17017436,2.055961609,2.580485821,49.77211762,30000
3542.237584,SHETLAND GP.,Tryggvason Fm.,12.3148613,2.100824356,2.016751051,2.578320503,48.04964066,30000
3542.389584,SHETLAND GP.,Tryggvason Fm.,12.31921673,2.022765875,1.95341146,2.576658011,47.38330841,30000
3542.541584,SHETLAND GP.,Tryggvason Fm.,12.31737232,1.960365892,1.894629121,2.575677633,50.2735405,30000
3542.693584,SHETLAND GP.,Tryggvason Fm.,12.31284905,1.925852537,1.863015175,2.57094574,52.47496796,65030
3542.845584,SHETLAND GP.,Tryggvason Fm.,12.31424332,2.100122213,1.998779297,2.570116758,54.17485046,65030
3542.997584,SHETLAND GP.,Tryggvason Fm.,12.31286621,2.375708342,2.247329474,2.565243244,50.79180145,65030
3543.149584,SHETLAND GP.,Tryggvason Fm.,12.30458927,2.486693859,2.313913822,2.560750246,47.43466187,65030
3543.301584,SHETLAND GP.,Tryggvason Fm.,12.3158226,2.436491489,2.236054421,2.550001144,44.06803131,70000
3543.453584,SHETLAND GP.,Tryggvason Fm.,12.31748962,2.627220631,2.419502735,2.541407347,42.88911057,70000
3543.605584,SHETLAND GP.,Tryggvason Fm.,12.32009602,3.041144848,2.836734533,2.537992954,42.02175522,70000
3543.757584,SHETLAND GP.,Tryggvason Fm.,12.31513119,3.047260523,2.889205933,2.537914515,42.8615303,70000
3543.909584,SHETLAND GP.,Tryggvason Fm.,12.30941868,2.765331268,2.699015856,2.541466475,43.31390762,70000
3544.061584,SHETLAND GP.,Tryggvason Fm.,12.31778145,2.488279581,2.432625771,2.546724558,43.99387741,70000
3544.213584,SHETLAND GP.,Tryggvason Fm.,12.32695389,2.420141935,2.337118626,2.558886051,44.10068131,65030
3544.365584,SHETLAND GP.,Tryggvason Fm.,12.31750488,2.458016396,2.315931797,2.570016623,45.08307648,65030
3544.517584,SHETLAND GP.,Tryggvason Fm.,12.31883526,2.480670929,2.329547882,2.583048821,45.37652206,65030
3544.669584,SHETLAND GP.,Tryggvason Fm.,12.32689953,2.458569765,2.311736822,2.584333658,46.11383057,65030
3544.821584,SHETLAND GP.,Tryggvason Fm.,12.32462025,2.424557686,2.275426626,2.579778433,46.89593887,65030
3544.973584,SHETLAND GP.,Tryggvason Fm.,12.3038435,2.397626162,2.244389296,2.568410635,48.40539169,65030
3545.125584,SHETLAND GP.,Tryggvason Fm.,12.30587196,2.378026247,2.21715641,2.560399294,48.48681259,65030
3545.277584,SHETLAND GP.,Tryggvason Fm.,12.31409645,2.365115404,2.194427729,2.56375432,48.88319397,65030
3545.429584,SHETLAND GP.,Tryggvason Fm.,12.30622101,2.361008167,2.180110931,2.570545435,48.59079742,65030
3545.581584,SHETLAND GP.,Tryggvason Fm.,12.30817032,2.394061565,2.192021847,2.575729132,47.29221344,65030
3545.733584,SHETLAND GP.,Tryggvason Fm.,12.30953026,2.442775965,2.212400198,2.580932617,46.20187759,65030
3545.885584,SHETLAND GP.,Tryggvason Fm.,12.30383968,2.467127562,2.207006216,2.582835436,45.76199722,65030
3546.037584,SHETLAND GP.,Tryggvason Fm.,12.31033993,2.45708704,2.188988209,2.582735777,46.6270256,65030
3546.189584,SHETLAND GP.,Tryggvason Fm.,12.31081867,2.453169823,2.164928198,2.576681376,46.21587753,65030
3546.341584,SHETLAND GP.,Tryggvason Fm.,12.2971983,2.463311434,2.142686129,2.570875406,44.48551178,65030
3546.493584,SHETLAND GP.,Tryggvason Fm.,12.29312515,2.481723309,2.125146151,2.563396692,43.00105286,65030
3546.645584,SHETLAND GP.,Tryggvason Fm.,12.29218674,2.519617319,2.124539614,2.555409193,43.21340942,65030
3546.797584,SHETLAND GP.,Tryggvason Fm.,12.30185604,2.560926914,2.147660017,2.553681374,44.63948822,65030
3546.949584,SHETLAND GP.,Tryggvason Fm.,12.30397129,2.650162458,2.237071991,2.56179142,44.0938797,65030
3547.101584,SHETLAND GP.,Tryggvason Fm.,12.30140019,2.801199198,2.368594408,2.574426651,43.42739105,65030
3547.253584,SHETLAND GP.,Tryggvason Fm.,12.29487038,3.002188683,2.612710238,2.581600905,41.63024902,65030
3547.405584,SHETLAND GP.,Tryggvason Fm.,12.28012943,3.302259445,2.923879385,2.583185673,42.33789825,65030
3547.557584,SHETLAND GP.,Tryggvason Fm.,12.29070854,2.900058031,2.671657324,2.587062359,43.21802521,70000
3547.709584,SHETLAND GP.,Tryggvason Fm.,12.30779171,2.153424501,2.058817864,2.594992161,43.96744919,70000
3547.861584,SHETLAND GP.,Tryggvason Fm.,12.3352499,2.344911814,2.227514744,2.6056633,42.40674973,70000
3548.013584,SHETLAND GP.,Tryggvason Fm.,12.35436344,3.09479928,3.30383873,2.607033014,39.5230751,70000
3548.165584,SHETLAND GP.,Tryggvason Fm.,12.37401199,2.990624428,3.173681021,2.601969242,41.83105087,70000
3548.317584,SHETLAND GP.,Tryggvason Fm.,12.37654591,2.546201706,2.480719805,2.592511654,45.73618698,65030
3548.469584,SHETLAND GP.,Tryggvason Fm.,12.36684895,2.266246796,2.292464972,2.580260277,48.96882629,65030
3548.621584,SHETLAND GP.,Tryggvason Fm.,12.36822987,2.092839003,2.24763608,2.573664665,50.29297257,65030
3548.773584,SHETLAND GP.,Tryggvason Fm.,12.34199905,2.045237064,2.224550486,2.575596571,52.9556694,65030
3548.925584,SHETLAND GP.,Tryggvason Fm.,12.32639408,1.998731017,2.216323137,2.574792862,56.09080887,65030
3549.077584,SHETLAND GP.,Tryggvason Fm.,12.33126831,1.955252528,2.204249144,2.568012714,57.78590012,65000
3549.229584,SHETLAND GP.,Tryggvason Fm.,12.34292698,1.972833514,2.181272745,2.555177689,57.16601181,65000
3549.381584,SHETLAND GP.,Tryggvason Fm.,12.35828877,2.070435047,2.189582348,2.551131964,56.19202423,65000
3549.533584,SHETLAND GP.,Tryggvason Fm.,12.34784508,2.163130999,2.170116901,2.556437492,56.31619644,65000
3549.685584,SHETLAND GP.,Tryggvason Fm.,12.3523922,2.249891043,2.153034926,2.56952095,53.63515854,65000
3549.837584,SHETLAND GP.,Tryggvason Fm.,12.37618256,2.352610111,2.104761601,2.589976311,50.35039139,65030
3549.989584,SHETLAND GP.,Tryggvason Fm.,12.36895943,2.589871883,2.12668848,2.611316204,47.45188141,30000
3550.141584,SHETLAND GP.,Tryggvason Fm.,12.36110401,2.775828123,2.215357781,2.625576735,46.18512726,30000
3550.293584,SHETLAND GP.,Tryggvason Fm.,12.35219193,2.656802416,2.242900372,2.620085239,47.06218338,30000
3550.445584,SHETLAND GP.,Tryggvason Fm.,12.31550694,2.484435082,2.260140419,2.597975016,48.84915161,30000
3550.597584,SHETLAND GP.,Tryggvason Fm.,12.28655529,2.402554274,2.299801827,2.573620558,50.9271431,65030
3550.749584,SHETLAND GP.,Tryggvason Fm.,12.28437328,2.343148947,2.296936274,2.561971903,50.47277451,65030
3550.901584,SHETLAND GP.,Tryggvason Fm.,12.27962875,2.384616613,2.304721594,2.564669848,48.31887817,65030
3551.053584,SHETLAND GP.,Tryggvason Fm.,12.25991345,2.539553165,2.418009281,2.57431531,46.4437027,65030
3551.205584,SHETLAND GP.,Tryggvason Fm.,12.25491333,2.692232847,2.551040173,2.586199999,44.25667954,30000
3551.357584,SHETLAND GP.,Tryggvason Fm.,12.25381661,2.916096211,2.715539217,2.594849348,41.52296829,30000
3551.509584,SHETLAND GP.,Tryggvason Fm.,12.2472353,3.028156757,2.815010309,2.596567631,41.38903427,30000
3551.661584,SHETLAND GP.,Tryggvason Fm.,12.24755669,2.976409197,2.799218893,2.591484785,43.34595871,30000
3551.813584,SHETLAND GP.,Tryggvason Fm.,12.25861931,2.888367415,2.718966961,2.581698656,44.56135178,30000
3551.965584,SHETLAND GP.,Tryggvason Fm.,12.25713444,2.78180337,2.664267302,2.57563448,43.52217865,30000
3552.117584,SHETLAND GP.,Tryggvason Fm.,12.22850037,2.820719957,2.758509636,2.575222731,42.65221024,30000
3552.269584,SHETLAND GP.,Tryggvason Fm.,12.20892525,2.943582773,2.932620049,2.577321053,42.89839935,30000
3552.421584,SHETLAND GP.,Tryggvason Fm.,12.23519421,3.042828083,3.068354845,2.577246666,42.60258102,30000
3552.573584,SHETLAND GP.,Tryggvason Fm.,12.27068138,3.15498066,3.156680107,2.575110674,40.80036545,30000
3552.725584,SHETLAND GP.,Tryggvason Fm.,12.27680969,3.244131804,3.212820292,2.571020365,39.9145813,30000
3552.877584,SHETLAND GP.,Tryggvason Fm.,12.26069069,3.292469263,3.228512526,2.566430092,40.97309113,30000
3553.029584,SHETLAND GP.,Tryggvason Fm.,12.24909973,3.342558622,3.227677345,2.565256834,42.1573143,30000
3553.181584,SHETLAND GP.,Tryggvason Fm.,12.26541615,3.369354725,3.248838186,2.57101202,41.48952103,30000
3553.333584,SHETLAND GP.,Tryggvason Fm.,12.27688408,3.385172606,3.306058645,2.579919577,40.62999725,30000
3553.485584,SHETLAND GP.,Tryggvason Fm.,12.25560093,3.446505308,3.392334461,2.589314938,40.14533234,30000
3553.637584,SHETLAND GP.,Tryggvason Fm.,12.24402523,3.542861939,3.545254231,2.60524416,40.92856979,30000
3553.789584,SHETLAND GP.,Tryggvason Fm.,12.25088406,3.673957586,3.796701193,2.619484425,41.51432419,30000
3553.941584,SHETLAND GP.,Tryggvason Fm.,12.24555588,3.689808369,3.861686945,2.621622324,42.19397354,30000
3554.093584,SHETLAND GP.,Tryggvason Fm.,12.24570179,3.511257649,3.648699284,2.608921289,42.53114319,30000
3554.245584,SHETLAND GP.,Tryggvason Fm.,12.26132584,3.314824343,3.41771555,2.5912292,42.72468948,30000
3554.397584,SHETLAND GP.,Tryggvason Fm.,12.26830292,3.238648891,3.293293715,2.582502604,43.44737625,30000
3554.549584,SHETLAND GP.,Tryggvason Fm.,12.26312637,3.329452276,3.281974077,2.584372997,43.43505859,30000
3554.701584,SHETLAND GP.,Tryggvason Fm.,12.26305103,3.435594082,3.267090082,2.589625835,43.4406662,30000
3554.853584,SHETLAND GP.,Tryggvason Fm.,12.26998711,3.417912245,3.148020506,2.59032011,41.63783264,30000
3555.005584,SHETLAND GP.,Tryggvason Fm.,12.28200245,3.446389198,3.094985485,2.587147951,38.12856674,30000
3555.157584,SHETLAND GP.,Tryggvason Fm.,12.28245258,3.593565702,3.200947762,2.584125996,35.72336197,30000
3555.309584,SHETLAND GP.,Tryggvason Fm.,12.26679421,3.562768459,3.218839645,2.578568459,36.26608658,30000
3555.461584,SHETLAND GP.,Tryggvason Fm.,12.25959969,3.34234333,3.097732544,2.574560404,38.86663055,30000
3555.613584,SHETLAND GP.,Tryggvason Fm.,12.25959969,3.117744684,2.919101477,2.580713987,42.60053635,30000
3555.765584,SHETLAND GP.,Tryggvason Fm.,12.25627518,3.122495413,2.974607706,2.592331648,44.89473724,65030
3555.917584,SHETLAND GP.,Tryggvason Fm.,12.25590229,3.38189888,3.312817335,2.60117054,46.38711548,65030
3556.069584,SHETLAND GP.,Tryggvason Fm.,12.25466919,3.574066401,3.574109793,2.603646994,46.16392517,30000
3556.221584,SHETLAND GP.,Tryggvason Fm.,12.2376976,3.703752756,3.774723768,2.604027033,44.88685989,30000
3556.373584,SHETLAND GP.,Tryggvason Fm.,12.23604775,3.636629343,3.731322527,2.601005077,44.4048996,30000
3556.525584,SHETLAND GP.,Tryggvason Fm.,12.24752903,3.403153181,3.46995163,2.594327688,44.20766449,30000
3556.677584,SHETLAND GP.,Tryggvason Fm.,12.24248695,3.270803213,3.285626888,2.588300467,45.14201355,65030
3556.829584,SHETLAND GP.,Tryggvason Fm.,12.23869991,3.261845589,3.238144875,2.583995342,45.85223389,65030
3556.981584,SHETLAND GP.,Tryggvason Fm.,12.24188137,3.320818186,3.279410124,2.584981203,47.50177765,65030
3557.133584,SHETLAND GP.,Tryggvason Fm.,12.25667095,3.433922052,3.343785524,2.589541197,49.29957199,65030
3557.285584,SHETLAND GP.,Tryggvason Fm.,12.26533794,3.552676201,3.445512056,2.590779305,51.84250259,65030
3557.437584,SHETLAND GP.,Tryggvason Fm.,12.25027657,3.625911474,3.532396078,2.583913326,53.37760162,65030
3557.589584,SHETLAND GP.,Tryggvason Fm.,12.24180698,3.551333666,3.570662737,2.575324774,51.35315323,65030
3557.741584,SHETLAND GP.,Tryggvason Fm.,12.25182724,3.299883127,3.426989794,2.57182169,49.53397369,65030
3557.893584,SHETLAND GP.,Tryggvason Fm.,12.25045204,3.040637255,3.232707501,2.573438883,47.97126389,65030
3558.045584,SHETLAND GP.,Tryggvason Fm.,12.24475288,2.790712595,2.962208033,2.5849154,49.08775711,65030
3558.197584,SHETLAND GP.,Tryggvason Fm.,12.24657822,2.708781242,2.759769201,2.593966723,52.29214859,65030
3558.349584,SHETLAND GP.,Tryggvason Fm.,12.23869991,2.879293203,2.834379911,2.584954023,55.46128464,65030
3558.501584,SHETLAND GP.,Tryggvason Fm.,12.25209618,2.888713121,2.74411726,2.562587023,56.83708954,65030
3558.653584,SHETLAND GP.,Tryggvason Fm.,12.28775787,2.638650656,2.388656139,2.542162418,55.92023468,65030
3558.805584,SHETLAND GP.,Tryggvason Fm.,12.31328011,2.43896699,2.141418219,2.532898426,56.8400383,65030
3558.957584,SHETLAND GP.,Tryggvason Fm.,12.31824303,2.309282303,2.015132904,2.526139021,56.73096085,65000
3559.109584,SHETLAND GP.,Tryggvason Fm.,12.31645775,2.292628527,1.974008679,2.521944284,57.74509049,65000
3559.261584,SHETLAND GP.,Tryggvason Fm.,12.29678536,2.32836175,2.004328013,2.528034687,57.1831398,65000
3559.413584,SHETLAND GP.,Tryggvason Fm.,12.26328087,2.418652296,2.095365763,2.537472248,56.46582031,65000
3559.565584,SHETLAND GP.,Tryggvason Fm.,12.25295734,2.491231918,2.196654081,2.540541887,57.10442352,65000
3559.717584,SHETLAND GP.,Tryggvason Fm.,12.26357555,2.538632155,2.282562494,2.540416718,56.07605743,65000
3559.869584,SHETLAND GP.,Tryggvason Fm.,12.25051212,2.597592354,2.388440371,2.553713083,55.23183823,65030
3560.021584,SHETLAND GP.,Tryggvason Fm.,12.24702168,2.649658203,2.517749786,2.576594353,50.93123245,65030
3560.173584,SHETLAND GP.,Tryggvason Fm.,12.24424648,2.795340776,2.727346659,2.596669912,48.92876434,65030
3560.325584,SHETLAND GP.,Tryggvason Fm.,12.25537682,3.042707443,3.043128967,2.604806185,46.71232605,65030
3560.477584,SHETLAND GP.,Tryggvason Fm.,12.27606487,3.207067013,3.296624422,2.606060743,45.59111786,65030
3560.629584,SHETLAND GP.,Tryggvason Fm.,12.3217926,3.170248032,3.322906494,2.596538305,44.21282578,70000
3560.781584,SHETLAND GP.,Tryggvason Fm.,12.34684086,3.144142628,3.254845619,2.577520132,42.4494133,70000
3560.933584,SHETLAND GP.,Tryggvason Fm.,12.31469059,3.159796,3.187855244,2.563737631,40.68218994,70000
3561.085584,SHETLAND GP.,Tryggvason Fm.,12.283144,2.992190123,2.877143621,2.55696559,42.08126831,70000
3561.237584,SHETLAND GP.,Tryggvason Fm.,12.2927208,2.681287527,2.517365456,2.547077417,46.73656464,70000
3561.389584,SHETLAND GP.,Tryggvason Fm.,12.29743385,2.46975708,2.284481049,2.532559872,50.6820755,70000
3561.541584,SHETLAND GP.,Tryggvason Fm.,12.29090023,2.348499298,2.13002944,2.521513462,52.89772415,65000
3561.693584,SHETLAND GP.,Tryggvason Fm.,12.31557179,2.239703417,2.019138813,2.522774458,53.76690674,65000
3561.845584,SHETLAND GP.,Tryggvason Fm.,12.3558073,2.113459826,1.91504848,2.5238235,56.67116547,65000
3561.997584,SHETLAND GP.,Tryggvason Fm.,12.35745525,2.018361092,1.842828751,2.526244402,63.03379822,65000
3562.149584,SHETLAND GP.,Tryggvason Fm.,12.36789513,1.998044491,1.829093099,2.52908659,64.16753388,65000
3562.301584,SHETLAND GP.,Tryggvason Fm.,12.37072849,2.031206846,1.861658335,2.532334089,64.55984497,65000
3562.453584,SHETLAND GP.,Tryggvason Fm.,12.35406113,2.059159279,1.883788228,2.533548117,60.77085114,65000
3562.605584,SHETLAND GP.,Tryggvason Fm.,12.31880188,2.087400198,1.904136658,2.539980888,52.59146118,65030
3562.757584,SHETLAND GP.,Tryggvason Fm.,12.28495503,2.114984989,1.923095226,2.567279339,47.84783936,65030
3562.909584,SHETLAND GP.,Tryggvason Fm.,12.26944637,2.13162899,1.937233806,2.608938217,46.61630249,65030
3563.061584,SHETLAND GP.,Tryggvason Fm.,12.25032234,2.149472952,1.955055356,2.633290529,45.14033508,65030
3563.213584,SHETLAND GP.,Tryggvason Fm.,12.24779224,2.159749746,1.975565791,2.615655899,46.6564064,65030
3563.365584,SHETLAND GP.,Tryggvason Fm.,12.2674284,2.170222044,1.990591765,2.577466726,51.16547775,65030
3563.517584,SHETLAND GP.,Tryggvason Fm.,12.33298588,2.172759771,1.991056323,2.548620224,53.57447434,65030
3563.669584,SHETLAND GP.,Tryggvason Fm.,12.35007858,2.119311571,1.950793505,2.542099953,54.22141266,65030
3563.821584,SHETLAND GP.,Tryggvason Fm.,12.33967972,2.07040906,1.911538601,2.539954186,54.17966843,65000
3563.973584,SHETLAND GP.,Tryggvason Fm.,12.33619595,2.090239763,1.928574443,2.53393507,56.10932541,65000
3564.125584,SHETLAND GP.,Tryggvason Fm.,12.34663963,2.148220778,1.985869885,2.531921625,58.15110016,65000
3564.277584,SHETLAND GP.,Tryggvason Fm.,12.34331799,2.154029369,1.997182131,2.540683031,58.21306229,65030
3564.429584,SHETLAND GP.,Tryggvason Fm.,12.32230091,2.17805934,2.024722815,2.562429905,56.75717545,65030
3564.581584,SHETLAND GP.,Tryggvason Fm.,12.3155632,2.227867603,2.076606989,2.582626343,55.52767181,65030
3564.733584,SHETLAND GP.,Tryggvason Fm.,12.29470921,2.266890764,2.113798857,2.574597597,53.26495361,65030
3564.885584,SHETLAND GP.,Tryggvason Fm.,12.27385616,2.308725119,2.157719612,2.551654577,52.72500992,65030
3565.037584,SHETLAND GP.,Tryggvason Fm.,12.26287746,2.333757639,2.180676222,2.531946659,53.25804138,65030
3565.189584,SHETLAND GP.,Tryggvason Fm.,12.27542591,2.34913373,2.193601131,2.536285162,55.92929077,65030
3565.341584,SHETLAND GP.,Tryggvason Fm.,12.2787962,2.322455645,2.182193756,2.542373896,57.26332092,65030
3565.493584,SHETLAND GP.,Tryggvason Fm.,12.26814175,2.313156605,2.18384099,2.538146496,56.44521332,65030
3565.645584,SHETLAND GP.,Tryggvason Fm.,12.29166317,2.380886078,2.259953737,2.544712305,54.22652817,65030
3565.797584,SHETLAND GP.,Tryggvason Fm.,12.29510593,2.444482088,2.318222523,2.572183847,50.66829681,65030
3565.949584,SHETLAND GP.,Tryggvason Fm.,12.27216053,2.459050179,2.343603373,2.600584984,48.61932373,65030
3566.101584,SHETLAND GP.,Tryggvason Fm.,12.26395989,2.399367571,2.296651602,2.596451521,48.52124786,65030
3566.253584,SHETLAND GP.,Tryggvason Fm.,12.28783894,2.260842562,2.170018673,2.569256306,49.90694046,65030
3566.405584,SHETLAND GP.,Tryggvason Fm.,12.28962803,2.194191933,2.114663363,2.543358326,50.48141861,65030
3566.557584,SHETLAND GP.,Tryggvason Fm.,12.30277824,2.189858437,2.091295481,2.540878296,51.4728775,65030
3566.709584,SHETLAND GP.,Tryggvason Fm.,12.27452278,2.162054777,2.036907196,2.543943882,51.44850159,65030
3566.861584,SHETLAND GP.,Tryggvason Fm.,12.25662041,2.065201521,1.928836584,2.545438051,48.84912491,65030
3567.013584,SHETLAND GP.,Tryggvason Fm.,12.2520504,2.042072535,1.897022367,2.542449713,45.47529221,65030
3567.165584,SHETLAND GP.,Tryggvason Fm.,12.26828957,2.090710878,1.923717499,2.545459986,45.83683777,65030
3567.317584,SHETLAND GP.,Tryggvason Fm.,12.28803635,2.080762386,1.936894178,2.552778244,50.04704666,65030
3567.469584,SHETLAND GP.,Tryggvason Fm.,12.2833395,2.049471378,1.910984993,2.559108734,51.97194672,65030
3567.621584,SHETLAND GP.,Tryggvason Fm.,12.28808785,2.058114052,1.904015899,2.559952021,50.57362747,65030
3567.773584,SHETLAND GP.,Tryggvason Fm.,12.28049946,2.084869385,1.904959798,2.567044258,47.05658722,65030
3567.925584,SHETLAND GP.,Tryggvason Fm.,12.27682018,2.096463919,1.888051391,2.575626373,44.07482147,65030
3568.077584,SHETLAND GP.,Tryggvason Fm.,12.26476193,2.172539473,1.940789938,2.567871809,44.23754501,65030
3568.229584,SHETLAND GP.,Tryggvason Fm.,12.25416946,2.267389059,2.001897574,2.546560764,45.11039734,65030
3568.381584,SHETLAND GP.,Tryggvason Fm.,12.24585247,2.429437399,2.089097738,2.526167154,48.54356384,65030
3568.533584,SHETLAND GP.,Tryggvason Fm.,12.26746368,2.568066597,2.136794567,2.51866293,49.26063156,65030
3568.685584,SHETLAND GP.,Tryggvason Fm.,12.27088261,2.478092909,2.025045872,2.518539906,48.22732925,65030
3568.837584,SHETLAND GP.,Tryggvason Fm.,12.26481533,2.246810198,2.015280724,2.536605358,42.3541069,65030
3568.989584,SHETLAND GP.,Tryggvason Fm.,12.23869991,2.784641504,2.63336277,2.584824801,37.24240494,70000
3569.141584,SHETLAND GP.,Tryggvason Fm.,12.23869991,4.219931126,4.105607987,2.625232935,33.05381393,70000
3569.293584,SHETLAND GP.,Tryggvason Fm.,12.23954392,5.641165733,5.842362881,2.630593061,35.6128006,70000
3569.445584,SHETLAND GP.,Tryggvason Fm.,12.24303627,4.167446137,5.452887058,2.611510277,38.13570023,70000
3569.597584,SHETLAND GP.,Tryggvason Fm.,12.24404526,3.201612234,3.406978369,2.604798079,39.21717453,70000
3569.749584,SHETLAND GP.,Tryggvason Fm.,12.24112129,3.06345582,3.206754684,2.606163263,40.20352936,70000
3569.901584,SHETLAND GP.,Tryggvason Fm.,12.24831581,2.924584866,2.910874128,2.594920158,41.59135056,65030
3570.053584,SHETLAND GP.,Tryggvason Fm.,12.24410152,2.763890266,2.722004175,2.569710493,44.77766419,65030
3570.205584,SHETLAND GP.,Tryggvason Fm.,12.24341774,2.628885746,2.539445877,2.554831982,45.04657364,65030
3570.357584,SHETLAND GP.,Tryggvason Fm.,12.25804424,2.451011419,2.297533512,2.561644316,43.20237732,65030
3570.509584,SHETLAND GP.,Tryggvason Fm.,12.26179409,2.359358311,2.240629911,2.580935478,43.94266129,65030
3570.661584,SHETLAND GP.,Tryggvason Fm.,12.28985024,2.30005312,2.203304052,2.590785742,46.28044128,65030
3570.813584,SHETLAND GP.,Tryggvason Fm.,12.27649593,2.261060476,2.188746452,2.584182024,51.30992889,65030
3570.965584,SHETLAND GP.,Tryggvason Fm.,12.29333878,2.21742487,2.129381418,2.57218504,54.5440979,65030
3571.117584,SHETLAND GP.,Tryggvason Fm.,12.31239128,2.16643405,2.091208458,2.573797941,54.86328507,65030
3571.269584,SHETLAND GP.,Tryggvason Fm.,12.29707241,2.139012814,2.060541868,2.579714775,50.02951431,65030
3571.421584,SHETLAND GP.,Tryggvason Fm.,12.27406788,2.113561392,2.011932373,2.581080675,46.28256607,65030
3571.573584,SHETLAND GP.,Tryggvason Fm.,12.26248837,2.091283083,1.992918968,2.569520235,43.16149902,65030
3571.725584,SHETLAND GP.,Tryggvason Fm.,12.31045246,2.111825943,2.016483307,2.561307669,48.70816422,65030
3571.877584,SHETLAND GP.,Tryggvason Fm.,12.29021263,2.12963891,2.030161142,2.558287621,50.15300369,65030
3572.029584,SHETLAND GP.,Tryggvason Fm.,12.29011917,2.115969896,2.044082642,2.56678462,52.94498444,65030
3572.181584,SHETLAND GP.,Tryggvason Fm.,12.29739475,2.112760305,2.050600767,2.572217464,52.91595459,65030
3572.333584,SHETLAND GP.,Tryggvason Fm.,12.28311348,2.105564356,2.065548897,2.574681997,54.95497513,65030
3572.485584,SHETLAND GP.,Tryggvason Fm.,12.29374981,2.11455965,2.059339285,2.575769901,52.9369278,65030
3572.637584,SHETLAND GP.,Tryggvason Fm.,12.29154301,2.145998478,2.081593037,2.575475454,49.70237732,65030
3572.789584,SHETLAND GP.,Tryggvason Fm.,12.29061127,2.216581106,2.150178909,2.579202175,48.75883484,65030
3572.941584,SHETLAND GP.,Tryggvason Fm.,12.27475262,2.579314232,2.444478273,2.596792698,48.89147568,65030
3573.093584,SHETLAND GP.,Tryggvason Fm.,12.28416157,3.253802061,2.998031139,2.631271124,44.17314529,70000
3573.245584,SHETLAND GP.,Tryggvason Fm.,12.29778576,4.135050297,3.643089533,2.655009747,42.12704086,70000
3573.397584,SHETLAND GP.,Tryggvason Fm.,12.28049946,3.182063341,2.921541214,2.635436535,46.18159485,70000
3573.549584,SHETLAND GP.,Tryggvason Fm.,12.278162,2.429078102,2.252687931,2.591087103,55.0460701,70000
3573.701584,SHETLAND GP.,Tryggvason Fm.,12.26888752,2.06961441,1.895419598,2.555258274,59.38349152,65030
3573.853584,SHETLAND GP.,Tryggvason Fm.,12.27597141,2.120060682,1.980171919,2.553606987,59.2639885,65030
3574.005584,SHETLAND GP.,Tryggvason Fm.,12.25036907,2.221593618,2.103275299,2.564492703,54.51288605,65030
3574.157584,SHETLAND GP.,Tryggvason Fm.,12.23646164,2.321099281,2.225732088,2.58134532,47.60951614,65030
3574.309584,SHETLAND GP.,Tryggvason Fm.,12.22685528,2.42180562,2.326022625,2.60174799,40.40493012,65030
3574.461584,SHETLAND GP.,Tryggvason Fm.,12.24080849,2.664092779,2.587819576,2.619243145,38.39609528,65030
3574.613584,SHETLAND GP.,Tryggvason Fm.,12.25520039,2.522465706,2.476927757,2.619813681,38.35779953,65030
3574.765584,SHETLAND GP.,Tryggvason Fm.,12.2766676,2.450199366,2.429055691,2.596118212,38.88755417,65030
3574.917584,SHETLAND GP.,Tryggvason Fm.,12.31353474,2.420193911,2.479512215,2.580312014,42.48210144,65030
3575.069584,SHETLAND GP.,Tryggvason Fm.,12.30137157,2.430715561,2.51805234,2.602276087,43.08364868,65030
3575.221584,SHETLAND GP.,Tryggvason Fm.,12.28365517,2.566632271,2.567444086,2.621343851,46.60948944,65030
3575.373584,SHETLAND GP.,Tryggvason Fm.,12.2396555,2.640633106,2.626921415,2.623718023,45.97642517,65030
3575.525584,SHETLAND GP.,Tryggvason Fm.,12.24756336,2.554822683,2.484792948,2.600775003,46.46191025,65030
3575.677584,SHETLAND GP.,Tryggvason Fm.,12.25868702,2.535565138,2.464126349,2.594825983,42.53314591,65030
3575.829584,SHETLAND GP.,Tryggvason Fm.,12.25081825,2.54343605,2.431813479,2.594269514,43.04074478,65030
3575.981584,SHETLAND GP.,Tryggvason Fm.,12.24308205,2.540330172,2.413666248,2.587197304,45.85255814,65030
3576.133584,SHETLAND GP.,Tryggvason Fm.,12.2735014,2.545399904,2.405877829,2.571859121,50.19117355,65030
3576.285584,SHETLAND GP.,Tryggvason Fm.,12.26933193,2.543531179,2.410597324,2.566192865,51.53633118,65030
3576.437584,SHETLAND GP.,Tryggvason Fm.,12.24115658,2.531727552,2.406768799,2.562577009,49.96709442,65030
3576.589584,SHETLAND GP.,Tryggvason Fm.,12.25799751,2.544678211,2.422000408,2.555928707,46.07692719,65030
3576.741584,SHETLAND GP.,Tryggvason Fm.,12.24884224,2.530389071,2.420073032,2.540596724,43.11120224,65030
3576.893584,SHETLAND GP.,Tryggvason Fm.,12.2731142,2.508639336,2.423298597,2.541333675,40.52774048,65030
3577.045584,SHETLAND GP.,Tryggvason Fm.,12.27000141,2.504519224,2.429024935,2.562847614,43.52880859,65030
3577.197584,SHETLAND GP.,Tryggvason Fm.,12.26964569,2.561351538,2.46749568,2.585538387,44.04124069,65030
3577.349584,SHETLAND GP.,Tryggvason Fm.,12.2648077,2.607108831,2.551657915,2.581969023,45.17366028,65030
3577.501584,SHETLAND GP.,Tryggvason Fm.,12.24876022,2.504042387,2.475722075,2.569110394,51.22462463,65030
3577.653584,SHETLAND GP.,Tryggvason Fm.,12.2500515,2.380135059,2.363036633,2.559276104,52.76520157,65030
3577.805584,SHETLAND GP.,Tryggvason Fm.,12.28992271,2.291784048,2.271903038,2.567641258,53.9727211,65030
3577.957584,SHETLAND GP.,Tryggvason Fm.,12.28305054,2.174082041,2.153106451,2.568495274,52.36132813,65030
3578.109584,SHETLAND GP.,Tryggvason Fm.,12.30674458,2.124880791,2.089421749,2.562409639,53.97278595,65030
3578.261584,SHETLAND GP.,Tryggvason Fm.,12.28911018,2.109245777,2.052370548,2.550691843,50.09427261,65030
3578.413584,SHETLAND GP.,Tryggvason Fm.,12.26971817,2.106173754,2.019938231,2.544083118,47.22045517,65030
3578.565584,SHETLAND GP.,Tryggvason Fm.,12.26517963,2.088796139,1.970198631,2.542905331,45.00569916,65030
3578.717584,SHETLAND GP.,Tryggvason Fm.,12.24992847,2.077396393,1.947622776,2.544770479,48.23678207,65030
3578.869584,SHETLAND GP.,Tryggvason Fm.,12.25800037,2.195589542,1.952068329,2.554428339,48.69537354,65030
3579.021584,SHETLAND GP.,Tryggvason Fm.,12.23971176,2.576161861,2.365307808,2.580152988,49.70801544,70000
3579.173584,SHETLAND GP.,Tryggvason Fm.,12.25161934,3.46980238,3.083270311,2.628498077,43.45041275,70000
3579.325584,SHETLAND GP.,Tryggvason Fm.,12.2406044,3.935371876,3.623436451,2.651060104,41.33249664,70000
3579.477584,SHETLAND GP.,Tryggvason Fm.,12.26889324,2.740754128,2.611068249,2.632771969,37.64706421,70000
3579.629584,SHETLAND GP.,Tryggvason Fm.,12.29966641,2.078681231,2.003213406,2.592440844,40.40711212,70000
3579.781584,SHETLAND GP.,Tryggvason Fm.,12.27266884,1.989043355,1.898162365,2.567340136,43.82709122,65030
3579.933584,SHETLAND GP.,Tryggvason Fm.,12.25959969,2.12783885,2.092878103,2.566083193,49.47140884,65030
3580.085584,SHETLAND GP.,Tryggvason Fm.,12.25998688,2.150617361,2.075632811,2.560982943,51.68524933,65030
3580.237584,SHETLAND GP.,Tryggvason Fm.,12.26731587,2.104362249,2.03625083,2.562369108,54.57233048,65030
3580.389584,SHETLAND GP.,Tryggvason Fm.,12.27844048,2.005153418,1.994177342,2.562026501,53.72333145,65030
3580.541584,SHETLAND GP.,Tryggvason Fm.,12.24066448,2.061890841,2.019372225,2.566968679,51.69853592,65030
3580.693584,SHETLAND GP.,Tryggvason Fm.,12.2808075,2.138541937,2.072332382,2.578821659,47.64472961,65030
3580.845584,SHETLAND GP.,Tryggvason Fm.,12.28654957,2.224841833,2.135856152,2.586010695,46.72509003,65030
3580.997584,SHETLAND GP.,Tryggvason Fm.,12.26659966,2.324406624,2.207706928,2.593300104,49.25438309,65030
3581.149584,SHETLAND GP.,Tryggvason Fm.,12.26634502,2.384670973,2.27092576,2.59324193,49.06079483,65030
3581.301584,SHETLAND GP.,Tryggvason Fm.,12.26054859,2.39483428,2.294270277,2.591464758,51.25278091,65030
3581.453584,SHETLAND GP.,Tryggvason Fm.,12.2871809,2.401682138,2.333806992,2.584593296,53.01135254,65030
3581.605584,SHETLAND GP.,Tryggvason Fm.,12.2795248,2.324447393,2.273113012,2.57830286,57.35454941,65030
3581.757584,SHETLAND GP.,Tryggvason Fm.,12.24578762,2.412036181,2.381641626,2.57819128,51.35982513,65030
3581.909584,SHETLAND GP.,Tryggvason Fm.,12.24934673,2.514811277,2.532662869,2.570084095,46.74929047,65030
3582.061584,SHETLAND GP.,Tryggvason Fm.,12.25937748,2.643368483,2.61264801,2.561019421,43.40235519,65030
3582.213584,SHETLAND GP.,Tryggvason Fm.,12.24928188,2.801479816,2.731969595,2.557466984,45.752388,70000
3582.365584,SHETLAND GP.,Tryggvason Fm.,12.25959969,2.949321508,2.829541445,2.567294598,47.87175369,70000
3582.517584,SHETLAND GP.,Tryggvason Fm.,12.25977802,3.081857681,3.041517735,2.593601704,43.34671402,70000
3582.669584,SHETLAND GP.,Tryggvason Fm.,12.27335453,3.654177189,3.610456467,2.64003396,40.22628403,70000
3582.821584,SHETLAND GP.,Tryggvason Fm.,12.25956821,4.359705925,4.286884785,2.661783934,32.55252457,70000
3582.973584,SHETLAND GP.,Tryggvason Fm.,12.25494576,3.975497246,4.032338142,2.644497633,32.58424377,70000
3583.125584,SHETLAND GP.,Tryggvason Fm.,12.25032234,3.486346722,3.596523047,2.599531651,35.56108093,70000
3583.277584,SHETLAND GP.,Tryggvason Fm.,12.24569988,3.194406986,3.24920845,2.568900824,43.50860977,70000
3583.429584,SHETLAND GP.,Tryggvason Fm.,12.25258446,3.092233419,3.06043148,2.555630207,47.21003723,70000
3583.581584,SHETLAND GP.,Tryggvason Fm.,12.26651382,2.933676481,2.834292173,2.545761108,50.21184158,70000
3583.733584,SHETLAND GP.,Tryggvason Fm.,12.29069614,2.613800049,2.504381657,2.536378861,52.78477097,70000
3583.885584,SHETLAND GP.,Tryggvason Fm.,12.27368641,2.284021616,2.181644917,2.530363798,53.82849503,70000
3584.037584,SHETLAND GP.,Tryggvason Fm.,12.28040886,2.080219269,1.978215337,2.528325796,52.76366806,65030
3584.189584,SHETLAND GP.,Tryggvason Fm.,12.25994968,1.986156821,1.872554421,2.528398275,52.55039215,65030
3584.341584,SHETLAND GP.,Tryggvason Fm.,12.269804,1.92485857,1.840684056,2.529381037,53.7294693,65000
3584.493584,SHETLAND GP.,Tryggvason Fm.,12.27342701,1.890129924,1.79096818,2.534587145,53.93013382,65000
3584.645584,SHETLAND GP.,Tryggvason Fm.,12.2904911,1.919182062,1.799176335,2.549346924,54.11142349,65000
3584.797584,SHETLAND GP.,Tryggvason Fm.,12.28749561,1.997030973,1.860190511,2.55787015,51.93842697,65000
3584.949584,SHETLAND GP.,Tryggvason Fm.,12.29079628,2.086143017,1.931570888,2.557323694,52.10823822,65000
3585.101584,SHETLAND GP.,Tryggvason Fm.,12.28751183,2.128782272,1.972036362,2.550716877,50.40313339,65000
3585.253584,SHETLAND GP.,Tryggvason Fm.,12.26731014,2.097358227,1.957556963,2.555232525,48.63736725,65000
3585.405584,SHETLAND GP.,Tryggvason Fm.,12.27999306,2.046864748,1.918649554,2.5671556,50.00665665,65000
3585.557584,SHETLAND GP.,Tryggvason Fm.,12.26043987,2.097116232,1.9935987,2.57719779,51.94657898,65000
3585.709584,SHETLAND GP.,Tryggvason Fm.,12.2895689,2.219174385,2.118110657,2.586217165,53.95278168,65000
3585.861584,SHETLAND GP.,Tryggvason Fm.,12.25431538,2.366634846,2.272607803,2.581537485,51.40670776,65030
3586.013584,SHETLAND GP.,Tryggvason Fm.,12.25927067,2.444485426,2.351452351,2.57720232,51.26938629,30000
3586.165584,SHETLAND GP.,Tryggvason Fm.,12.26624394,2.41088748,2.332124949,2.573772907,50.90991211,30000
3586.317584,SHETLAND GP.,Tryggvason Fm.,12.29292202,2.335804462,2.26045537,2.574262857,53.98846054,30000
3586.469584,SHETLAND GP.,Tryggvason Fm.,12.26152802,2.249332666,2.18546772,2.579022646,54.86318207,30000
3586.621584,SHETLAND GP.,Tryggvason Fm.,12.27929401,2.217737913,2.14492631,2.579582691,52.00543213,30000
3586.773584,SHETLAND GP.,Tryggvason Fm.,12.30011654,2.225673437,2.141573668,2.575282574,48.75730896,30000
3586.925584,SHETLAND GP.,Tryggvason Fm.,12.27528095,2.170408487,2.080646515,2.561050654,47.71895599,30000
3587.077584,SHETLAND GP.,Tryggvason Fm.,12.28003693,2.070216417,1.964799523,2.540393591,49.02967072,65030
3587.229584,SHETLAND GP.,Tryggvason Fm.,12.30640125,1.980386138,1.860097051,2.535459757,47.42582321,65030
3587.381584,SHETLAND GP.,Tryggvason Fm.,12.29212761,1.939260125,1.80597043,2.536315441,45.60469437,65030
3587.533584,SHETLAND GP.,Tryggvason Fm.,12.28127194,1.991586447,1.831374288,2.548711777,49.00549316,65030
3587.685584,SHETLAND GP.,Tryggvason Fm.,12.25150776,2.035425901,1.880881667,2.552747011,50.87876129,65030
3587.837584,SHETLAND GP.,Tryggvason Fm.,12.25877094,2.101608992,1.951945663,2.547657728,56.53664017,65030
3587.989584,SHETLAND GP.,Tryggvason Fm.,12.26603127,2.294896603,2.158551693,2.535531044,57.1723671,65030
3588.141584,SHETLAND GP.,Tryggvason Fm.,12.24747467,2.462031841,2.408457518,2.545938492,58.4335022,65030
3588.293584,SHETLAND GP.,Tryggvason Fm.,12.27746105,2.553396463,2.665748835,2.574106932,59.21291351,65030
3588.445584,SHETLAND GP.,Tryggvason Fm.,12.2678442,2.674149513,2.878854513,2.615029097,55.13837051,30000
3588.597584,SHETLAND GP.,Tryggvason Fm.,12.26024246,2.529365301,2.899416447,2.621161461,45.53224182,30000
3588.749584,SHETLAND GP.,Tryggvason Fm.,12.26593113,2.458245993,2.842256308,2.602044106,48.56335068,30000
3588.901584,SHETLAND GP.,Tryggvason Fm.,12.24143219,2.393585444,2.693944216,2.577899456,52.39890671,30000
3589.053584,SHETLAND GP.,Tryggvason Fm.,12.25750542,2.3548069,2.550007343,2.569831133,54.41664124,30000
3589.205584,SHETLAND GP.,Tryggvason Fm.,12.24712372,2.366817236,2.492168665,2.59908843,54.42201614,30000
3589.357584,SHETLAND GP.,Tryggvason Fm.,12.23943329,2.788762569,2.900289774,2.611094713,49.91877365,65030
3589.509584,SHETLAND GP.,Tryggvason Fm.,12.2883625,3.296990395,3.283221722,2.609068632,47.46229172,65030
3589.661584,SHETLAND GP.,Tryggvason Fm.,12.25723171,2.66501832,2.680577517,2.589493752,51.67659378,65030
3589.813584,SHETLAND GP.,Tryggvason Fm.,12.25880814,2.059562206,1.967401862,2.568651915,55.318573,65030
3589.965584,SHETLAND GP.,Tryggvason Fm.,12.26880169,2.335843563,2.353096962,2.549579859,58.41893005,65030
3590.117584,SHETLAND GP.,Tryggvason Fm.,12.27308464,2.558814526,3.009455919,2.533127785,56.52234268,65030
3590.269584,SHETLAND GP.,Tryggvason Fm.,12.27042675,2.857008696,2.801558971,2.532429934,41.07778168,65030
3590.421584,SHETLAND GP.,Tryggvason Fm.,12.22425747,2.97613287,2.637703896,2.545656681,27.9234848,65030
3590.573584,SHETLAND GP.,Tryggvason Fm.,12.22688961,3.020289183,2.538127661,2.557901144,20.90956307,70000
3590.725584,SHETLAND GP.,Tryggvason Fm.,12.22367001,3.170790196,2.61925745,2.56679821,22.32361984,70000
3590.877584,SHETLAND GP.,Tryggvason Fm.,12.21848679,3.674285173,2.731436014,2.573975325,24.86475372,70000
3591.029584,SHETLAND GP.,Tryggvason Fm.,12.21780014,4.399534702,3.522471666,2.577670097,29.52440071,70000
3591.181584,SHETLAND GP.,Tryggvason Fm.,12.22077847,3.519864082,3.179334164,2.582071781,40.55510712,70000
3591.333584,SHETLAND GP.,Tryggvason Fm.,12.22422123,2.54083252,2.59585166,2.57296896,52.45949173,70000
3591.485584,SHETLAND GP.,Tryggvason Fm.,12.24562359,2.144654036,2.324086905,2.556393385,60.64833832,70000
3591.637584,SHETLAND GP.,Tryggvason Fm.,12.26996422,2.335694075,2.779203415,2.543725014,61.37273026,65000
3591.789584,SHETLAND GP.,Tryggvason Fm.,12.2705164,2.533264875,2.829550028,2.547798872,57.20347214,65000
3591.941584,SHETLAND GP.,Tryggvason Fm.,12.26710796,2.554376125,2.848495007,2.560622454,47.96359634,65000
3592.093584,SHETLAND GP.,Tryggvason Fm.,12.27244473,2.706845522,2.846363545,2.56574893,39.26927567,65000
3592.245584,SHETLAND GP.,Tryggvason Fm.,12.26176262,3.046525717,2.847817659,2.560135841,38.12424088,65000
3592.397584,SHETLAND GP.,Tryggvason Fm.,12.24789429,3.65653801,3.152318239,2.564895153,41.25085449,70000
3592.549584,SHETLAND GP.,Tryggvason Fm.,12.23982048,3.278501988,2.96581316,2.576666832,45.63246155,70000
3592.701584,SHETLAND GP.,Tryggvason Fm.,12.25032425,2.751153708,2.630875588,2.580038071,47.42027283,70000
3592.853584,SHETLAND GP.,Tryggvason Fm.,12.2584362,2.530326843,2.495357275,2.567376375,49.8733635,70000
3593.005584,SHETLAND GP.,Tryggvason Fm.,12.26541996,2.557598591,2.511863232,2.551329136,52.90179443,70000
3593.157584,SHETLAND GP.,Tryggvason Fm.,12.24926853,2.5987854,2.507204771,2.552829266,53.09954453,65030
3593.309584,SHETLAND GP.,Tryggvason Fm.,12.25719547,2.604090214,2.465368748,2.562383652,54.71830368,65030
3593.461584,SHETLAND GP.,Tryggvason Fm.,12.24815369,2.5990417,2.452571154,2.57317543,50.4094162,65030
3593.613584,SHETLAND GP.,Tryggvason Fm.,12.239954,2.617126942,2.446182013,2.577891111,47.03364563,65030
3593.765584,SHETLAND GP.,Tryggvason Fm.,12.23869991,2.671319008,2.479219198,2.580382824,42.58219528,65030
3593.917584,SHETLAND GP.,Tryggvason Fm.,12.23869991,2.712279797,2.527292728,2.580963373,42.62500763,70000
3594.069584,SHETLAND GP.,Tryggvason Fm.,12.24999809,2.749806166,2.584681988,2.588396788,41.50902557,70000
3594.221584,SHETLAND GP.,Tryggvason Fm.,12.24133682,2.853889465,2.697570086,2.587912321,41.07408524,70000
3594.373584,SHETLAND GP.,Tryggvason Fm.,12.24993134,3.110358477,2.923888445,2.572936535,41.63060379,70000
3594.525584,SHETLAND GP.,Tryggvason Fm.,12.2497797,3.02054143,2.838002443,2.548469782,48.03406525,70000
3594.677584,SHETLAND GP.,Tryggvason Fm.,12.26313877,2.482109547,2.382691383,2.535217524,52.31768036,65000
3594.829584,SHETLAND GP.,Tryggvason Fm.,12.2442894,2.068689346,2.013558388,2.539517164,55.04714584,65000
3594.981584,SHETLAND GP.,Tryggvason Fm.,12.25536537,2.015895367,1.945047021,2.544927597,55.80864334,65000
3595.133584,SHETLAND GP.,Tryggvason Fm.,12.25403404,2.003248215,1.935117483,2.540413618,57.26711273,65000
3595.285584,SHETLAND GP.,Tryggvason Fm.,12.24159622,1.948274732,1.854093671,2.537258387,59.01570892,65000
3595.437584,SHETLAND GP.,Tryggvason Fm.,12.2551899,1.872115493,1.77880013,2.541770935,60.22935486,65000
3595.589584,SHETLAND GP.,Tryggvason Fm.,12.28147221,1.805026174,1.684108019,2.550416946,61.70082855,65000
3595.741584,SHETLAND GP.,Tryggvason Fm.,12.2928915,1.784496427,1.647259116,2.547222376,61.01356506,65000
3595.893584,SHETLAND GP.,Tryggvason Fm.,12.29983234,1.816471219,1.660152912,2.540089607,60.21753693,65030
3596.045584,SHETLAND GP.,Tryggvason Fm.,12.30676079,1.892638087,1.722059488,2.534450531,57.22114945,65030
3596.197584,SHETLAND GP.,Tryggvason Fm.,12.27857494,2.009702921,1.828098178,2.533222437,56.42718506,65030
3596.349584,SHETLAND GP.,Tryggvason Fm.,12.26736927,2.095111847,1.945936203,2.531265259,55.53538895,65030
3596.501584,SHETLAND GP.,Tryggvason Fm.,12.25579739,2.089731693,1.988541007,2.531317473,55.121315,65030
3596.653584,SHETLAND GP.,Tryggvason Fm.,12.24192333,2.055086613,2.010021925,2.536108732,54.80015945,65030
3596.805584,SHETLAND GP.,Tryggvason Fm.,12.27069759,2.030677557,2.037222862,2.546992302,53.76405716,65030
3596.957584,SHETLAND GP.,Tryggvason Fm.,12.26454735,1.998781085,1.989122629,2.556234837,51.24237824,65030
3597.109584,SHETLAND GP.,Tryggvason Fm.,12.2701788,2.06771636,2.029935122,2.561396122,48.20350647,65030
3597.261584,SHETLAND GP.,Tryggvason Fm.,12.26827335,2.271607637,2.180665731,2.561794043,44.97717285,65030
3597.413584,SHETLAND GP.,Tryggvason Fm.,12.27709198,2.660187483,2.453487396,2.565827131,44.75070953,65030
3597.565584,SHETLAND GP.,Tryggvason Fm.,12.26476955,2.908063173,2.589864016,2.567425966,45.59767532,65030
3597.717584,SHETLAND GP.,Tryggvason Fm.,12.26485252,2.839770079,2.518105745,2.574703455,48.8163414,65030
3597.869584,SHETLAND GP.,Tryggvason Fm.,12.24572754,2.745218277,2.31670785,2.573883057,51.48950577,65030
3598.021584,SHETLAND GP.,Tryggvason Fm.,12.25426292,2.692764998,2.449533701,2.573693514,50.56542969,65030
3598.173584,SHETLAND GP.,Tryggvason Fm.,12.23889828,2.611330271,2.686347961,2.572886944,45.94265366,65030
3598.325584,SHETLAND GP.,Tryggvason Fm.,12.22911072,2.592548132,2.743706703,2.580267191,39.88653565,65030
3598.477584,SHETLAND GP.,Tryggvason Fm.,12.25135613,2.516843796,2.717457056,2.591554642,37.56825256,65030
3598.629584,SHETLAND GP.,Tryggvason Fm.,12.25189209,2.423650026,2.597926378,2.587846756,39.51381302,65030
3598.781584,SHETLAND GP.,Tryggvason Fm.,12.28223038,2.346218109,2.483666897,2.576843023,44.75564194,65030
3598.933584,SHETLAND GP.,Tryggvason Fm.,12.29950428,2.599695206,2.537403584,2.569252491,48.9263916,65000
3599.085584,SHETLAND GP.,Tryggvason Fm.,12.29122448,2.673216343,2.612273932,2.574868441,51.99190521,65000
3599.237584,SHETLAND GP.,Tryggvason Fm.,12.27481365,2.780329943,2.736746788,2.589030266,49.67547226,70000
3599.389584,SHETLAND GP.,Tryggvason Fm.,12.25248623,2.95719409,2.761106968,2.605868578,42.20595169,70000
3599.541584,SHETLAND GP.,Tryggvason Fm.,12.2406702,3.184254885,3.016197205,2.630960941,36.10834122,70000
3599.693584,SHETLAND GP.,Tryggvason Fm.,12.22867298,3.701911449,3.233724833,2.648640633,35.9057312,70000
3599.845584,SHETLAND GP.,Tryggvason Fm.,12.23469544,3.818727493,3.487777233,2.644717693,41.33602524,70000
3599.997584,SHETLAND GP.,Tryggvason Fm.,12.25355053,3.564573288,3.439773798,2.612466574,47.0160141,70000
3600.149584,SHETLAND GP.,Tryggvason Fm.,12.30398274,3.156644821,3.195647478,2.57971859,47.30435562,70000
3600.301584,SHETLAND GP.,Tryggvason Fm.,12.29767513,2.753412962,2.831235409,2.565949202,47.43350983,65030
3600.453584,SHETLAND GP.,Tryggvason Fm.,12.282547,2.619606733,2.714039564,2.57477212,46.84542084,65030
3600.605584,SHETLAND GP.,Tryggvason Fm.,12.28049946,2.587291479,2.710560322,2.589899302,46.51500702,65030
3600.757584,SHETLAND GP.,Tryggvason Fm.,12.28531075,2.59150219,2.680253506,2.595864058,45.91796112,65030
3600.909584,SHETLAND GP.,Tryggvason Fm.,12.29712963,2.471525192,2.517162561,2.592955589,45.40992355,65030
3601.061584,SHETLAND GP.,Tryggvason Fm.,12.2965517,2.324247122,2.308995247,2.581147909,48.25652313,65030
3601.213584,SHETLAND GP.,Tryggvason Fm.,12.28957462,2.313968897,2.273642778,2.573635817,51.28675461,65030
3601.365584,SHETLAND GP.,Tryggvason Fm.,12.29220676,2.377615213,2.317133904,2.575046301,54.68317032,65030
3601.517584,SHETLAND GP.,Tryggvason Fm.,12.29200459,2.48553133,2.392890215,2.588275909,53.64076233,65030
3601.669584,SHETLAND GP.,Tryggvason Fm.,12.29328728,2.514364243,2.439170361,2.594959498,50.51033783,65030
3601.821584,SHETLAND GP.,Tryggvason Fm.,12.30622959,2.461300612,2.424046278,2.592032909,48.24195862,65030
3601.973584,SHETLAND GP.,Tryggvason Fm.,12.30472565,2.435623646,2.416044235,2.581943989,49.04436112,65030
3602.125584,SHETLAND GP.,Tryggvason Fm.,12.29430771,2.42065835,2.411099672,2.582818031,50.19982529,65030
3602.277584,SHETLAND GP.,Tryggvason Fm.,12.27921772,2.368038416,2.364557266,2.58822155,50.56742477,65030
3602.429584,SHETLAND GP.,Tryggvason Fm.,12.27115917,2.331045389,2.320146084,2.590168476,51.60577011,65030
3602.581584,SHETLAND GP.,Tryggvason Fm.,12.26307488,2.329426765,2.300243378,2.589401245,51.30942917,65030
3602.733584,SHETLAND GP.,Tryggvason Fm.,12.27345753,2.347053051,2.293546677,2.585186958,50.70963669,65030
3602.885584,SHETLAND GP.,Tryggvason Fm.,12.28737259,2.355855465,2.276836634,2.57682395,47.5823822,65030
3603.037584,SHETLAND GP.,Tryggvason Fm.,12.28405094,2.341879845,2.241635323,2.562633514,47.04862595,65030
3603.189584,SHETLAND GP.,Tryggvason Fm.,12.29419518,2.284565926,2.175079346,2.550054312,49.89741516,65030
3603.341584,SHETLAND GP.,Tryggvason Fm.,12.28091431,2.209205389,2.100001812,2.552206755,55.18967056,65030
3603.493584,SHETLAND GP.,Tryggvason Fm.,12.27682686,2.150750399,2.043815851,2.556405306,60.60881043,65030
3603.645584,SHETLAND GP.,Tryggvason Fm.,12.28497028,2.123551369,2.015148401,2.559397221,61.4743042,65030
3603.797584,SHETLAND GP.,Tryggvason Fm.,12.27616596,2.083978891,1.991554022,2.553016424,60.15181351,65030
3603.949584,SHETLAND GP.,Tryggvason Fm.,12.28342629,2.026977539,1.941407919,2.54712987,57.36653519,65030
3604.101584,SHETLAND GP.,Tryggvason Fm.,12.28866196,2.081168652,2.010797501,2.558671475,55.15377045,65030
3604.253584,SHETLAND GP.,Tryggvason Fm.,12.2830019,2.333183527,2.248539448,2.579529524,51.16159058,65030
3604.405584,SHETLAND GP.,Tryggvason Fm.,12.28710461,2.60487628,2.50131464,2.590257883,50.15318298,65030
3604.557584,SHETLAND GP.,Tryggvason Fm.,12.27990818,2.542198658,2.463549614,2.581918001,50.35587692,65030
3604.709584,SHETLAND GP.,Tryggvason Fm.,12.25161362,2.310258865,2.240222931,2.569559097,53.41687012,65030
3604.861584,SHETLAND GP.,Tryggvason Fm.,12.23869991,2.237571001,2.129443407,2.573721647,55.33453751,65030
3605.013584,SHETLAND GP.,Tryggvason Fm.,12.2430706,2.2848382,2.198075295,2.580560684,54.30779266,65030
3605.165584,SHETLAND GP.,Tryggvason Fm.,12.25433445,2.392037153,2.333677769,2.581427336,52.7244606,65030
3605.317584,SHETLAND GP.,Tryggvason Fm.,12.25527191,2.503765345,2.447627068,2.574707747,50.56124878,65030
3605.469584,SHETLAND GP.,Tryggvason Fm.,12.2375679,2.543063402,2.524173021,2.566326141,49.7088356,65030
3605.621584,SHETLAND GP.,Tryggvason Fm.,12.23894119,2.511016369,2.506845951,2.559180737,49.12152481,65030
3605.773584,SHETLAND GP.,Tryggvason Fm.,12.24777889,2.52670908,2.551210642,2.563860893,46.38900375,65030
3605.925584,SHETLAND GP.,Tryggvason Fm.,12.25122833,2.780266523,2.815721035,2.58234787,42.59718704,65030
3606.077584,SHETLAND GP.,Tryggvason Fm.,12.24418449,3.222291708,3.349030733,2.609302282,40.33273697,65030
3606.229584,SHETLAND GP.,Tryggvason Fm.,12.24708366,3.55369544,3.795182228,2.636601448,41.06993103,30000
3606.381584,SHETLAND GP.,Tryggvason Fm.,12.24424744,3.472977877,3.739885807,2.643795252,44.07021713,30000
3606.533584,SHETLAND GP.,Tryggvason Fm.,12.25119209,3.122826815,3.345516682,2.627216101,46.81161118,30000
3606.685584,SHETLAND GP.,Tryggvason Fm.,12.24092293,2.787388563,2.936542749,2.600269795,46.3401413,30000
3606.837584,SHETLAND GP.,Tryggvason Fm.,12.23442173,2.749103785,2.811134577,2.592688561,43.26660156,30000
3606.989584,SHETLAND GP.,Tryggvason Fm.,12.22016525,2.931489468,2.949591398,2.597447872,40.56109619,30000
3607.141584,SHETLAND GP.,Tryggvason Fm.,12.22573471,3.250170708,3.113206863,2.592224598,41.00251007,30000
3607.293584,SHETLAND GP.,Tryggvason Fm.,12.25090885,3.253422022,2.99464941,2.576734543,43.28785324,65030
3607.445584,SHETLAND GP.,Tryggvason Fm.,12.27577686,2.915223837,2.670478821,2.565159559,46.37405014,65030
3607.597584,SHETLAND GP.,Tryggvason Fm.,12.28340054,2.525763512,2.342289925,2.566341639,51.87282944,65030
3607.749584,SHETLAND GP.,Tryggvason Fm.,12.27444744,2.257153273,2.138504267,2.568623543,58.58551407,65030
3607.901584,SHETLAND GP.,Tryggvason Fm.,12.28399468,2.174991131,2.101581097,2.571583986,60.30876541,65030
3608.053584,SHETLAND GP.,Tryggvason Fm.,12.28046131,2.190637589,2.122768879,2.574956894,56.40042877,65030
3608.205584,SHETLAND GP.,Tryggvason Fm.,12.26903343,2.104214907,2.046028853,2.573551416,52.0661087,65000
3608.357584,SHETLAND GP.,Tryggvason Fm.,12.26733685,1.925577998,1.923692584,2.56814599,52.39196396,65000
3608.509584,SHETLAND GP.,Tryggvason Fm.,12.27443409,1.864695668,1.875480175,2.564805508,53.41438675,65000
3608.661584,SHETLAND GP.,Tryggvason Fm.,12.28049946,1.937577963,1.927824497,2.568536758,53.52150726,65000
3608.813584,SHETLAND GP.,Tryggvason Fm.,12.26296616,2.033080816,2.019289732,2.575106382,52.88619232,65030
3608.965584,SHETLAND GP.,Tryggvason Fm.,12.26656246,2.144855261,2.123469591,2.574908018,53.21852493,65030
3609.117584,SHETLAND GP.,Tryggvason Fm.,12.28625107,2.309410095,2.278394461,2.56933713,51.76739502,65030
3609.269584,SHETLAND GP.,Tryggvason Fm.,12.26218891,2.456593037,2.41930294,2.558669567,47.61985779,65030
3609.421584,SHETLAND GP.,Tryggvason Fm.,12.2329483,2.543107748,2.517175674,2.545691013,45.60330963,65030
3609.573584,SHETLAND GP.,Tryggvason Fm.,12.23774624,2.474916458,2.466899157,2.538054228,45.31735611,65030
3609.725584,SHETLAND GP.,Tryggvason Fm.,12.23056698,2.387613297,2.401401997,2.543150902,45.89291,65030
3609.877584,SHETLAND GP.,Tryggvason Fm.,12.22529793,2.618293762,2.727281094,2.559294701,44.12901306,65030
3610.029584,SHETLAND GP.,Tryggvason Fm.,12.21300793,3.342476845,3.561807394,2.579817057,42.01589584,65030
3610.181584,SHETLAND GP.,Tryggvason Fm.,12.21551418,3.964035749,4.314005852,2.59374404,40.67368698,65030
3610.333584,SHETLAND GP.,Tryggvason Fm.,12.21870422,3.733693838,4.146620274,2.595082521,39.7797699,65030
3610.485584,SHETLAND GP.,Tryggvason Fm.,12.22022057,3.024595976,3.292221785,2.58572197,41.83355331,65030
3610.637584,SHETLAND GP.,Tryggvason Fm.,12.25007534,2.485770464,2.612491608,2.590430737,46.37440872,65030
3610.789584,SHETLAND GP.,Tryggvason Fm.,12.23734665,2.369095326,2.448861837,2.618991852,50.95831299,65030
3610.941584,SHETLAND GP.,Tryggvason Fm.,12.21080017,2.593291044,2.6359303,2.641711712,50.65287399,65030
3611.093584,SHETLAND GP.,Tryggvason Fm.,12.2252779,3.145261765,3.139458895,2.637229204,45.12025833,65030
3611.245584,SHETLAND GP.,Tryggvason Fm.,12.23869991,4.361106396,4.256970406,2.626252413,38.04495621,65030
3611.397584,SHETLAND GP.,Tryggvason Fm.,12.24229527,5.333873749,5.123182774,2.638257027,35.6782608,65030
3611.549584,SHETLAND GP.,Tryggvason Fm.,12.2367506,4.618460178,4.478948593,2.646755695,40.48263931,65030
3611.701584,SHETLAND GP.,Tryggvason Fm.,12.23882294,2.948119164,2.928480864,2.620537996,48.46443176,65030
3611.853584,SHETLAND GP.,Tryggvason Fm.,12.24909973,2.016735077,1.996397376,2.57954669,54.14313507,65030
3612.005584,SHETLAND GP.,Tryggvason Fm.,12.24909973,1.971423984,1.952157736,2.562412024,56.89201737,65030
3612.157584,SHETLAND GP.,Tryggvason Fm.,12.25786305,2.038671017,1.995364428,2.571510553,58.99729538,65030
3612.309584,SHETLAND GP.,Tryggvason Fm.,12.27004051,1.96416688,1.834065437,2.574512243,59.36859894,65030
3612.461584,SHETLAND GP.,Tryggvason Fm.,12.2735014,1.976675034,1.727765083,2.562225342,57.71704865,65030
3612.613584,SHETLAND GP.,Tryggvason Fm.,12.26148701,2.203359366,1.909459829,2.552324295,54.61623001,65030
3612.765584,SHETLAND GP.,Tryggvason Fm.,12.23375893,2.656537294,2.228821993,2.564472199,50.94853973,65030
3612.917584,SHETLAND GP.,Tryggvason Fm.,12.21267796,3.051644802,2.681558132,2.586703301,47.1728363,65030
3613.069584,SHETLAND GP.,Tryggvason Fm.,12.21573639,2.96868968,2.843113422,2.592963696,44.04753494,65030
3613.221584,SHETLAND GP.,Tryggvason Fm.,12.23814011,2.47423029,2.45452404,2.580153704,44.15665436,65030
3613.373584,SHETLAND GP.,Tryggvason Fm.,12.24929142,2.005748034,2.071723223,2.565391779,48.02528763,65030
3613.525584,SHETLAND GP.,Tryggvason Fm.,12.24235916,1.838925958,1.859360099,2.56327939,51.31305313,65000
3613.677584,SHETLAND GP.,Tryggvason Fm.,12.2486105,1.804502606,1.782423496,2.562102079,53.49656296,65000
3613.829584,SHETLAND GP.,Tryggvason Fm.,12.25465298,1.767290473,1.727935791,2.55551362,57.80984879,65000
3613.981584,SHETLAND GP.,Tryggvason Fm.,12.23930073,1.713687897,1.663585782,2.548458576,64.18264771,65000
3614.133584,SHETLAND GP.,Tryggvason Fm.,12.22334766,1.702362418,1.635389924,2.558338165,67.7513504,65000
3614.285584,SHETLAND GP.,Tryggvason Fm.,12.22750473,1.779344678,1.683849096,2.604254007,63.5642128,65000
3614.437584,SHETLAND GP.,Tryggvason Fm.,12.24834251,1.801917434,1.699894905,2.648173332,58.23193359,65000
3614.589584,SHETLAND GP.,Tryggvason Fm.,12.26436615,1.743510842,1.659628034,2.644140482,56.55263138,65000
3614.741584,SHETLAND GP.,Tryggvason Fm.,12.2747879,1.667802095,1.605132103,2.595664024,56.21038055,65000
3614.893584,SHETLAND GP.,Tryggvason Fm.,12.27732468,1.623693705,1.615782499,2.554442406,56.53410721,65000
3615.045584,SHETLAND GP.,Tryggvason Fm.,12.26723576,1.666979194,1.712159872,2.558197737,56.25434113,65000
3615.197584,SHETLAND GP.,Tryggvason Fm.,12.25337791,1.752511978,1.822948337,2.570609331,55.11265564,65000
3615.349584,SHETLAND GP.,Tryggvason Fm.,12.24258232,1.729647636,1.796910763,2.568009615,54.46756363,65000
3615.501584,SHETLAND GP.,Tryggvason Fm.,12.24796009,1.594647408,1.644815087,2.5539639,57.26713562,65000
3615.653584,SHETLAND GP.,Tryggvason Fm.,12.25651836,1.586991668,1.597001314,2.542787075,60.18062592,65000
3615.805584,SHETLAND GP.,Tryggvason Fm.,12.26020432,1.712037087,1.66874969,2.538175583,61.0099411,65000
3615.957584,SHETLAND GP.,Tryggvason Fm.,12.27152252,1.80277586,1.6881423,2.536891222,59.20653915,65000
3616.109584,SHETLAND GP.,Tryggvason Fm.,12.27198792,1.805647373,1.633125186,2.539473057,58.95269394,65000
3616.261584,SHETLAND GP.,Tryggvason Fm.,12.28049755,1.732084394,1.539165139,2.543383837,60.68284607,65000
3616.413584,SHETLAND GP.,Tryggvason Fm.,12.30632114,1.601271987,1.420812488,2.542144537,60.63860321,65000
3616.565584,SHETLAND GP.,Tryggvason Fm.,12.32522678,1.476616025,1.348024368,2.539661169,61.43510819,65000
3616.717584,SHETLAND GP.,Tryggvason Fm.,12.3233366,1.432705641,1.343766928,2.539788961,59.99822235,65000
3616.869584,SHETLAND GP.,Tryggvason Fm.,12.31238747,1.444282532,1.391508222,2.540892363,60.46083069,65000
3617.021584,SHETLAND GP.,Tryggvason Fm.,12.30545807,1.447266698,1.431733012,2.543699741,62.40723801,65000
3617.173584,SHETLAND GP.,Tryggvason Fm.,12.31004143,1.448049069,1.431604743,2.573600054,63.19390869,65000
3617.325584,SHETLAND GP.,Tryggvason Fm.,12.3007946,1.501034498,1.454159021,2.630252838,63.51835632,65000
3617.477584,SHETLAND GP.,Tryggvason Fm.,12.26574802,1.636758924,1.562270522,2.660379887,63.76874924,65000
3617.629584,SHETLAND GP.,Tryggvason Fm.,12.25675774,1.765745878,1.66586864,2.624990702,62.96081162,65000
3617.781584,SHETLAND GP.,Tryggvason Fm.,12.24981976,1.804879308,1.712548971,2.566503763,58.16062164,65000
3617.933584,SHETLAND GP.,Tryggvason Fm.,12.24846363,1.797587872,1.709130645,2.537926197,50.25696564,65000
3618.085584,SHETLAND GP.,Tryggvason Fm.,12.24148655,1.818347096,1.744357824,2.549657822,45.35258102,65000
3618.237584,SHETLAND GP.,Tryggvason Fm.,12.2357502,1.830289602,1.805714488,2.557679176,46.13864136,65000
3618.389584,SHETLAND GP.,Tryggvason Fm.,12.26081753,1.794475794,1.801447749,2.554064751,51.10887909,65000
3618.541584,SHETLAND GP.,Tryggvason Fm.,12.27081013,1.724231005,1.69825089,2.54373765,57.77711105,65000
3618.693584,SHETLAND GP.,Tryggvason Fm.,12.27466393,1.654064536,1.617862344,2.535398245,63.05421066,65000
3618.845584,SHETLAND GP.,Tryggvason Fm.,12.27668476,1.639732242,1.587287545,2.536622047,64.7803421,65000
3618.997584,SHETLAND GP.,Tryggvason Fm.,12.26759529,1.678169489,1.608437061,2.545310974,63.25884628,65000
3619.149584,SHETLAND GP.,Tryggvason Fm.,12.26464367,1.709259152,1.650455594,2.553613901,58.95859146,65000
3619.301584,SHETLAND GP.,Tryggvason Fm.,12.24262142,1.737952471,1.67025578,2.556796789,57.04610825,65000
3619.453584,SHETLAND GP.,Tryggvason Fm.,12.26870251,1.743909836,1.676497698,2.55497551,55.72394943,65000
3619.605584,SHETLAND GP.,Tryggvason Fm.,12.28972149,1.769747138,1.699510574,2.557356834,55.6358223,65000
3619.757584,SHETLAND GP.,Tryggvason Fm.,12.27129173,1.821264029,1.746641874,2.568345547,52.33555985,65000
3619.909584,SHETLAND GP.,Tryggvason Fm.,12.28625298,1.873091698,1.791221261,2.579304695,50.09518433,65000
3620.061584,SHETLAND GP.,Tryggvason Fm.,12.29817581,1.894625425,1.806117892,2.58133173,50.99820709,65000
3620.213584,SHETLAND GP.,Tryggvason Fm.,12.28553009,1.82757926,1.742390752,2.572289228,56.25544357,65000
3620.365584,SHETLAND GP.,Tryggvason Fm.,12.28940868,1.732762814,1.662343741,2.568613529,58.14071274,65000
3620.517584,SHETLAND GP.,Tryggvason Fm.,12.25445461,1.899505258,1.834566832,2.581852913,56.44864655,65000
3620.669584,SHETLAND GP.,Tryggvason Fm.,12.20362377,2.303538561,2.199858189,2.603533745,52.09529114,70000
3620.821584,SHETLAND GP.,Tryggvason Fm.,12.19690037,2.82443881,2.696469784,2.620628834,49.8939209,70000
3620.973584,SHETLAND GP.,Tryggvason Fm.,12.19690037,3.295207024,3.167447805,2.635845423,46.99973679,70000
3621.125584,SHETLAND GP.,Tryggvason Fm.,12.19690037,3.16605854,3.081149817,2.646449328,43.74916077,70000
3621.277584,SHETLAND GP.,Tryggvason Fm.,12.20763397,2.493224859,2.45227623,2.644652367,44.67288971,70000
3621.429584,SHETLAND GP.,Tryggvason Fm.,12.23532009,2.045436382,2.025880098,2.61184144,48.63188171,70000
3621.581584,SHETLAND GP.,Tryggvason Fm.,12.2526474,1.864072561,1.843412995,2.574044704,53.7326889,70000
3621.733584,SHETLAND GP.,Tryggvason Fm.,12.25959969,1.81969893,1.822391629,2.547920466,56.36082077,70000
3621.885584,SHETLAND GP.,Tryggvason Fm.,12.25959969,1.88972652,1.894142032,2.546449661,56.23746491,65000
3622.037584,SHETLAND GP.,Tryggvason Fm.,12.25270176,2.015596867,2.035061359,2.558423042,55.86782074,65030
3622.189584,SHETLAND GP.,Tryggvason Fm.,12.25067139,2.157975197,2.174006701,2.560336351,56.76140976,65030
3622.341584,SHETLAND GP.,Tryggvason Fm.,12.28710938,2.117328167,2.122765541,2.553683519,59.16835403,65030
3622.493584,SHETLAND GP.,Tryggvason Fm.,12.30507755,1.881071806,1.916605115,2.539824486,64.62076569,65030
3622.645584,SHETLAND GP.,Tryggvason Fm.,12.28757763,1.823818564,1.897736788,2.543446541,66.24898529,65030
3622.797584,SHETLAND GP.,Tryggvason Fm.,12.27054119,1.876937866,2.016741276,2.561526299,62.57056809,65030
3622.949584,SHETLAND GP.,Tryggvason Fm.,12.24583054,1.90538609,2.078404903,2.582015991,57.41804886,65030
3623.101584,SHETLAND GP.,Tryggvason Fm.,12.23543358,1.982708812,2.184527159,2.594694853,53.06993103,65030
3623.253584,SHETLAND GP.,Tryggvason Fm.,12.22498894,2.160720587,2.420728445,2.595615149,54.4246521,65030
3623.405584,SHETLAND GP.,Tryggvason Fm.,12.2273941,2.386820316,2.694643736,2.579056501,51.788414,65030
3623.557584,SHETLAND GP.,Tryggvason Fm.,12.24275112,2.438504934,2.757878304,2.561491251,50.1207161,65030
3623.709584,SHETLAND GP.,Tryggvason Fm.,12.24391174,2.582518578,2.896062136,2.559414387,48.70705414,65030
3623.861584,SHETLAND GP.,Tryggvason Fm.,12.27113724,3.174177647,3.498369455,2.575129032,46.4110527,70000
3624.013584,SHETLAND GP.,Tryggvason Fm.,12.24291515,3.825258732,4.260179997,2.597577334,43.29556274,70000
3624.165584,SHETLAND GP.,Tryggvason Fm.,12.23945808,3.968331814,4.367313385,2.599769354,39.01903915,70000
3624.317584,SHETLAND GP.,Tryggvason Fm.,12.26659966,4.142451763,4.270411968,2.581720114,38.48349381,70000
3624.469584,SHETLAND GP.,Tryggvason Fm.,12.2625742,4.502058506,4.443548203,2.561359406,38.99856949,70000
3624.621584,SHETLAND GP.,Tryggvason Fm.,12.2565937,4.470817566,4.383580208,2.546341419,39.65993118,70000
3624.773584,SHETLAND GP.,Tryggvason Fm.,12.26756287,3.982778549,3.88374114,2.549549103,38.77482987,70000
3624.925584,SHETLAND GP.,Tryggvason Fm.,12.27294445,3.558800936,3.304341078,2.553073645,38.42903519,70000
3625.077584,SHETLAND GP.,Tryggvason Fm.,12.28241062,3.430898666,3.124139071,2.55806756,39.66314697,30000
3625.229584,SHETLAND GP.,Tryggvason Fm.,12.28740025,2.817133904,2.584512949,2.562998533,44.7938118,30000
3625.381584,SHETLAND GP.,Tryggvason Fm.,12.28266144,2.785081148,2.533690691,2.569795132,49.02287674,30000
3625.533584,SHETLAND GP.,Tryggvason Fm.,12.27000141,2.913089752,2.627837181,2.585054636,49.44426346,30000
3625.685584,SHETLAND GP.,Tryggvason Fm.,12.25330544,3.555230379,3.124049664,2.607333183,42.04327393,30000
3625.837584,SHETLAND GP.,Tryggvason Fm.,12.21281815,4.013133526,3.476011276,2.634717703,36.26012039,30000
3625.989584,SHETLAND GP.,Tryggvason Fm.,12.22911644,3.695285797,3.330374956,2.635298252,36.0945015,30000
3626.141584,SHETLAND GP.,Tryggvason Fm.,12.24794483,3.333398342,3.09335947,2.606597424,45.29086685,30000
3626.293584,SHETLAND GP.,Tryggvason Fm.,12.29084683,3.046975374,2.999076605,2.562925577,52.41263962,30000
3626.445584,SHETLAND GP.,Tryggvason Fm.,12.28313446,2.833818436,2.911632776,2.54233861,56.40327072,65030
3626.597584,SHETLAND GP.,Tryggvason Fm.,12.29353714,2.552304745,2.763646364,2.541658402,50.40137482,65030
3626.749584,SHETLAND GP.,Tryggvason Fm.,12.29791641,2.585837364,2.749254465,2.550410509,45.90771484,65030
3626.901584,SHETLAND GP.,Tryggvason Fm.,12.28912354,2.651631355,2.78141737,2.560888052,43.61577988,65030
3627.053584,SHETLAND GP.,Tryggvason Fm.,12.29270077,2.69754982,2.798133373,2.563518286,47.54333496,65030
3627.205584,SHETLAND GP.,Tryggvason Fm.,12.2932682,2.575898171,2.644505739,2.561458111,49.67958069,65030
3627.357584,SHETLAND GP.,Tryggvason Fm.,12.30598736,2.465481758,2.545787811,2.55087018,51.54491043,65030
3627.509584,SHETLAND GP.,Tryggvason Fm.,12.29232407,2.469310999,2.533036709,2.54547739,51.51630783,65030
3627.661584,SHETLAND GP.,Tryggvason Fm.,12.30992508,2.468026876,2.546544075,2.548441172,50.77288818,65030
3627.813584,SHETLAND GP.,Tryggvason Fm.,12.31369114,2.471088409,2.580628872,2.55226779,50.7255249,65030
3627.965584,SHETLAND GP.,Tryggvason Fm.,12.31385422,2.460469961,2.584243774,2.561338186,51.51317215,65030
3628.117584,SHETLAND GP.,Tryggvason Fm.,12.33036041,2.416732311,2.590815067,2.566009998,54.12255478,65030
3628.269584,SHETLAND GP.,Tryggvason Fm.,12.32845879,2.467463493,2.633741856,2.567648172,54.52062988,65030
3628.421584,SHETLAND GP.,Tryggvason Fm.,12.35316944,2.667874575,2.850322723,2.56276679,53.069664,65030
3628.573584,SHETLAND GP.,Tryggvason Fm.,12.36182213,2.953233957,3.156313419,2.559431076,50.87266159,65030
3628.725584,SHETLAND GP.,Tryggvason Fm.,12.35136604,3.226711035,3.450051069,2.560032606,44.60801315,65030
3628.877584,SHETLAND GP.,Tryggvason Fm.,12.33433247,3.600318432,3.842772961,2.57125783,42.65580368,70000
3629.029584,SHETLAND GP.,Tryggvason Fm.,12.29703999,4.076586247,4.358553886,2.591080904,41.46288681,70000
3629.181584,SHETLAND GP.,Tryggvason Fm.,12.2790556,4.775709152,5.303818703,2.609123945,43.71782303,70000
3629.333584,SHETLAND GP.,Tryggvason Fm.,12.27776718,5.656787396,6.541645527,2.611967087,39.57714844,70000
3629.485584,SHETLAND GP.,Tryggvason Fm.,12.29018879,7.309660912,8.365317345,2.599846125,35.92113495,70000
3629.637584,SHETLAND GP.,Tryggvason Fm.,12.27902508,10.44478512,11.53358555,2.594539166,33.99158859,70000
3629.789584,SHETLAND GP.,Tryggvason Fm.,12.29934502,11.25973892,12.52821827,2.603778601,33.93845367,70000
3629.941584,SHETLAND GP.,Tryggvason Fm.,12.29494381,9.574953079,9.71168232,2.604859114,36.29421997,70000
3630.093584,SHETLAND GP.,Tryggvason Fm.,12.32178593,4.44306469,4.286557674,2.58689189,37.15058518,70000
3630.245584,SHETLAND GP.,Tryggvason Fm.,12.36539364,2.701607943,2.543386221,2.559308767,38.39336777,70000
3630.397584,SHETLAND GP.,Tryggvason Fm.,12.37746048,1.944045425,1.879739881,2.54380393,38.97448731,65000
3630.549584,SHETLAND GP.,Tryggvason Fm.,12.40462017,1.845771074,1.797494531,2.540153742,40.27249527,65000
3630.701584,SHETLAND GP.,Tryggvason Fm.,12.39512539,1.767707348,1.720777631,2.53962636,40.43505859,65000
3630.853584,SHETLAND GP.,Tryggvason Fm.,12.38109779,1.713648081,1.679817796,2.541855812,41.36458969,65030
3631.005584,SHETLAND GP.,Tryggvason Fm.,12.39904594,1.713978887,1.648677468,2.552989483,39.63884735,65030
3631.157584,SHETLAND GP.,Tryggvason Fm.,12.41209793,1.737399221,1.668115497,2.574683905,41.97940064,65030
3631.309584,SHETLAND GP.,Tryggvason Fm.,12.38953686,1.806850195,1.721227527,2.605956793,42.90313339,65030
3631.461584,SHETLAND GP.,Tryggvason Fm.,12.37332821,1.924522638,1.807989121,2.636765719,47.76427078,65030
3631.613584,SHETLAND GP.,Tryggvason Fm.,12.3558178,1.95919919,1.844809413,2.631159782,49.19347382,65030
3631.765584,SHETLAND GP.,Tryggvason Fm.,12.38386917,1.904791117,1.805325985,2.59975791,53.78038788,65030
3631.917584,SHETLAND GP.,Tryggvason Fm.,12.37688446,1.812330723,1.731887221,2.550878763,57.96450424,65030
3632.069584,SHETLAND GP.,Tryggvason Fm.,12.37319565,1.729788184,1.665299535,2.531766653,62.49517059,65030
3632.221584,SHETLAND GP.,Tryggvason Fm.,12.38339138,1.680074334,1.624645352,2.531382084,61.32987213,65030
3632.373584,SHETLAND GP.,Tryggvason Fm.,12.37608528,1.646261454,1.599535108,2.54792285,59.86410904,65000
3632.525584,SHETLAND GP.,Tryggvason Fm.,12.38395882,1.602574587,1.556784511,2.563532352,58.92273331,65000
3632.677584,SHETLAND GP.,Tryggvason Fm.,12.37290382,1.549726486,1.491016865,2.561824322,59.30450821,65000
3632.829584,SHETLAND GP.,Tryggvason Fm.,12.34319973,1.575471282,1.516287684,2.562095642,58.74522018,65030
3632.981584,SHETLAND GP.,Tryggvason Fm.,12.34221745,1.64113915,1.570588589,2.572732925,57.85681534,65030
3633.133584,SHETLAND GP.,Tryggvason Fm.,12.33811855,1.712355375,1.62971735,2.591362715,55.09338379,65030
3633.285584,SHETLAND GP.,Tryggvason Fm.,12.34632397,1.753546953,1.670237064,2.594521999,53.58882904,65030
3633.437584,SHETLAND GP.,Tryggvason Fm.,12.3241539,1.752726793,1.672320366,2.588700056,54.48465729,65030
3633.589584,SHETLAND GP.,Tryggvason Fm.,12.33845615,1.767940521,1.698566556,2.591248035,53.43484879,65030
3633.741584,SHETLAND GP.,Tryggvason Fm.,12.35315323,1.805837274,1.734725475,2.590823412,49.72328186,65030
3633.893584,SHETLAND GP.,Tryggvason Fm.,12.34923554,1.785802245,1.702854157,2.588948011,50.99841309,65000
3634.045584,SHETLAND GP.,Tryggvason Fm.,12.34576511,1.73309648,1.657153606,2.579794645,53.00608826,65000
3634.197584,SHETLAND GP.,Tryggvason Fm.,12.36410046,1.688805461,1.599774361,2.581197262,58.06208801,65000
3634.349584,SHETLAND GP.,Tryggvason Fm.,12.35554886,1.719961166,1.623142123,2.575520992,54.96977234,65000
3634.501584,SHETLAND GP.,Tryggvason Fm.,12.29210281,1.802302718,1.683140039,2.57178545,53.91719055,65000
3634.653584,SHETLAND GP.,Tryggvason Fm.,12.30140019,1.874356985,1.76444304,2.570619583,47.75792694,65030
3634.805584,SHETLAND GP.,Tryggvason Fm.,12.30140019,1.871760845,1.761388898,2.567738295,46.19804764,65030
3634.957584,SHETLAND GP.,Tryggvason Fm.,12.29918098,1.837162852,1.744429231,2.562257528,45.45132446,65030
3635.109584,SHETLAND GP.,Tryggvason Fm.,12.28411675,1.806839585,1.7253474,2.562669039,47.71830368,65030
3635.261584,SHETLAND GP.,Tryggvason Fm.,12.31246376,1.773598909,1.71857357,2.570936918,50.20794296,65030
3635.413584,SHETLAND GP.,Tryggvason Fm.,12.28740025,1.859514117,1.804046154,2.588030577,52.16702652,65030
3635.565584,SHETLAND GP.,Tryggvason Fm.,12.28773499,2.033720255,1.996325612,2.612836599,54.19203949,65030
3635.717584,SHETLAND GP.,Tryggvason Fm.,12.29187965,2.229623079,2.150933504,2.620748282,53.27770996,65030
3635.869584,SHETLAND GP.,Tryggvason Fm.,12.30140019,2.311009884,2.192272902,2.608486176,51.10593796,65030
3636.021584,SHETLAND GP.,Tryggvason Fm.,12.30015945,2.311321497,2.137970686,2.576617956,48.68961716,65030
3636.173584,SHETLAND GP.,Tryggvason Fm.,12.28917503,2.256263018,2.156172276,2.558274508,50.9186058,65030
3636.325584,SHETLAND GP.,Tryggvason Fm.,12.30772972,2.186644793,2.141247273,2.558041334,51.52334213,65030
3636.477584,SHETLAND GP.,Tryggvason Fm.,12.29860115,2.122991085,2.095677137,2.558636665,54.18946075,65030
3636.629584,SHETLAND GP.,Tryggvason Fm.,12.27040005,2.10507679,2.063797951,2.560972691,51.85359192,65030
3636.781584,SHETLAND GP.,Tryggvason Fm.,12.31271458,2.017329454,2.064212322,2.571697712,53.54264069,65030
3636.933584,SHETLAND GP.,Tryggvason Fm.,12.2794981,2.044888258,2.021679878,2.592760086,51.51232147,65030
3637.085584,SHETLAND GP.,Tryggvason Fm.,12.26708126,2.243412733,2.185035229,2.607490778,47.83335114,65030
3637.237584,SHETLAND GP.,Tryggvason Fm.,12.27397442,2.609855652,2.518007994,2.604024649,46.04627991,65030
3637.389584,SHETLAND GP.,Tryggvason Fm.,12.28049946,3.106680632,2.840432167,2.594693661,42.24080658,65030
3637.541584,SHETLAND GP.,Tryggvason Fm.,12.28049946,3.160401821,2.847411394,2.595029831,42.64441299,65030
3637.693584,SHETLAND GP.,Tryggvason Fm.,12.28008556,3.319387436,2.856574535,2.601854324,38.26624298,65030
3637.845584,SHETLAND GP.,Tryggvason Fm.,12.27310848,3.948969841,3.568996429,2.606133461,38.09296417,65030
3637.997584,SHETLAND GP.,Tryggvason Fm.,12.26697636,5.165682793,4.603046894,2.610987663,35.81468582,70000
3638.149584,SHETLAND GP.,Tryggvason Fm.,12.2735014,6.401334763,5.73242712,2.628531694,36.2353096,70000
3638.301584,SHETLAND GP.,Tryggvason Fm.,12.2738409,11.39537334,10.12875462,2.636226177,35.89808273,70000
3638.453584,SHETLAND GP.,Tryggvason Fm.,12.27953053,9.283892632,9.006603241,2.628033161,38.23934174,70000
3638.605584,SHETLAND GP.,Tryggvason Fm.,12.26055336,6.269609451,6.591050625,2.61000371,38.56223297,70000
3638.757584,SHETLAND GP.,Tryggvason Fm.,12.27989769,3.850340128,4.126527786,2.607004404,38.03781128,70000
3638.909584,SHETLAND GP.,Tryggvason Fm.,12.26769829,2.888034582,3.15728116,2.631502867,37.61549759,70000
3639.061584,SHETLAND GP.,Tryggvason Fm.,12.29466057,2.827009678,2.989570618,2.633422613,44.4920578,70000
3639.213584,SHETLAND GP.,Tryggvason Fm.,12.30213165,2.59938097,2.795994759,2.617204905,50.65089798,65030
3639.365584,SHETLAND GP.,Tryggvason Fm.,12.32237625,2.293657064,2.315869808,2.58097291,55.76517487,65030
3639.517584,SHETLAND GP.,Tryggvason Fm.,12.32466984,2.066935778,2.055148602,2.565287352,51.37099838,65030
3639.669584,SHETLAND GP.,Tryggvason Fm.,12.32696247,1.846377254,1.774059176,2.561710835,51.42236328,65030
3639.821584,SHETLAND GP.,Tryggvason Fm.,12.32903194,1.778776288,1.68936038,2.562428951,50.9891243,65030
3639.973584,SHETLAND GP.,Tryggvason Fm.,12.32199097,1.89678824,1.734597445,2.575898409,51.67020416,65030
3640.125584,SHETLAND GP.,Tryggvason Fm.,12.3077488,2.384281635,2.21685195,2.589250565,50.32307434,65030
3640.277584,SHETLAND GP.,Tryggvason Fm.,12.2808342,2.684186459,2.45658803,2.596669436,45.7522583,65030
3640.429584,SHETLAND GP.,Tryggvason Fm.,12.30096817,2.639376402,2.450302124,2.594767094,42.85417557,65030
3640.581584,SHETLAND GP.,Tryggvason Fm.,12.26996231,2.576281309,2.496411324,2.592432261,39.83488464,65030
3640.733584,SHETLAND GP.,Tryggvason Fm.,12.26679134,2.851257086,2.74893713,2.595222235,41.98971939,65030
3640.885584,SHETLAND GP.,Tryggvason Fm.,12.28736305,2.985928536,2.967832327,2.597585917,44.38906479,65030
3641.037584,SHETLAND GP.,Tryggvason Fm.,12.28058624,2.898155689,2.955101013,2.59499979,46.41090775,70000
3641.189584,SHETLAND GP.,Tryggvason Fm.,12.30830002,2.724057913,2.89124918,2.594889641,49.8699646,70000
3641.341584,SHETLAND GP.,Tryggvason Fm.,12.30830002,2.675068378,2.7161448,2.582916737,52.96247482,65030
3641.493584,SHETLAND GP.,Tryggvason Fm.,12.28747654,2.667726755,2.685511351,2.581903458,50.42023468,65030
3641.645584,SHETLAND GP.,Tryggvason Fm.,12.30814362,2.681992054,2.661580086,2.583289623,45.89998245,65030
3641.797584,SHETLAND GP.,Tryggvason Fm.,12.2738409,2.695765257,2.603075266,2.59310317,42.38305664,65030
3641.949584,SHETLAND GP.,Tryggvason Fm.,12.29069138,2.696986914,2.584222555,2.602585793,46.61912918,65030
3642.101584,SHETLAND GP.,Tryggvason Fm.,12.32185268,2.654515505,2.523575544,2.601517201,47.19628906,65030
3642.253584,SHETLAND GP.,Tryggvason Fm.,12.28125668,2.587229729,2.469088793,2.585789681,45.07791138,65030
3642.405584,SHETLAND GP.,Tryggvason Fm.,12.30097389,2.525558472,2.398254156,2.570218325,44.03392029,65030
3642.557584,SHETLAND GP.,Tryggvason Fm.,12.28771782,2.53338933,2.41654253,2.567456722,44.36807251,65030
3642.709584,SHETLAND GP.,Tryggvason Fm.,12.27384758,2.546178579,2.471117735,2.577638388,46.6648407,65030
3642.861584,SHETLAND GP.,Tryggvason Fm.,12.29040051,2.513573647,2.472305775,2.585281611,45.21082306,65030
3643.013584,SHETLAND GP.,Tryggvason Fm.,12.27064991,2.412795544,2.388483524,2.581236601,45.53082275,65030
3643.165584,SHETLAND GP.,Tryggvason Fm.,12.28015041,2.326171875,2.297441721,2.576266527,46.93583298,65030
3643.317584,SHETLAND GP.,Tryggvason Fm.,12.31406403,2.251061678,2.205380201,2.574074507,47.23330689,65030
3643.469584,SHETLAND GP.,Tryggvason Fm.,12.30856419,2.209238291,2.137632132,2.580254316,47.76382446,65030
3643.621584,SHETLAND GP.,Tryggvason Fm.,12.29497814,2.154507875,2.039546013,2.584621191,46.92575455,65030
3643.773584,SHETLAND GP.,Tryggvason Fm.,12.32107544,2.196944952,2.045917034,2.587763786,49.50761414,65030
3643.925584,SHETLAND GP.,Tryggvason Fm.,12.29568863,2.006706953,1.862119079,2.582653999,53.89822006,65030
3644.077584,SHETLAND GP.,Tryggvason Fm.,12.30106163,1.906904936,1.715030789,2.589822292,58.4139328,65030
3644.229584,SHETLAND GP.,Tryggvason Fm.,12.31125832,1.737382174,1.625067234,2.593612194,59.87169266,65030
3644.381584,SHETLAND GP.,Tryggvason Fm.,12.30196762,1.735958219,1.61463809,2.58954525,59.16386414,65030
3644.533584,SHETLAND GP.,Tryggvason Fm.,12.34082604,1.754603863,1.642690539,2.579302073,58.77643204,65030
3644.685584,SHETLAND GP.,Tryggvason Fm.,12.34319973,1.796160817,1.699821949,2.577288628,56.64948273,65030
3644.837584,SHETLAND GP.,Tryggvason Fm.,12.34319973,1.798606277,1.722981095,2.58207345,53.76223373,65030
3644.989584,SHETLAND GP.,Tryggvason Fm.,12.34319973,1.754101872,1.704388022,2.586700201,51.4873085,65030
3645.141584,SHETLAND GP.,Tryggvason Fm.,12.33014393,1.745591044,1.722957254,2.582337141,55.94051743,65030
3645.293584,SHETLAND GP.,Tryggvason Fm.,12.30975628,1.820183873,1.801895857,2.583953619,57.13196564,65030
3645.445584,SHETLAND GP.,Tryggvason Fm.,12.32127285,1.931152225,1.944370627,2.579281807,58.47266388,65030
3645.597584,SHETLAND GP.,Tryggvason Fm.,12.32230091,2.091254711,2.072019577,2.577143908,52.00980759,65030
3645.749584,SHETLAND GP.,Tryggvason Fm.,12.3158474,2.266055346,2.207446337,2.569532394,50.30154419,65030
3645.901584,SHETLAND GP.,Tryggvason Fm.,12.30251694,2.385472775,2.300044775,2.565037251,45.64596939,65030
3646.053584,SHETLAND GP.,Tryggvason Fm.,12.31415367,2.555435181,2.517660379,2.573690891,45.41479492,65030
3646.205584,SHETLAND GP.,Tryggvason Fm.,12.30259991,3.051428795,2.963671207,2.582358122,43.83225632,65030
3646.357584,SHETLAND GP.,Tryggvason Fm.,12.28235245,3.498246431,3.319044113,2.589114666,41.03282547,70000
3646.509584,SHETLAND GP.,Tryggvason Fm.,12.31213665,3.064404011,3.012891054,2.582245827,38.20044708,70000
3646.661584,SHETLAND GP.,Tryggvason Fm.,12.31530094,2.899214745,2.881355286,2.590114832,36.73276138,70000
3646.813584,SHETLAND GP.,Tryggvason Fm.,12.30274677,3.385794878,3.22531724,2.604185343,40.38148499,70000
3646.965584,SHETLAND GP.,Tryggvason Fm.,12.30761528,3.316805601,3.156567812,2.616228104,47.76550674,70000
3647.117584,SHETLAND GP.,Tryggvason Fm.,12.30830002,2.446100712,2.359745264,2.599161625,58.00525284,70000
3647.269584,SHETLAND GP.,Tryggvason Fm.,12.31457424,2.047097445,1.963072181,2.56698823,60.00173569,70000
3647.421584,SHETLAND GP.,Tryggvason Fm.,12.3463583,1.664919734,1.551035047,2.538331747,62.51596832,70000
3647.573584,SHETLAND GP.,Tryggvason Fm.,12.30675411,1.511574745,1.393195748,2.528001547,62.66091156,65000
3647.725584,SHETLAND GP.,Tryggvason Fm.,12.31063366,1.662577391,1.491075158,2.530207396,60.50275803,65000
3647.877584,SHETLAND GP.,Tryggvason Fm.,12.33030796,2.096599102,1.814877868,2.537330151,58.4756279,65000
3648.029584,SHETLAND GP.,Tryggvason Fm.,12.32960796,2.70630002,2.218553066,2.552862644,52.77675247,65000
3648.181584,SHETLAND GP.,Tryggvason Fm.,12.32313156,2.70723033,2.291669369,2.570721388,52.20527268,65030
3648.333584,SHETLAND GP.,Tryggvason Fm.,12.29168701,2.704142094,2.384747982,2.582373619,48.10289764,65030
3648.485584,SHETLAND GP.,Tryggvason Fm.,12.28740025,2.703787565,2.469831228,2.581862688,46.41313553,70000
3648.637584,SHETLAND GP.,Tryggvason Fm.,12.28137779,2.881275415,2.87412262,2.576451302,36.20410538,70000
3648.789584,SHETLAND GP.,Tryggvason Fm.,12.28049946,3.917000294,4.213924408,2.571268082,32.33911896,70000
3648.941584,SHETLAND GP.,Tryggvason Fm.,12.29254532,7.32258606,8.112840653,2.581951857,29.58574104,70000
3649.093584,SHETLAND GP.,Tryggvason Fm.,12.27633762,7.415219784,11.39134026,2.612567425,22.88374901,70000
3649.245584,SHETLAND GP.,Tryggvason Fm.,12.25548363,5.739257336,7.391217232,2.638047695,22.19756508,70000
3649.397584,SHETLAND GP.,Tryggvason Fm.,12.27654934,4.591474056,4.69672966,2.635133505,21.18865395,70000
3649.549584,SHETLAND GP.,Tryggvason Fm.,12.30429459,3.473824501,3.362447023,2.602944374,24.40398979,70000
3649.701584,SHETLAND GP.,Tryggvason Fm.,12.29045868,2.534244776,2.464650154,2.572687388,35.06752014,70000
3649.853584,SHETLAND GP.,Tryggvason Fm.,12.30817509,2.372933149,2.26308775,2.562610388,45.62052536,70000
3650.005584,SHETLAND GP.,Tryggvason Fm.,12.2852211,2.360017777,2.227961779,2.558712721,50.80504608,65000
3650.157584,SHETLAND GP.,Tryggvason Fm.,12.27458191,2.486023426,2.319646597,2.558791876,46.53346252,65000
3650.309584,SHETLAND GP.,Tryggvason Fm.,12.2735014,2.829486609,2.541874409,2.571629763,42.72286987,65030
3650.461584,SHETLAND GP.,Tryggvason Fm.,12.2735014,3.46655035,3.195117235,2.597794294,38.95965958,65030
3650.613584,SHETLAND GP.,Tryggvason Fm.,12.2735014,3.356122017,3.10926342,2.618902922,38.62800598,65030
3650.765584,SHETLAND GP.,Tryggvason Fm.,12.29679489,2.772179127,2.68773365,2.616923571,42.48855972,65030
3650.917584,SHETLAND GP.,Tryggvason Fm.,12.27526379,2.332135201,2.303691387,2.595422745,47.43272781,65030
3651.069584,SHETLAND GP.,Tryggvason Fm.,12.28444481,2.280291796,2.228566408,2.575194836,51.01943588,70000
3651.221584,SHETLAND GP.,Tryggvason Fm.,12.2989912,2.245316744,2.195681572,2.557577372,48.80929184,70000
3651.373584,SHETLAND GP.,Tryggvason Fm.,12.31862927,2.25050664,2.177117586,2.55253911,45.43009186,70000
3651.525584,SHETLAND GP.,Tryggvason Fm.,12.29937267,2.187146425,2.098402739,2.550867319,41.84469605,65030
3651.677584,SHETLAND GP.,Tryggvason Fm.,12.28866386,2.14001894,2.012567997,2.557565928,42.18447495,65030
3651.829584,SHETLAND GP.,Tryggvason Fm.,12.29884243,2.038078308,1.947691679,2.563267946,44.19435883,65030
3651.981584,SHETLAND GP.,Tryggvason Fm.,12.30140019,2.027250528,1.939045072,2.567949057,47.67243195,65030
3652.133584,SHETLAND GP.,Tryggvason Fm.,12.2957201,2.050697804,1.963619113,2.567663908,49.34854126,65030
3652.285584,SHETLAND GP.,Tryggvason Fm.,12.30847549,2.080918551,2.000828028,2.569826603,49.58646011,65030
3652.437584,SHETLAND GP.,Tryggvason Fm.,12.30897713,2.114487171,2.026368856,2.571367979,49.72790527,65030
3652.589584,SHETLAND GP.,Tryggvason Fm.,12.32792664,2.111045122,2.021449566,2.572404385,47.71564484,65030
3652.741584,SHETLAND GP.,Tryggvason Fm.,12.31876564,2.084734678,2.00366354,2.56643343,48.18530273,65030
3652.893584,SHETLAND GP.,Tryggvason Fm.,12.31530094,2.072094441,1.989661932,2.571764946,49.47057724,65030
3653.045584,SHETLAND GP.,Tryggvason Fm.,12.33193684,2.055434942,1.975319028,2.577480078,53.66372681,65030
3653.197584,SHETLAND GP.,Tryggvason Fm.,12.31405449,2.027549267,1.946423531,2.584850073,51.93697739,65030
3653.349584,SHETLAND GP.,Tryggvason Fm.,12.31383228,1.994590044,1.952501774,2.58894968,48.28741837,65030
3653.501584,SHETLAND GP.,Tryggvason Fm.,12.31530094,1.974110007,1.910137892,2.600626946,45.1931839,65030
3653.653584,SHETLAND GP.,Tryggvason Fm.,12.29888535,2.007727385,1.924738765,2.608312368,46.44739533,65030
3653.805584,SHETLAND GP.,Tryggvason Fm.,12.31624985,2.067315579,1.968202233,2.604901314,48.0594101,65030
3653.957584,SHETLAND GP.,Tryggvason Fm.,12.29504776,2.139565468,2.023490667,2.593604803,49.07289124,65030
3654.109584,SHETLAND GP.,Tryggvason Fm.,12.30364704,2.208550215,2.080976725,2.584036827,53.30280304,65030
3654.261584,SHETLAND GP.,Tryggvason Fm.,12.31372356,2.282636404,2.152991533,2.574275017,52.59282303,65030
3654.413584,SHETLAND GP.,Tryggvason Fm.,12.28841686,2.276315928,2.169659376,2.566051722,51.50456619,65030
3654.565584,SHETLAND GP.,Tryggvason Fm.,12.29120636,2.38832593,2.287270546,2.563606739,46.43631363,65030
3654.717584,SHETLAND GP.,Tryggvason Fm.,12.29440022,2.643630028,2.592759609,2.568614006,48.25040054,65030
3654.869584,SHETLAND GP.,Tryggvason Fm.,12.30502129,3.093558312,2.988216639,2.581967592,49.3889389,65030
3655.021584,SHETLAND GP.,Tryggvason Fm.,12.28711987,3.425962448,3.342413187,2.597713709,50.97813797,65030
3655.173584,SHETLAND GP.,Tryggvason Fm.,12.29637623,3.746536255,3.715200663,2.612970352,49.10676575,65030
3655.325584,SHETLAND GP.,Tryggvason Fm.,12.28559589,4.560339928,4.534358978,2.625900745,47.96131897,70000
3655.477584,SHETLAND GP.,Tryggvason Fm.,12.29624844,6.004763126,5.97844696,2.631311178,46.4333992,70000
3655.629584,SHETLAND GP.,Tryggvason Fm.,12.30921364,6.160327911,6.165729523,2.62699151,44.66630554,70000
3655.781584,SHETLAND GP.,Tryggvason Fm.,12.29352474,4.618974209,4.652050495,2.605376959,46.05993271,70000
3655.933584,SHETLAND GP.,Tryggvason Fm.,12.27702141,3.336717129,3.37150979,2.587498903,48.96529007,70000
3656.085584,SHETLAND GP.,Tryggvason Fm.,12.27870274,2.984900713,2.983366251,2.582882404,51.80657959,70000
3656.237584,SHETLAND GP.,Tryggvason Fm.,12.2856102,2.840589762,2.827582359,2.591783762,50.73811722,70000
3656.389584,SHETLAND GP.,Tryggvason Fm.,12.28230476,2.78297019,2.691977739,2.59832263,49.11839676,70000
3656.541584,SHETLAND GP.,Tryggvason Fm.,12.30354023,2.668324709,2.536374807,2.591181994,49.14577103,70000
3656.693584,SHETLAND GP.,Tryggvason Fm.,12.29905224,2.536350489,2.388220787,2.583730698,49.40203857,65030
3656.845584,SHETLAND GP.,Tryggvason Fm.,12.27914429,2.444073916,2.286445141,2.578814983,48.5568924,65030
3656.997584,SHETLAND GP.,Tryggvason Fm.,12.26847839,2.361952543,2.209921122,2.584295273,47.34215927,65030
3657.149584,SHETLAND GP.,Tryggvason Fm.,12.28168964,2.285905123,2.149183035,2.586727381,48.79181671,65030
3657.301584,SHETLAND GP.,Tryggvason Fm.,12.2824173,2.192121983,2.093264341,2.584894657,49.97203827,65030
3657.453584,SHETLAND GP.,Tryggvason Fm.,12.28049946,2.108984709,2.026913166,2.574560642,50.54715347,65030
3657.605584,SHETLAND GP.,Tryggvason Fm.,12.30294609,2.058485508,1.969667196,2.561405897,49.2960701,65030
3657.757584,SHETLAND GP.,Tryggvason Fm.,12.33424664,2.10325861,2.030245066,2.565491676,49.22673798,65030
3657.909584,SHETLAND GP.,Tryggvason Fm.,12.32830715,2.168384314,2.101487875,2.593683243,48.31499481,65030
3658.061584,SHETLAND GP.,Tryggvason Fm.,12.30251408,2.205953836,2.135829926,2.623941183,46.7612648,65030
3658.213584,SHETLAND GP.,Tryggvason Fm.,12.29192734,2.206599236,2.125437975,2.624358177,46.17405319,65030
3658.365584,SHETLAND GP.,Tryggvason Fm.,12.29336453,2.124104977,2.044861078,2.599762201,46.72516251,65030
3658.517584,SHETLAND GP.,Tryggvason Fm.,12.30661488,2.075778008,1.989671707,2.57851553,45.26939774,65030
3658.669584,SHETLAND GP.,Tryggvason Fm.,12.31913567,2.043272972,1.944091201,2.573090315,45.10444641,65030
3658.821584,SHETLAND GP.,Tryggvason Fm.,12.30775738,1.996650934,1.899326444,2.575157166,45.67281342,65030
3658.973584,SHETLAND GP.,Tryggvason Fm.,12.31104183,1.975304484,1.872944355,2.572909594,47.49721909,65030
3659.125584,SHETLAND GP.,Tryggvason Fm.,12.32013989,1.996827602,1.860017538,2.565692902,45.80794525,65030
3659.277584,SHETLAND GP.,Tryggvason Fm.,12.32230091,1.873444676,1.780878663,2.554775715,47.09641266,65030
3659.429584,SHETLAND GP.,Tryggvason Fm.,12.31510639,1.816300154,1.780729532,2.54825902,49.36736679,65030
3659.581584,SHETLAND GP.,Tryggvason Fm.,12.31419087,2.174233675,2.130810499,2.553283215,50.96670532,65030
3659.733584,SHETLAND GP.,Tryggvason Fm.,12.28446484,2.802889109,2.836827993,2.569678068,49.4852829,65030
3659.885584,SHETLAND GP.,Tryggvason Fm.,12.28652859,3.497809887,3.492068052,2.598352909,47.74740601,70000
3660.037584,SHETLAND GP.,Tryggvason Fm.,12.27092362,4.200009823,4.135572434,2.633555174,46.59211731,70000
3660.189584,SHETLAND GP.,Tryggvason Fm.,12.29704952,4.291507721,4.071209431,2.642374516,46.70134354,70000
3660.341584,SHETLAND GP.,Tryggvason Fm.,12.33399487,3.589600563,3.363835335,2.622807741,48.08063126,70000
3660.493584,SHETLAND GP.,Tryggvason Fm.,12.37111473,2.83062768,2.672355175,2.590526342,48.66086197,70000
3660.645584,SHETLAND GP.,Tryggvason Fm.,12.38500023,2.549592257,2.359951496,2.575644016,48.15359879,70000
3660.797584,SHETLAND GP.,Tryggvason Fm.,12.39882946,2.597153425,2.341695309,2.573999882,47.38111877,70000
3660.949584,SHETLAND GP.,Tryggvason Fm.,12.41275787,2.708316326,2.44302702,2.566284418,46.51177979,65030
3661.101584,SHETLAND GP.,Tryggvason Fm.,12.40486431,2.648495436,2.381108999,2.557831049,45.60991287,65030
3661.253584,SHETLAND GP.,Tryggvason Fm.,12.39661026,2.434658527,2.228743553,2.548568726,44.06456757,65030
3661.405584,SHETLAND GP.,Tryggvason Fm.,12.39312077,2.339280367,2.183120012,2.545551062,45.06612396,65030
3661.557584,SHETLAND GP.,Tryggvason Fm.,12.41454315,2.531547308,2.393568993,2.551350117,47.12415695,65030
3661.709584,SHETLAND GP.,Tryggvason Fm.,12.4177475,2.89016676,2.78857255,2.566520214,49.87270355,70000
3661.861584,SHETLAND GP.,Tryggvason Fm.,12.41279984,3.342334509,3.336050272,2.58683753,51.84770203,70000
3662.013584,SHETLAND GP.,Tryggvason Fm.,12.40838051,3.876825333,4.021876812,2.606056213,50.90564728,70000
3662.165584,SHETLAND GP.,Tryggvason Fm.,12.41477108,4.320364952,4.64824295,2.622172833,48.25371552,70000
3662.317584,SHETLAND GP.,Tryggvason Fm.,12.42717266,4.36187315,4.843271256,2.630270958,47.42995834,70000
3662.469584,SHETLAND GP.,Tryggvason Fm.,12.43874073,4.002245903,4.642613411,2.626730442,47.79922485,70000
3662.621584,SHETLAND GP.,Tryggvason Fm.,12.4503088,3.995922804,4.593278408,2.60917449,48.91175461,70000
3662.773584,SHETLAND GP.,Tryggvason Fm.,12.43715382,4.749209881,5.694174767,2.583028078,46.40403366,70000
3662.925584,SHETLAND GP.,Tryggvason Fm.,12.39628506,4.340143204,4.923719406,2.562657595,43.31796646,70000
3663.077584,SHETLAND GP.,Tryggvason Fm.,12.37363911,3.261790037,3.369494677,2.559005261,42.99329758,70000
3663.229584,SHETLAND GP.,Tryggvason Fm.,12.36672401,2.43121624,2.45147419,2.568023682,45.6191864,65030
3663.381584,SHETLAND GP.,Tryggvason Fm.,12.35762215,2.075973034,2.067954063,2.578252554,46.60990906,65030
3663.533584,SHETLAND GP.,Tryggvason Fm.,12.37290096,2.15482235,2.091489077,2.582376242,45.42439652,65030
3663.685584,SHETLAND GP.,Tryggvason Fm.,12.37220097,2.34313488,2.230506182,2.586658239,44.63792419,70000
3663.837584,SHETLAND GP.,Tryggvason Fm.,12.35136795,2.510596037,2.378321171,2.592085123,46.17538834,70000
3663.989584,SHETLAND GP.,Tryggvason Fm.,12.35587215,2.685576677,2.523144722,2.59769845,46.70848465,70000
3664.141584,SHETLAND GP.,Tryggvason Fm.,12.38512039,2.857762575,2.666221142,2.60650301,46.9131012,70000
3664.293584,SHETLAND GP.,Tryggvason Fm.,12.42826748,3.344479561,3.024680615,2.611422062,47.05617523,70000
3664.445584,SHETLAND GP.,Tryggvason Fm.,12.43930531,4.311731815,3.981579065,2.603926182,45.16505814,70000
3664.597584,SHETLAND GP.,Tryggvason Fm.,12.39839745,4.07520628,3.826847553,2.585838556,43.88337708,70000
3664.749584,SHETLAND GP.,Tryggvason Fm.,12.36832905,3.045884132,2.926560879,2.56877327,44.53456879,65030
3664.901584,SHETLAND GP.,Tryggvason Fm.,12.37645531,2.393336058,2.336654663,2.562231541,48.1435585,65030
3665.053584,SHETLAND GP.,Tryggvason Fm.,12.37881661,2.234826803,2.178145647,2.563054562,49.87438965,65030
3665.205584,SHETLAND GP.,Tryggvason Fm.,12.37655067,2.302570105,2.241760016,2.566342831,50.14453888,65030
3665.357584,SHETLAND GP.,Tryggvason Fm.,12.36378002,2.315577507,2.287666798,2.566892624,51.25887299,65030
3665.509584,SHETLAND GP.,Tryggvason Fm.,12.35969544,2.211254835,2.227800369,2.558494806,51.64944077,65030
3665.661584,SHETLAND GP.,Tryggvason Fm.,12.36410046,2.054984093,2.093488455,2.547217131,50.50191498,65030
3665.813584,SHETLAND GP.,Tryggvason Fm.,12.35208035,1.899188757,1.977309585,2.543230057,48.61218643,65030
3665.965584,SHETLAND GP.,Tryggvason Fm.,12.33124256,1.819367409,1.875079036,2.548721314,45.71384811,65030
3666.117584,SHETLAND GP.,Tryggvason Fm.,12.32822704,1.832793355,1.840044498,2.555948496,43.67890549,65030
3666.269584,SHETLAND GP.,Tryggvason Fm.,12.32679653,1.945414662,1.917805433,2.563225031,44.852211,65030
3666.421584,SHETLAND GP.,Tryggvason Fm.,12.30454731,2.252323389,2.171294689,2.574476481,49.01375198,65030
3666.573584,SHETLAND GP.,Tryggvason Fm.,12.30855465,2.75579524,2.585305452,2.593175411,51.98912811,65030
3666.725584,SHETLAND GP.,Tryggvason Fm.,12.32811642,3.340309382,3.091143608,2.6128757,50.68811035,65030
3666.877584,SHETLAND GP.,Tryggvason Fm.,12.33464909,3.999291897,3.773215056,2.622282505,48.73257446,65030
3667.029584,SHETLAND GP.,Tryggvason Fm.,12.3323164,4.818442822,4.814014912,2.617486477,47.32059479,70000
3667.181584,SHETLAND GP.,Tryggvason Fm.,12.32539463,5.678667069,6.1358037,2.608417749,46.52269745,70000
3667.333584,SHETLAND GP.,Tryggvason Fm.,12.33376694,5.562103748,6.745573044,2.608940601,44.53717423,70000
3667.485584,SHETLAND GP.,Tryggvason Fm.,12.33937454,5.234071255,6.279452801,2.614777327,41.7081604,70000
3667.637584,SHETLAND GP.,Tryggvason Fm.,12.34000874,5.175232887,5.878069401,2.614986658,40.94146347,70000
3667.789584,SHETLAND GP.,Tryggvason Fm.,12.33189297,5.719915867,6.348561764,2.607240677,42.20574951,70000
3667.941584,SHETLAND GP.,Tryggvason Fm.,12.33354473,5.886099339,6.026949883,2.597526789,44.15410233,70000
3668.093584,SHETLAND GP.,Tryggvason Fm.,12.34319973,4.723068714,4.527637482,2.591028214,44.23858643,70000
3668.245584,SHETLAND GP.,Tryggvason Fm.,12.32831574,3.422197819,3.192788124,2.586612701,43.34876251,70000
3668.397584,SHETLAND GP.,Tryggvason Fm.,12.30791569,2.650492907,2.453243256,2.580343723,42.53314209,70000
3668.549584,SHETLAND GP.,Tryggvason Fm.,12.32712078,2.3484447,2.183592558,2.572697163,43.1154213,65030
3668.701584,SHETLAND GP.,Tryggvason Fm.,12.35193729,2.31973815,2.159584999,2.571453095,45.00897217,65030
3668.853584,SHETLAND GP.,Tryggvason Fm.,12.3481617,2.374246836,2.22331357,2.575021029,46.65085983,65030
3669.005584,SHETLAND GP.,Tryggvason Fm.,12.33231926,2.441995859,2.295109749,2.578114033,46.32534027,65030
3669.157584,SHETLAND GP.,Tryggvason Fm.,12.33311653,2.527668476,2.386408806,2.57338953,44.45237351,65030
3669.309584,SHETLAND GP.,Tryggvason Fm.,12.33779717,2.589065313,2.454340696,2.565078974,40.94934082,65030
3669.461584,SHETLAND GP.,Tryggvason Fm.,12.34161282,2.645487785,2.500532627,2.558755636,38.39630508,65030
3669.613584,SHETLAND GP.,Tryggvason Fm.,12.33592224,2.571160793,2.480615854,2.556427956,37.47204208,65030
3669.765584,SHETLAND GP.,Tryggvason Fm.,12.32579804,2.554184675,2.54740572,2.558509827,35.95180893,65030
3669.917584,SHETLAND GP.,Tryggvason Fm.,12.34149456,2.858822107,2.931486368,2.56741333,33.65872955,70000
3670.069584,SHETLAND GP.,Tryggvason Fm.,12.35535526,3.466229916,3.613128662,2.578309059,32.52906036,70000
3670.221584,SHETLAND GP.,Tryggvason Fm.,12.33972263,4.211006641,4.393780232,2.583996296,31.7660141,70000
3670.373584,SHETLAND GP.,Tryggvason Fm.,12.32747078,4.368292809,4.620660782,2.585955381,30.12613297,70000
3670.525584,SHETLAND GP.,Tryggvason Fm.,12.33788776,4.37240839,4.53418541,2.597253084,28.72511101,70000
3670.677584,SHETLAND GP.,Tryggvason Fm.,12.34319973,5.164304256,5.062169075,2.620405674,26.49414825,70000
3670.829584,SHETLAND GP.,Tryggvason Fm.,12.3397789,5.399711132,5.201929092,2.632915258,26.04501534,70000
3670.981584,SHETLAND GP.,Tryggvason Fm.,12.32603264,4.45120573,4.299681187,2.620002747,26.07951355,70000
3671.133584,SHETLAND GP.,Tryggvason Fm.,12.32371235,3.421005964,3.302140236,2.594112396,29.2481823,70000
3671.285584,SHETLAND GP.,Tryggvason Fm.,12.33101845,2.856003761,2.75773406,2.577371836,35.88058853,70000
3671.437584,SHETLAND GP.,Tryggvason Fm.,12.32255459,2.671780109,2.5846169,2.567149162,41.23350906,70000
3671.589584,SHETLAND GP.,Tryggvason Fm.,12.32857704,2.542240143,2.450130463,2.55745101,44.06781006,70000
3671.741584,SHETLAND GP.,Tryggvason Fm.,12.33658028,2.477003098,2.404373407,2.549494028,43.0067482,65030
3671.893584,SHETLAND GP.,Tryggvason Fm.,12.32919979,2.509091616,2.477287293,2.551867247,43.58538818,65030
3672.045584,SHETLAND GP.,Tryggvason Fm.,12.32597446,2.645392656,2.621107817,2.569059849,46.76784515,65030
3672.197584,SHETLAND GP.,Tryggvason Fm.,12.32230091,2.76146698,2.734571934,2.583954096,48.00694275,65030
3672.349584,SHETLAND GP.,Tryggvason Fm.,12.32230091,2.799797535,2.752226591,2.58633852,47.09385681,65030
3672.501584,SHETLAND GP.,Tryggvason Fm.,12.33189583,2.713201761,2.634083033,2.583194256,47.18704987,65030
3672.653584,SHETLAND GP.,Tryggvason Fm.,12.34319973,2.494002342,2.386129618,2.587568998,48.07201767,65030
3672.805584,SHETLAND GP.,Tryggvason Fm.,12.35270119,2.396158218,2.255073071,2.605901003,47.55786133,65030
3672.957584,SHETLAND GP.,Tryggvason Fm.,12.34519291,2.477682114,2.293502092,2.617366552,44.71007538,65030
3673.109584,SHETLAND GP.,Tryggvason Fm.,12.32230091,2.525220871,2.311778784,2.616293669,42.92092133,65030
3673.261584,SHETLAND GP.,Tryggvason Fm.,12.32850266,2.501181364,2.283170939,2.606317282,45.17464066,65030
3673.413584,SHETLAND GP.,Tryggvason Fm.,12.34392452,2.46572423,2.276819229,2.597278357,48.70275116,65030
3673.565584,SHETLAND GP.,Tryggvason Fm.,12.3490057,2.449789047,2.295514345,2.595218897,51.2493515,65030
3673.717584,SHETLAND GP.,Tryggvason Fm.,12.35237026,2.488208294,2.372148514,2.588247061,51.9331665,65030
3673.869584,SHETLAND GP.,Tryggvason Fm.,12.35042191,2.470782518,2.41494751,2.575475693,50.56222153,65030
3674.021584,SHETLAND GP.,Tryggvason Fm.,12.33421612,2.440670967,2.437497854,2.567323446,47.00534821,65030
3674.173584,SHETLAND GP.,Tryggvason Fm.,12.33318234,2.61530757,2.636253119,2.573123217,44.45558167,65030
3674.325584,SHETLAND GP.,Tryggvason Fm.,12.33964634,3.049319744,3.107420206,2.590890884,43.2071228,65030
3674.477584,SHETLAND GP.,Tryggvason Fm.,12.34918022,3.699394941,3.76472044,2.610227108,42.08489227,70000
3674.629584,SHETLAND GP.,Tryggvason Fm.,12.34759617,4.078141689,4.140538693,2.623023987,39.37409592,70000
3674.781584,SHETLAND GP.,Tryggvason Fm.,12.34628391,4.084645748,4.169753552,2.625513554,35.74770737,70000
3674.933584,SHETLAND GP.,Tryggvason Fm.,12.33546829,4.998922348,5.051055908,2.620785475,34.55659866,70000
3675.085584,SHETLAND GP.,Tryggvason Fm.,12.33372402,6.715952396,6.48681736,2.618441582,36.5036583,70000
3675.237584,SHETLAND GP.,Tryggvason Fm.,12.3370266,6.197684765,5.8491292,2.617140055,48.45985031,70000
3675.389584,SHETLAND GP.,Tryggvason Fm.,12.34319973,3.781343937,3.693347454,2.608068943,76.66000366,70000
3675.541584,SHETLAND GP.,Tryggvason Fm.,12.34743881,2.768786669,2.687098265,2.590137482,109.4214325,70000
3675.693584,SHETLAND GP.,Tryggvason Fm.,12.3409338,2.414979458,2.382744312,2.574143887,124.1717682,70000
3675.845584,SHETLAND GP.,Tryggvason Fm.,12.33069134,2.369072199,2.326510906,2.568565607,110.989563,70000
3675.997584,SHETLAND GP.,Tryggvason Fm.,12.33485699,2.336622,2.28416419,2.576528788,83.13103485,65030
3676.149584,SHETLAND GP.,Tryggvason Fm.,12.33472538,2.274334908,2.21850729,2.587619782,61.44408035,65030
3676.301584,SHETLAND GP.,Tryggvason Fm.,12.35773754,2.205556631,2.14934516,2.588920355,51.13424683,65030
3676.453584,SHETLAND GP.,Tryggvason Fm.,12.35593128,2.17291975,2.116206884,2.581634283,47.55640793,65030
3676.605584,SHETLAND GP.,Tryggvason Fm.,12.34319973,2.194756985,2.13027525,2.576622248,44.37830734,65030
3676.757584,SHETLAND GP.,Tryggvason Fm.,12.33512592,2.274812937,2.208526373,2.578547478,41.54844666,65030
3676.909584,SHETLAND GP.,Tryggvason Fm.,12.3329773,2.4055264,2.340903997,2.579534054,40.46025085,65030
3677.061584,SHETLAND GP.,Tryggvason Fm.,12.34746933,2.507860422,2.447439671,2.574565888,40.89100647,65030
3677.213584,SHETLAND GP.,Tryggvason Fm.,12.33790875,2.551136255,2.491492987,2.570208073,40.1399231,65030
3677.365584,SHETLAND GP.,Tryggvason Fm.,12.3266077,2.578917742,2.51334095,2.569229841,36.92336273,65030
3677.517584,SHETLAND GP.,Tryggvason Fm.,12.3183794,2.591987133,2.548709393,2.571322203,35.63235474,65030
3677.669584,SHETLAND GP.,Tryggvason Fm.,12.31824875,2.577761173,2.545618296,2.564053536,34.35656738,65030
3677.821584,SHETLAND GP.,Tryggvason Fm.,12.32280922,2.554626942,2.503186464,2.552506447,34.97780228,65030
3677.973584,SHETLAND GP.,Tryggvason Fm.,12.31307888,2.544290304,2.485923767,2.542700052,36.61939621,65030
3678.125584,SHETLAND GP.,Tryggvason Fm.,12.31403065,2.585832119,2.516798973,2.546146631,39.34358215,65030
3678.277584,SHETLAND GP.,Tryggvason Fm.,12.31806374,2.690185547,2.605989695,2.557383776,38.79515457,65030
3678.429584,SHETLAND GP.,Tryggvason Fm.,12.33169651,2.87539506,2.775722981,2.577479124,35.23135376,65030
3678.581584,SHETLAND GP.,Tryggvason Fm.,12.32386589,3.269303799,3.146267891,2.599403858,31.72882843,70000
3678.733584,SHETLAND GP.,Tryggvason Fm.,12.31242371,3.52124238,3.398703575,2.601240397,30.85388184,70000
3678.885584,SHETLAND GP.,Tryggvason Fm.,12.32661152,3.236784697,3.169253111,2.586997032,31.00886917,70000
3679.037584,SHETLAND GP.,Tryggvason Fm.,12.31408596,2.980234623,2.915525436,2.56846118,31.42573357,70000
3679.189584,SHETLAND GP.,Tryggvason Fm.,12.31541061,3.030220985,2.955197573,2.569712877,30.40034103,65030
3679.341584,SHETLAND GP.,Tryggvason Fm.,12.32230091,3.177142859,3.141233921,2.574785948,29.37987137,65030
3679.493584,SHETLAND GP.,Tryggvason Fm.,12.31755066,3.196151018,3.145215273,2.577608824,29.65335274,65030
3679.645584,SHETLAND GP.,Tryggvason Fm.,12.32004356,2.930341005,2.792804718,2.569987059,31.82062721,65030
3679.797584,SHETLAND GP.,Tryggvason Fm.,12.34319973,2.722030401,2.609407663,2.554636002,32.64793778,65030
3679.949584,SHETLAND GP.,Tryggvason Fm.,12.34319973,2.839804649,2.661112309,2.543101311,31.87650681,65030
3680.101584,SHETLAND GP.,Tryggvason Fm.,12.33403015,3.338164568,3.051408529,2.552724361,32.79445267,65030
3680.253584,SHETLAND GP.,Tryggvason Fm.,12.31530094,4.481199265,3.859862328,2.585811853,34.79970932,70000
3680.405584,SHETLAND GP.,Tryggvason Fm.,12.32652569,5.628658295,4.721535683,2.618125439,36.71900559,70000
3680.557584,SHETLAND GP.,Tryggvason Fm.,12.35234165,5.423044682,4.753280163,2.628477573,38.211586,70000
3680.709584,SHETLAND GP.,Tryggvason Fm.,12.3460331,4.798481941,4.186496735,2.613126993,38.80779266,70000
3680.861584,SHETLAND GP.,Tryggvason Fm.,12.3244791,4.205697537,3.780775309,2.583189726,39.08987808,65030
3681.013584,SHETLAND GP.,Tryggvason Fm.,12.33029556,3.821825266,3.504639864,2.559387922,41.26421738,65030
3681.165584,SHETLAND GP.,Tryggvason Fm.,12.34025574,3.670767546,3.407007933,2.555151463,44.57855606,65030
3681.317584,SHETLAND GP.,Tryggvason Fm.,12.35282707,3.847914934,3.684827805,2.568056583,46.09289932,65030
3681.469584,SHETLAND GP.,Tryggvason Fm.,12.33999538,4.237110138,4.399459839,2.585407972,46.39395142,65030
3681.621584,SHETLAND GP.,Tryggvason Fm.,12.33587551,4.997180462,5.463003159,2.599498749,45.32595062,70000
3681.773584,SHETLAND GP.,Tryggvason Fm.,12.34110642,4.890289784,5.415930271,2.610610962,43.22708511,70000
3681.925584,SHETLAND GP.,Tryggvason Fm.,12.34136391,3.188240767,3.964264631,2.61788249,39.46067047,70000
3682.077584,SHETLAND GP.,Tryggvason Fm.,12.35053635,2.18706274,2.727197409,2.615140915,39.27995682,70000
3682.229584,SHETLAND GP.,Tryggvason Fm.,12.34115696,2.617942095,2.942627907,2.59927249,42.14731598,70000
3682.381584,SHETLAND GP.,Tryggvason Fm.,12.33219147,2.791517258,2.871209145,2.582321882,49.78129959,70000
3682.533584,SHETLAND GP.,Tryggvason Fm.,12.32427502,2.586651564,2.550981045,2.57245636,55.88831711,70000
3682.685584,SHETLAND GP.,Tryggvason Fm.,12.33513355,2.274842501,2.041084051,2.572519541,65.18185425,65030
3682.837584,SHETLAND GP.,Tryggvason Fm.,12.34815598,2.057085276,1.724367499,2.576522589,72.04918671,65030
3682.989584,SHETLAND GP.,Tryggvason Fm.,12.34707737,1.911330462,1.610692382,2.578325272,72.56974793,65030
3683.141584,SHETLAND GP.,Tryggvason Fm.,12.35902882,1.786666632,1.603137732,2.577417135,65.65799713,65030
3683.293584,SHETLAND GP.,Tryggvason Fm.,12.36410046,1.810404182,1.675340891,2.567749977,57.67450714,65030
3683.445584,SHETLAND GP.,Tryggvason Fm.,12.35843563,1.865539789,1.796699405,2.558193684,57.08377838,65030
3683.597584,SHETLAND GP.,Tryggvason Fm.,12.34319973,1.928628564,1.890221119,2.548951149,59.99170303,65030
3683.749584,SHETLAND GP.,Tryggvason Fm.,12.34319973,1.917581439,1.922364235,2.549139023,62.52502823,65030
3683.901584,SHETLAND GP.,Tryggvason Fm.,12.34319973,1.939692855,1.93866992,2.555819511,60.55377197,65030
3684.053584,SHETLAND GP.,Tryggvason Fm.,12.34499645,1.997728229,1.998643756,2.568408012,59.36827087,65030
3684.205584,SHETLAND GP.,Tryggvason Fm.,12.34561539,2.054938793,2.032219172,2.57612586,54.10495758,65030
3684.357584,SHETLAND GP.,Tryggvason Fm.,12.33269978,2.069651842,2.045163393,2.575971127,53.38147736,65030
3684.509584,SHETLAND GP.,Tryggvason Fm.,12.33534622,2.046829701,2.012807131,2.576509714,51.18948746,65030
3684.661584,SHETLAND GP.,Tryggvason Fm.,12.34842014,2.020284414,1.975137115,2.582847357,54.58657074,65030
3684.813584,SHETLAND GP.,Tryggvason Fm.,12.36150169,1.989441752,1.934729934,2.590951681,54.70791245,65030
3684.965584,SHETLAND GP.,Tryggvason Fm.,12.34933949,2.020736218,1.955082297,2.589006424,56.74490738,65030
3685.117584,SHETLAND GP.,Tryggvason Fm.,12.33535481,2.189429283,2.097404957,2.582565546,50.51780701,65030
3685.269584,SHETLAND GP.,Tryggvason Fm.,12.32770252,2.429717064,2.303206444,2.576608658,45.17311478,65030
3685.421584,SHETLAND GP.,Tryggvason Fm.,12.31923866,2.667202473,2.488777399,2.578108072,41.01786423,65030
3685.573584,SHETLAND GP.,Tryggvason Fm.,12.34809589,2.929406881,2.74874115,2.585321665,40.95301056,70000
3685.725584,SHETLAND GP.,Tryggvason Fm.,12.35927773,3.669993162,3.367463827,2.587646008,41.83427429,70000
3685.877584,SHETLAND GP.,Tryggvason Fm.,12.34000111,4.865133762,4.466364384,2.58945179,38.10106659,70000
3686.029584,SHETLAND GP.,Tryggvason Fm.,12.32763863,5.315114021,4.913390636,2.58238864,36.2694931,70000
3686.181584,SHETLAND GP.,Tryggvason Fm.,12.32540894,4.167096615,3.977660894,2.574001312,39.14482117,70000
3686.333584,SHETLAND GP.,Tryggvason Fm.,12.3377409,3.025954247,2.984778166,2.574810267,42.61347199,70000
3686.485584,SHETLAND GP.,Tryggvason Fm.,12.34319973,2.529155493,2.486023426,2.576463699,48.2745018,70000
3686.637584,SHETLAND GP.,Tryggvason Fm.,12.33869362,2.372529745,2.364170551,2.579878807,46.95973587,65030
3686.789584,SHETLAND GP.,Tryggvason Fm.,12.32675266,2.337994576,2.309528351,2.575331211,48.04225922,65030
3686.941584,SHETLAND GP.,Tryggvason Fm.,12.34319973,2.292789459,2.255788565,2.573642016,49.67171478,65030
3687.093584,SHETLAND GP.,Tryggvason Fm.,12.34462929,2.249046564,2.205185413,2.575312853,55.23470688,65030
3687.245584,SHETLAND GP.,Tryggvason Fm.,12.34868527,2.209074974,2.143016815,2.581551075,58.05078125,65030
3687.397584,SHETLAND GP.,Tryggvason Fm.,12.34178066,2.200199604,2.102866411,2.585692406,57.61841583,65030
3687.549584,SHETLAND GP.,Tryggvason Fm.,12.33968258,2.096723318,2.016125441,2.595340014,54.82682419,65030
3687.701584,SHETLAND GP.,Tryggvason Fm.,12.35566425,2.011495829,1.938773751,2.595965624,55.50934601,65030
3687.853584,SHETLAND GP.,Tryggvason Fm.,12.36511135,2.017219305,1.921782374,2.59079051,56.62014008,65030
3688.005584,SHETLAND GP.,Tryggvason Fm.,12.37029934,1.992883444,1.886338234,2.57232976,61.38388825,65030
3688.157584,SHETLAND GP.,Tryggvason Fm.,12.37053871,1.872269154,1.794385433,2.564455032,64.34262085,65030
3688.309584,SHETLAND GP.,Tryggvason Fm.,12.34777832,1.793554187,1.725855351,2.581813097,63.36433411,65030
3688.461584,SHETLAND GP.,Tryggvason Fm.,12.32037163,1.771114111,1.726504087,2.597884655,62.02652359,65030
3688.613584,SHETLAND GP.,Tryggvason Fm.,12.3124361,1.714883924,1.695965886,2.609973908,60.28949356,65030
3688.765584,SHETLAND GP.,Tryggvason Fm.,12.31655312,1.745617867,1.704643011,2.607272625,60.70125961,65030
3688.917584,SHETLAND GP.,Tryggvason Fm.,12.32230091,1.811276794,1.770438433,2.609637022,60.17901611,65030
3689.069584,SHETLAND GP.,Tryggvason Fm.,12.32470703,1.812128305,1.767774344,2.605820894,58.03694916,65030
3689.221584,SHETLAND GP.,Tryggvason Fm.,12.33382511,1.844576478,1.787091851,2.592303991,55.22807694,65030
3689.373584,SHETLAND GP.,Tryggvason Fm.,12.31877708,2.17800951,2.074678659,2.585960388,50.54256821,65030
3689.525584,SHETLAND GP.,Tryggvason Fm.,12.30370903,2.754634857,2.556245804,2.583781719,48.72306442,30000
3689.677584,SHETLAND GP.,Tryggvason Fm.,12.31643868,3.225383043,2.921796084,2.58671999,45.57726288,30000
3689.829584,SHETLAND GP.,Tryggvason Fm.,12.32230091,3.574527025,3.157500029,2.588182449,43.94664764,30000
3689.981584,SHETLAND GP.,Tryggvason Fm.,12.32230091,3.95197463,3.514416695,2.582084417,46.77343369,30000
3690.133584,SHETLAND GP.,Tryggvason Fm.,12.3233738,3.96495676,3.76776433,2.583366871,48.98250198,30000
3690.285584,SHETLAND GP.,Tryggvason Fm.,12.321805,3.615296602,3.654627323,2.5845294,48.46034241,30000
3690.437584,SHETLAND GP.,Tryggvason Fm.,12.2820549,3.547772169,3.574471235,2.600538254,41.49002075,30000
3690.589584,SHETLAND GP.,Tryggvason Fm.,12.29346371,3.562405586,3.69575882,2.615386963,36.17424011,30000
3690.741584,SHETLAND GP.,Tryggvason Fm.,12.31032753,3.50288868,3.688447714,2.618680954,36.32004166,30000
3690.893584,SHETLAND GP.,Tryggvason Fm.,12.32081795,3.101536512,3.21765399,2.600375176,41.79706955,70000
3691.045584,SHETLAND GP.,Tryggvason Fm.,12.31035519,2.35017395,2.478916884,2.573079109,51.99868774,70000
3691.197584,SHETLAND GP.,Tryggvason Fm.,12.30282211,1.752843976,1.825192809,2.554273844,57.97230148,70000
3691.349584,SHETLAND GP.,Tryggvason Fm.,12.3132124,1.765233994,1.798724771,2.546706677,59.73477936,65030
3691.501584,SHETLAND GP.,Tryggvason Fm.,12.31815624,2.171801806,2.183551788,2.554038048,55.43245316,65030
3691.653584,SHETLAND GP.,Tryggvason Fm.,12.29358292,2.753477812,2.694774628,2.570551395,50.78594971,65030
3691.805584,SHETLAND GP.,Tryggvason Fm.,12.31443596,3.104670048,2.972914934,2.588095188,45.58782196,65030
3691.957584,SHETLAND GP.,Tryggvason Fm.,12.33269978,3.120729446,2.896610022,2.593792439,46.75896454,70000
3692.109584,SHETLAND GP.,Tryggvason Fm.,12.33397389,3.185097456,3.130171776,2.590442658,46.97264862,70000
3692.261584,SHETLAND GP.,Tryggvason Fm.,12.33745575,3.176990748,3.165744305,2.592823982,48.15283203,70000
3692.413584,SHETLAND GP.,Tryggvason Fm.,12.29762173,3.503997564,3.541043282,2.598481417,44.21678162,70000
3692.565584,SHETLAND GP.,Tryggvason Fm.,12.31993485,3.588666201,3.892236471,2.605898142,42.38101959,70000
3692.717584,SHETLAND GP.,Tryggvason Fm.,12.30371475,2.495898485,2.484461308,2.604269266,40.83091736,70000
3692.869584,SHETLAND GP.,Tryggvason Fm.,12.32453919,2.685809374,2.492566824,2.596390009,42.24902725,65030
3693.021584,SHETLAND GP.,Tryggvason Fm.,12.34173203,3.308391333,3.148461819,2.585387945,48.82449722,65030
3693.173584,SHETLAND GP.,Tryggvason Fm.,12.32849217,3.311991215,3.046483517,2.57732296,50.54088211,65030
3693.325584,SHETLAND GP.,Tryggvason Fm.,12.32089615,2.608453512,2.397859097,2.576053381,48.64823914,65030
3693.477584,SHETLAND GP.,Tryggvason Fm.,12.30864239,2.457987309,2.288742781,2.587163687,40.34481049,65030
3693.629584,SHETLAND GP.,Tryggvason Fm.,12.31376934,2.611951351,2.3971169,2.594303608,37.68340302,30000
3693.781584,SHETLAND GP.,Tryggvason Fm.,12.32885647,2.863194227,2.601027012,2.594527721,34.79912186,30000
3693.933584,SHETLAND GP.,Tryggvason Fm.,12.29371643,3.063032627,2.773236513,2.587061405,38.7119484,30000
3694.085584,SHETLAND GP.,Tryggvason Fm.,12.31986523,3.195352554,2.903582335,2.589485645,42.32155991,30000
3694.237584,SHETLAND GP.,Tryggvason Fm.,12.29614639,3.288589001,2.99820447,2.598343611,43.05628586,30000
3694.389584,SHETLAND GP.,Tryggvason Fm.,12.3147316,3.380045891,2.986534357,2.605066776,38.76369858,30000
3694.541584,SHETLAND GP.,Tryggvason Fm.,12.30995178,3.401515484,3.02828002,2.600367069,38.39112473,30000
3694.693584,SHETLAND GP.,Tryggvason Fm.,12.3278656,3.133684397,3.029138327,2.588725567,42.1988411,30000
3694.845584,SHETLAND GP.,Tryggvason Fm.,12.31256676,2.9766047,2.930642843,2.579086304,42.80591202,30000
3694.997584,SHETLAND GP.,Tryggvason Fm.,12.32230091,2.752887249,2.738225937,2.574845552,42.6053009,65030
3695.149584,SHETLAND GP.,Tryggvason Fm.,12.32015228,2.459552288,2.43503046,2.571650505,44.81310654,65030
3695.301584,SHETLAND GP.,Tryggvason Fm.,12.29090023,2.127039433,2.140233517,2.574143171,47.02091599,65030
3695.453584,SHETLAND GP.,Tryggvason Fm.,12.2929039,2.267425776,2.277715683,2.581708193,49.14424133,65030
3695.605584,SHETLAND GP.,Tryggvason Fm.,12.32145977,2.885984659,2.875854969,2.601188183,49.60980225,65030
3695.757584,SHETLAND GP.,Tryggvason Fm.,12.30870438,3.444326401,3.438923597,2.605272293,43.51923752,65030
3695.909584,SHETLAND GP.,Tryggvason Fm.,12.31530094,3.033628941,3.039750338,2.597700119,38.60536194,65030
3696.061584,SHETLAND GP.,Tryggvason Fm.,12.31567287,2.619374275,2.684637308,2.587393761,38.71786881,65030
3696.213584,SHETLAND GP.,Tryggvason Fm.,12.3209219,2.763872862,2.849144459,2.585583925,43.14437485,65030
3696.365584,SHETLAND GP.,Tryggvason Fm.,12.29571629,3.183170795,3.324444294,2.58718586,45.75975037,65030
3696.517584,SHETLAND GP.,Tryggvason Fm.,12.32230091,3.770387173,3.927718163,2.586886644,42.94581986,70000
3696.669584,SHETLAND GP.,Tryggvason Fm.,12.32185364,4.490920544,4.644657135,2.586723566,42.3197937,70000
3696.821584,SHETLAND GP.,Tryggvason Fm.,12.31180096,5.280696392,5.128330708,2.589433909,38.23195648,70000
3696.973584,SHETLAND GP.,Tryggvason Fm.,12.31180096,5.982829571,5.355066776,2.587452889,34.71229935,70000
3697.125584,SHETLAND GP.,Tryggvason Fm.,12.31287766,6.705770969,6.073534489,2.578200579,33.46893311,70000
3697.277584,SHETLAND GP.,Tryggvason Fm.,12.34253025,5.992203236,5.654962063,2.575095892,35.70830536,70000
3697.429584,SHETLAND GP.,Tryggvason Fm.,12.32230091,4.851632118,4.610996246,2.565790176,39.63924027,70000
3697.581584,SHETLAND GP.,Tryggvason Fm.,12.32247925,3.806997538,3.703132153,2.561873674,41.04776764,30000
3697.733584,SHETLAND GP.,Tryggvason Fm.,12.32919979,3.147825241,3.076094151,2.549566746,43.59560776,30000
3697.885584,SHETLAND GP.,Tryggvason Fm.,12.32919979,2.94281888,2.903015614,2.548324108,41.94960403,30000
3698.037584,SHETLAND GP.,Tryggvason Fm.,12.32866859,2.958233357,2.92750597,2.554175615,44.03875351,30000
3698.189584,SHETLAND GP.,Tryggvason Fm.,12.30140019,3.000684977,2.974375963,2.563464403,43.54883194,30000
3698.341584,SHETLAND GP.,Tryggvason Fm.,12.30140019,2.980291843,2.99868083,2.580455542,44.87481308,30000
3698.493584,SHETLAND GP.,Tryggvason Fm.,12.30162525,2.972206593,3.004786015,2.577065468,45.63452148,65030
3698.645584,SHETLAND GP.,Tryggvason Fm.,12.32235909,2.982143879,3.003716707,2.573854923,49.17534256,65030
3698.797584,SHETLAND GP.,Tryggvason Fm.,12.32913494,2.999139786,3.02919507,2.568634272,46.31882095,65030
3698.949584,SHETLAND GP.,Tryggvason Fm.,12.3152504,3.050403118,3.070845842,2.576010466,48.02375031,65030
3699.101584,SHETLAND GP.,Tryggvason Fm.,12.29440403,3.051690102,3.0482862,2.580399513,43.9282074,65030
3699.253584,SHETLAND GP.,Tryggvason Fm.,12.32224178,2.981548548,2.951704502,2.576308489,48.16641998,65030
3699.405584,SHETLAND GP.,Tryggvason Fm.,12.30152512,2.770365953,2.728935242,2.568049669,51.06884384,65030
3699.557584,SHETLAND GP.,Tryggvason Fm.,12.32212925,2.575903177,2.524683714,2.56304121,48.45037079,65030
3699.709584,SHETLAND GP.,Tryggvason Fm.,12.30161953,2.467828274,2.416924238,2.560427189,46.31914902,65030
3699.861584,SHETLAND GP.,Tryggvason Fm.,12.30821228,2.56670928,2.476911306,2.561091185,41.53219223,65030
3700.013584,SHETLAND GP.,Tryggvason Fm.,12.3220911,2.623553991,2.530200481,2.559720993,46.70647812,65030
3700.165584,SHETLAND GP.,Tryggvason Fm.,12.31543255,2.532660246,2.44338131,2.56352663,54.29462814,65030
3700.317584,SHETLAND GP.,Tryggvason Fm.,12.32890606,2.536479712,2.484575272,2.57407403,51.83701706,65030
3700.469584,SHETLAND GP.,Tryggvason Fm.,12.33261776,2.93281889,2.859549284,2.579085589,53.52799606,65030
3700.621584,SHETLAND GP.,Tryggvason Fm.,12.34293079,3.475087404,3.426328659,2.570430517,45.16115189,65030
3700.773584,SHETLAND GP.,Tryggvason Fm.,12.33640575,4.620095253,4.50425005,2.559232712,40.39418411,65030
3700.925584,SHETLAND GP.,Tryggvason Fm.,12.33619976,6.06379652,5.949188709,2.556963205,35.14515686,70000
3701.077584,SHETLAND GP.,Tryggvason Fm.,12.31601143,5.156942844,5.102334976,2.56665659,37.36738968,70000
3701.229584,SHETLAND GP.,Tryggvason Fm.,12.31530094,3.791504145,3.783625364,2.566518068,44.34487915,70000
3701.381584,SHETLAND GP.,Tryggvason Fm.,12.31194115,3.313838005,3.310806036,2.567555904,46.1482811,30000
3701.533584,SHETLAND GP.,Tryggvason Fm.,12.3218565,3.154079199,3.167459011,2.563961029,44.62676621,30000
3701.685584,SHETLAND GP.,Tryggvason Fm.,12.32230091,3.014811993,3.02365756,2.559978485,39.36911392,30000
3701.837584,SHETLAND GP.,Tryggvason Fm.,12.32230091,2.992587805,3.005190849,2.553128004,36.93586731,30000
3701.989584,SHETLAND GP.,Tryggvason Fm.,12.32230091,3.373380423,3.38503933,2.55270505,33.9121933,30000
3702.141584,SHETLAND GP.,Tryggvason Fm.,12.30904102,3.854804516,3.865362883,2.567379952,34.68282318,30000
3702.293584,SHETLAND GP.,Tryggvason Fm.,12.32152748,3.954951525,3.931062698,2.583127022,34.22734833,30000
3702.445584,SHETLAND GP.,Tryggvason Fm.,12.3419981,3.938471079,3.895982981,2.595875502,32.49217224,30000
3702.597584,SHETLAND GP.,Tryggvason Fm.,12.32355022,3.962774277,3.901973963,2.606096268,31.95070267,30000
3702.749584,SHETLAND GP.,Tryggvason Fm.,12.31246758,4.113299847,3.988187552,2.60782361,32.59631729,30000
3702.901584,SHETLAND GP.,Tryggvason Fm.,12.33132267,4.332922459,4.197544098,2.599960089,35.09630203,30000
3703.053584,SHETLAND GP.,Tryggvason Fm.,12.35217571,4.242306709,4.13558054,2.585515261,33.9001236,30000
3703.205584,SHETLAND GP.,Tryggvason Fm.,12.3245039,3.93721962,3.858090878,2.576319456,35.04306793,30000
3703.357584,SHETLAND GP.,Tryggvason Fm.,12.34165001,3.637866736,3.606682301,2.572737217,35.9027977,30000
3703.509584,SHETLAND GP.,Tryggvason Fm.,12.31743527,3.391292095,3.401747704,2.562618733,37.69878006,30000
3703.661584,SHETLAND GP.,Tryggvason Fm.,12.31207657,3.18016243,3.233467579,2.553693056,39.45779038,30000
3703.813584,SHETLAND GP.,Tryggvason Fm.,12.33100605,3.110767126,3.148352146,2.543166876,42.78134537,30000
3703.965584,SHETLAND GP.,Tryggvason Fm.,12.32316685,3.123976231,3.166659832,2.54385829,46.99795151,30000
3704.117584,SHETLAND GP.,Tryggvason Fm.,12.34138107,3.155911446,3.19510293,2.554316998,46.65230942,30000
3704.269584,SHETLAND GP.,Tryggvason Fm.,12.33682537,3.355126143,3.37598753,2.56185627,43.42887116,30000
3704.421584,SHETLAND GP.,Tryggvason Fm.,12.32357502,3.531544209,3.565541029,2.570584297,38.67209244,30000
3704.573584,SHETLAND GP.,Tryggvason Fm.,12.35383225,3.661023855,3.674777508,2.57466197,38.37571335,30000
3704.725584,SHETLAND GP.,Tryggvason Fm.,12.33192349,3.786861897,3.80973196,2.586911678,34.88563156,30000
3704.877584,SHETLAND GP.,Tryggvason Fm.,12.34179974,4.046693325,4.084652901,2.590090036,37.51322174,30000
3705.029584,SHETLAND GP.,Blodoeks Fm.,12.33063126,4.195033073,4.24279213,2.588235378,39.55603027,30000
3705.181584,SHETLAND GP.,Blodoeks Fm.,12.34173584,4.077435494,4.162580967,2.582985401,43.0674057,30000
3705.333584,SHETLAND GP.,Blodoeks Fm.,12.34319973,4.10294342,4.135447979,2.573928118,44.11175156,30000
3705.485584,SHETLAND GP.,Blodoeks Fm.,12.32461357,4.138760567,4.148530006,2.561961174,40.97935486,30000
3705.637584,SHETLAND GP.,Blodoeks Fm.,12.32230091,4.30218792,4.296060562,2.559713125,41.09500885,30000
3705.789584,SHETLAND GP.,Blodoeks Fm.,12.32840538,4.516013622,4.539701939,2.574819326,36.59361267,30000
3705.941584,SHETLAND GP.,Blodoeks Fm.,12.33228874,5.440723896,5.43586874,2.59277463,36.51586151,70000
3706.093584,SHETLAND GP.,Blodoeks Fm.,12.31740761,6.491081715,6.475904942,2.597712517,37.09920502,70000
3706.245584,SHETLAND GP.,Blodoeks Fm.,12.32143593,5.571926594,5.573718548,2.600904703,36.31396866,70000
3706.397584,SHETLAND GP.,Blodoeks Fm.,12.34057045,4.493444443,4.510770321,2.605146408,39.63312912,70000
3706.549584,SHETLAND GP.,Blodoeks Fm.,12.34921646,4.133577824,4.111883164,2.615727425,41.61381531,70000
3706.701584,SHETLAND GP.,Blodoeks Fm.,12.35313892,4.101875782,4.061672688,2.619718075,43.04640579,70000
3706.853584,SHETLAND GP.,Blodoeks Fm.,12.32649994,4.021058083,3.961467981,2.625814438,42.99924851,65030
3707.005584,SHETLAND GP.,Blodoeks Fm.,12.32825851,3.959794283,3.869168997,2.62100029,41.99956131,65030
3707.157584,SHETLAND GP.,Blodoeks Fm.,12.35021591,3.863728285,3.783184767,2.612606287,45.46140671,65030
3707.309584,SHETLAND GP.,Blodoeks Fm.,12.34467983,3.782857418,3.706544399,2.595361233,47.67522812,65030
3707.461584,SHETLAND GP.,Blodoeks Fm.,12.34910011,3.600929737,3.699391842,2.587397575,48.25318909,65030
3707.613584,SHETLAND GP.,Blodoeks Fm.,12.35308456,3.633071184,3.850801706,2.578567505,46.11021805,65030
3707.765584,SHETLAND GP.,Blodoeks Fm.,12.35062218,3.84912777,4.231879711,2.578731298,46.24255753,65030
3707.917584,SHETLAND GP.,Blodoeks Fm.,12.35603905,4.361088753,4.747011185,2.573824644,48.11994171,65030
3708.069584,SHETLAND GP.,Blodoeks Fm.,12.32770062,5.144011974,5.633780479,2.576448202,47.36003494,65030
3708.221584,SHETLAND GP.,Blodoeks Fm.,12.35161305,6.200438976,6.645601273,2.57322526,46.13955689,65030
3708.373584,SHETLAND GP.,Blodoeks Fm.,12.33660221,8.61961174,10.15361786,2.582328796,41.48283386,70000
3708.525584,SHETLAND GP.,Blodoeks Fm.,12.30647659,9.816627502,12.26247978,2.591572762,39.66486359,70000
3708.677584,SHETLAND GP.,Blodoeks Fm.,12.33043098,6.78273201,8.207557678,2.605680227,38.06024933,70000
3708.829584,SHETLAND GP.,Blodoeks Fm.,12.34202194,4.29751873,5.007208347,2.622837782,39.82947159,70000
3708.981584,SHETLAND GP.,Blodoeks Fm.,12.32005978,3.240221739,3.648509502,2.612114191,39.91595841,70000
3709.133584,SHETLAND GP.,Blodoeks Fm.,12.32969284,2.8985641,3.222629786,2.593169928,41.7610054,65030
3709.285584,SHETLAND GP.,Blodoeks Fm.,12.32413483,2.739877462,2.996436834,2.562373877,44.19926834,65030
3709.437584,SHETLAND GP.,Blodoeks Fm.,12.3451252,2.500848293,2.745669127,2.549931526,49.14067459,65030
3709.589584,SHETLAND GP.,Blodoeks Fm.,12.33585262,2.214698315,2.325986862,2.545224905,51.38950729,65030
3709.741584,SHETLAND GP.,Blodoeks Fm.,12.30142593,2.061590672,2.084498882,2.542131901,54.1602211,65030
3709.893584,SHETLAND GP.,Blodoeks Fm.,12.32558727,1.841144562,1.820308447,2.539971352,54.88614273,65000
3710.045584,SHETLAND GP.,Blodoeks Fm.,12.33269978,1.710872173,1.697665572,2.53400588,58.19933319,65000
3710.197584,SHETLAND GP.,Blodoeks Fm.,12.32987118,1.662956119,1.648064613,2.526396275,59.27997971,65000
3710.349584,SHETLAND GP.,Blodoeks Fm.,12.32363987,1.702398896,1.677514315,2.521837473,60.85297012,65000
3710.501584,SHETLAND GP.,Blodoeks Fm.,12.33065796,1.777311206,1.753365278,2.52359128,55.94645691,65000
3710.653584,SHETLAND GP.,Blodoeks Fm.,12.32437897,1.872032881,1.861074805,2.53212142,52.87324905,65000
3710.805584,SHETLAND GP.,Blodoeks Fm.,12.30563164,2.026985169,1.984870195,2.547738075,47.52045441,65000
3710.957584,SHETLAND GP.,Blodoeks Fm.,12.32629299,2.18878603,2.1589818,2.55788064,47.20359039,65000
3711.109584,SHETLAND GP.,Blodoeks Fm.,12.32445335,2.369422674,2.335268259,2.557776213,47.26765442,65030
3711.261584,SHETLAND GP.,Blodoeks Fm.,12.33880138,2.548139572,2.543809652,2.555721045,49.97883987,65030
3711.413584,SHETLAND GP.,Blodoeks Fm.,12.32675362,2.705034018,2.734672785,2.552939177,49.50272369,65030
3711.565584,SHETLAND GP.,Blodoeks Fm.,12.3168087,2.698480368,2.726976872,2.553006172,49.49565125,65030
3711.717584,SHETLAND GP.,Blodoeks Fm.,12.31256294,2.575680494,2.618802071,2.546314716,49.41102219,65030
3711.869584,SHETLAND GP.,Blodoeks Fm.,12.31999302,2.484896183,2.515532732,2.543229818,51.05734253,65030
3712.021584,SHETLAND GP.,Blodoeks Fm.,12.31414604,2.477109194,2.469357729,2.545618296,49.16352081,65030
3712.173584,SHETLAND GP.,Blodoeks Fm.,12.32526875,2.445564985,2.42452693,2.544232845,47.05744553,65030
3712.325584,SHETLAND GP.,Blodoeks Fm.,12.31577206,2.343912125,2.305218697,2.536808252,47.04410934,65030
3712.477584,SHETLAND GP.,Blodoeks Fm.,12.31988049,2.226688385,2.183703899,2.533799648,51.71508408,65030
3712.629584,SHETLAND GP.,Blodoeks Fm.,12.31157589,2.12263608,2.075469732,2.543228865,56.06780624,65030
3712.781584,SHETLAND GP.,Blodoeks Fm.,12.3189888,2.034286261,1.978381276,2.555742741,57.40922546,65030
3712.933584,SHETLAND GP.,Blodoeks Fm.,12.32755184,2.044113398,1.97990036,2.562886238,55.8431015,65030
3713.085584,SHETLAND GP.,Blodoeks Fm.,12.31333923,2.11861372,2.045152187,2.564124107,52.04878235,65030
3713.237584,SHETLAND GP.,Blodoeks Fm.,12.31094456,2.135069609,2.047786951,2.560322762,50.14153671,65030
3713.389584,SHETLAND GP.,Blodoeks Fm.,12.30916596,2.079800606,1.994220734,2.54667902,48.93523026,65030
3713.541584,SHETLAND GP.,Blodoeks Fm.,12.3188076,2.036957264,1.963739753,2.543275356,50.76935196,65030
3713.693584,SHETLAND GP.,Blodoeks Fm.,12.32230091,2.006376505,1.934207082,2.545819759,52.64263535,65030
3713.845584,SHETLAND GP.,Blodoeks Fm.,12.33265305,1.986014605,1.911971808,2.552782059,53.17434692,65030
3713.997584,SHETLAND GP.,Blodoeks Fm.,12.34139442,1.944714904,1.869646907,2.549333811,49.74186707,65030
3714.149584,SHETLAND GP.,Blodoeks Fm.,12.32773686,1.895422936,1.814203739,2.549323797,47.7258873,65000
3714.301584,SHETLAND GP.,Blodoeks Fm.,12.30688381,1.812081337,1.738296866,2.543287516,50.02013779,65000
3714.453584,SHETLAND GP.,Blodoeks Fm.,12.30904865,1.780969858,1.707922459,2.537958384,56.85377121,65000
3714.605584,SHETLAND GP.,Blodoeks Fm.,12.30418778,1.843870997,1.76504004,2.540120602,62.4397583,65000
3714.757584,SHETLAND GP.,Blodoeks Fm.,12.30898476,1.945075631,1.857037067,2.554135323,61.46720123,65030
3714.909584,SHETLAND GP.,Blodoeks Fm.,12.3092556,1.991030216,1.919205308,2.565443039,57.60178757,65030
3715.061584,SHETLAND GP.,Blodoeks Fm.,12.30329895,1.954449296,1.894460321,2.558115721,54.02576065,65030
3715.213584,SHETLAND GP.,Blodoeks Fm.,12.30890274,1.9399755,1.901251793,2.546176672,50.67523575,65030
3715.365584,SHETLAND GP.,Blodoeks Fm.,12.30928516,1.973470092,1.94744432,2.53559804,50.47371674,65030
3715.517584,SHETLAND GP.,Blodoeks Fm.,12.32327271,2.022620678,2.040171146,2.536281824,50.77299118,65030
3715.669584,SHETLAND GP.,Blodoeks Fm.,12.31677437,2.065707922,2.046362639,2.537342787,52.20661926,65030
3715.821584,SHETLAND GP.,Blodoeks Fm.,12.31926346,2.052324295,2.016030788,2.535209894,51.44756699,65030
3715.973584,SHETLAND GP.,Blodoeks Fm.,12.31238842,2.070166588,2.001752615,2.529443979,50.31560135,65030
3716.125584,SHETLAND GP.,Blodoeks Fm.,12.31077099,2.133855581,2.048561811,2.53128171,51.11319351,65030
3716.277584,SHETLAND GP.,Blodoeks Fm.,12.31918812,2.286029339,2.144726276,2.543593168,49.54468155,65030
3716.429584,SHETLAND GP.,Blodoeks Fm.,12.32959271,2.563575268,2.420212507,2.561984539,46.41534042,65030
3716.581584,SHETLAND GP.,Blodoeks Fm.,12.32055759,2.928685188,2.818361759,2.574669361,42.70025635,65030
3716.733584,SHETLAND GP.,Blodoeks Fm.,12.31286812,2.639049053,2.586973906,2.575166941,39.6140976,65030
3716.885584,SHETLAND GP.,Blodoeks Fm.,12.31422615,2.205653429,2.247235775,2.556015968,38.63933945,65030
3717.037584,SHETLAND GP.,Blodoeks Fm.,12.32489967,2.094050407,2.107490301,2.531701565,37.4469986,65030
3717.189584,SHETLAND GP.,Blodoeks Fm.,12.31964779,2.076900005,2.055671454,2.527217865,41.03947067,65030
3717.341584,SHETLAND GP.,Blodoeks Fm.,12.3200922,2.154225826,2.107690334,2.542258501,45.13542557,30000
3717.493584,SHETLAND GP.,Blodoeks Fm.,12.3365593,2.316335917,2.23415184,2.556036472,48.39532471,30000
3717.645584,SHETLAND GP.,Blodoeks Fm.,12.32422924,2.324404955,2.23472476,2.550523996,48.63768387,30000
3717.797584,SHETLAND GP.,Blodoeks Fm.,12.31530094,2.216516018,2.141433954,2.536488533,49.7843132,30000
3717.949584,SHETLAND GP.,Blodoeks Fm.,12.32702541,2.069662809,2.009255648,2.530317307,49.85272217,30000
3718.101584,SHETLAND GP.,Blodoeks Fm.,12.32571602,1.977164149,1.94977653,2.53356266,50.07320786,30000
3718.253584,SHETLAND GP.,Blodoeks Fm.,12.33628941,1.937086105,1.92820394,2.53683877,47.32631683,65000
3718.405584,SHETLAND GP.,Blodoeks Fm.,12.32925797,1.8912431,1.959725738,2.536165714,47.51816559,65000
3718.557584,SHETLAND GP.,Blodoeks Fm.,12.31533146,1.857900262,1.884777188,2.535765648,49.91786957,65000
3718.709584,SHETLAND GP.,Blodoeks Fm.,12.33255482,1.782018185,1.755730629,2.53894043,52.26178742,65000
3718.861584,SHETLAND GP.,Blodoeks Fm.,12.32943344,1.689922094,1.645064831,2.542608023,51.28252029,65000
3719.013584,SHETLAND GP.,Blodoeks Fm.,12.34055042,1.610145211,1.548379064,2.535887957,51.30208206,65000
3719.165584,SHETLAND GP.,Blodoeks Fm.,12.33873463,1.549412489,1.478942514,2.522720814,53.93022919,65000
3719.317584,SHETLAND GP.,Blodoeks Fm.,12.34401608,1.513800383,1.443716526,2.512632132,58.07704163,65000
3719.469584,SHETLAND GP.,Blodoeks Fm.,12.35236836,1.517267585,1.448332429,2.513883114,60.75647354,65000
3719.621584,SHETLAND GP.,Blodoeks Fm.,12.3423624,1.524716616,1.462339759,2.522235394,59.27394104,65000
3719.773584,SHETLAND GP.,Blodoeks Fm.,12.33619976,1.571457267,1.518183231,2.529069662,53.28487015,65000
3719.925584,SHETLAND GP.,Blodoeks Fm.,12.32059097,1.742583156,1.695837736,2.538548708,47.04983902,65000
3720.077584,SHETLAND GP.,Blodoeks Fm.,12.33181667,2.020041227,1.986524582,2.547453642,44.09510422,65030
3720.229584,SHETLAND GP.,Blodoeks Fm.,12.32992458,2.171572924,2.166388035,2.557786226,45.17230606,65030
3720.381584,SHETLAND GP.,Blodoeks Fm.,12.33552933,2.233120918,2.264510155,2.559351683,46.23577499,65030
3720.533584,SHETLAND GP.,Blodoeks Fm.,12.34319973,2.292111397,2.351579666,2.555685043,46.30078507,65030
3720.685584,SHETLAND GP.,Blodoeks Fm.,12.33009911,2.347863197,2.450891972,2.550926924,47.12471771,65030
3720.837584,SHETLAND GP.,Blodoeks Fm.,12.33535385,2.439653158,2.536983252,2.553734303,48.18077087,65030
3720.989584,SHETLAND GP.,Blodoeks Fm.,12.34749413,2.54265523,2.56912756,2.570018053,47.89234543,65030
3721.141584,SHETLAND GP.,Blodoeks Fm.,12.35009956,2.624417067,2.579171896,2.585095644,50.26060867,65030
3721.293584,SHETLAND GP.,Blodoeks Fm.,12.33722115,2.72926569,2.629554749,2.588845491,53.37537384,65030
3721.445584,SHETLAND GP.,Blodoeks Fm.,12.3506279,2.960652113,2.728353024,2.584939003,50.87308502,70000
3721.597584,SHETLAND GP.,Blodoeks Fm.,12.35553646,3.436968088,3.154777765,2.589123011,45.65149307,70000
3721.749584,SHETLAND GP.,Blodoeks Fm.,12.3755331,4.034957409,3.743661404,2.595329523,42.60688019,70000
3721.901584,SHETLAND GP.,Blodoeks Fm.,12.38769054,3.648480177,3.483138084,2.588040113,43.89115143,70000
3722.053584,SHETLAND GP.,Blodoeks Fm.,12.38075638,2.805505991,2.762777805,2.563575983,46.37101746,70000
3722.205584,SHETLAND GP.,Blodoeks Fm.,12.39056206,2.232166529,2.225855112,2.537675858,48.25912476,70000
3722.357584,SHETLAND GP.,Blodoeks Fm.,12.3780613,1.864349842,1.863499999,2.523310661,50.70705032,70000
3722.509584,SHETLAND GP.,Blodoeks Fm.,12.3806572,1.685519815,1.688962698,2.51630497,51.77667999,65000
3722.661584,SHETLAND GP.,Blodoeks Fm.,12.38780975,1.708538175,1.713385582,2.517615557,50.75392914,65000
3722.813584,SHETLAND GP.,Blodoeks Fm.,12.38500023,1.797664642,1.756289363,2.529252052,50.07852936,65000
3722.965584,SHETLAND GP.,Blodoeks Fm.,12.38905811,1.796496391,1.698251247,2.541305542,49.71136093,65030
3723.117584,SHETLAND GP.,Blodoeks Fm.,12.36341,1.7536515,1.633533955,2.55074048,50.89398193,65030
3723.269584,SHETLAND GP.,Blodoeks Fm.,12.32696056,1.760745883,1.661221504,2.559896946,52.52578735,65030
3723.421584,SHETLAND GP.,Blodoeks Fm.,12.3031826,1.826328516,1.769378543,2.574948549,54.95107269,65030
3723.573584,SHETLAND GP.,Blodoeks Fm.,12.31051445,1.952322722,1.90600574,2.589222193,55.21741867,65030
3723.725584,SHETLAND GP.,Blodoeks Fm.,12.31029606,2.104130745,2.037945271,2.587553978,53.88108826,65030
3723.877584,SHETLAND GP.,Blodoeks Fm.,12.30140019,2.26701808,2.184617996,2.577571154,51.45317841,65030
3724.029584,SHETLAND GP.,Blodoeks Fm.,12.31329632,2.466138125,2.367114306,2.56729579,49.6689148,65030
3724.181584,SHETLAND GP.,Blodoeks Fm.,12.31833267,2.714793682,2.583632708,2.563847303,46.82920456,65030
3724.333584,SHETLAND GP.,Blodoeks Fm.,12.29564953,2.869712591,2.71881032,2.566663504,42.02850342,65030
3724.485584,SHETLAND GP.,Blodoeks Fm.,12.28830528,2.750550509,2.586158514,2.567089319,35.89625549,65030
3724.637584,SHETLAND GP.,Blodoeks Fm.,12.30998421,2.541484356,2.384697199,2.566020727,34.94991684,65030
3724.789584,SHETLAND GP.,Blodoeks Fm.,12.31451225,2.481352091,2.362607718,2.564464808,40.87311554,65030
3724.941584,SHETLAND GP.,Blodoeks Fm.,12.30830002,2.634902239,2.492797136,2.56628108,48.81184769,65030
3725.093584,SHETLAND GP.,Blodoeks Fm.,12.32752705,2.832402229,2.639184952,2.570473194,52.05322266,65030
3725.245584,SHETLAND GP.,Blodoeks Fm.,12.32791328,3.086198807,2.853736162,2.574794531,48.43704224,65030
3725.397584,SHETLAND GP.,Blodoeks Fm.,12.31339073,3.245247841,3.108496189,2.578409672,42.66736221,65030
3725.549584,SHETLAND GP.,Blodoeks Fm.,12.32315826,3.197531223,3.213823557,2.580858469,39.97630692,65030
3725.701584,SHETLAND GP.,Blodoeks Fm.,12.32708168,2.838217497,2.949142218,2.578649998,40.79738998,65030
3725.853584,SHETLAND GP.,Blodoeks Fm.,12.31665897,2.288196087,2.481698751,2.56698823,45.09022903,65030
3726.005584,SHETLAND GP.,Blodoeks Fm.,12.30623627,1.988449335,2.169847965,2.554156542,48.66715622,65000
3726.157584,SHETLAND GP.,Blodoeks Fm.,12.29767036,2.02107048,2.164772987,2.548853874,49.22164536,65000
3726.309584,SHETLAND GP.,Blodoeks Fm.,12.28147602,2.595818043,2.725744247,2.553285122,49.84334564,65000
3726.461584,SHETLAND GP.,Blodoeks Fm.,12.27553082,3.624403954,3.680916548,2.560328007,46.35138702,65030
3726.613584,SHETLAND GP.,Blodoeks Fm.,12.28049946,4.125721932,3.869115591,2.563596487,39.44410706,70000
3726.765584,SHETLAND GP.,Blodoeks Fm.,12.28410244,4.165174961,3.572192907,2.563403606,32.46360397,70000
3726.917584,SHETLAND GP.,Blodoeks Fm.,12.28381252,4.672079563,3.721684218,2.560944319,28.27249908,70000
3727.069584,SHETLAND GP.,Blodoeks Fm.,12.29130173,5.87687254,4.246589661,2.562391043,27.96543121,70000
3727.221584,SHETLAND GP.,Blodoeks Fm.,12.29420662,7.336744785,5.347965241,2.570960045,26.90686989,70000
3727.373584,SHETLAND GP.,Blodoeks Fm.,12.2802906,7.284922123,6.104856014,2.580897093,25.42989731,70000
3727.525584,SHETLAND GP.,Blodoeks Fm.,12.26642132,5.396353245,5.296140671,2.590092897,25.06781769,70000
3727.677584,SHETLAND GP.,Blodoeks Fm.,12.26663685,3.184760571,3.495764256,2.603504419,25.80781364,70000
3727.829584,SHETLAND GP.,Blodoeks Fm.,12.28401661,2.150861979,2.489383221,2.617334843,29.59438515,70000
3727.981584,SHETLAND GP.,Blodoeks Fm.,12.29790688,2.270149469,2.618597031,2.617340088,37.75489426,65030
3728.133584,SHETLAND GP.,Blodoeks Fm.,12.30140019,2.588635683,3.021402359,2.606015921,44.84419632,65030
3728.285584,SHETLAND GP.,Blodoeks Fm.,12.29104137,2.67386055,2.90799737,2.595292568,49.07818222,65030
3728.437584,SHETLAND GP.,Blodoeks Fm.,12.28734589,2.41804409,2.338012219,2.585523844,46.7959404,65030
3728.589584,SHETLAND GP.,Blodoeks Fm.,12.30293179,2.246185064,2.011556625,2.570105791,42.05051804,65030
3728.741584,SHETLAND GP.,Blodoeks Fm.,12.296525,2.132186174,1.864419818,2.553590059,40.90472412,65030
3728.893584,SHETLAND GP.,Blodoeks Fm.,12.29065228,2.068381548,1.84675324,2.546871424,42.14424896,65030
3729.045584,SHETLAND GP.,Blodoeks Fm.,12.29802132,2.115733147,1.920297861,2.547065496,45.10871124,65030
3729.197584,SHETLAND GP.,Blodoeks Fm.,12.2977581,2.205681562,2.039118767,2.547140598,44.77415466,30000
3729.349584,SHETLAND GP.,Blodoeks Fm.,12.29805851,2.262840748,2.126506567,2.545288324,43.15768433,30000
3729.501584,SHETLAND GP.,Blodoeks Fm.,12.29273701,2.244509697,2.146307707,2.54344964,43.38433456,30000
3729.653584,SHETLAND GP.,Blodoeks Fm.,12.29585743,2.229360342,2.122072458,2.543627501,46.1387825,30000
3729.805584,SHETLAND GP.,Blodoeks Fm.,12.29811668,2.237792969,2.112807989,2.55039382,48.62061691,30000
3729.957584,SHETLAND GP.,Blodoeks Fm.,12.28791142,2.240659475,2.115098476,2.560047388,49.83718491,65030
3730.109584,SHETLAND GP.,Blodoeks Fm.,12.27724838,2.172427893,2.043647289,2.563728333,49.53237915,65030
3730.261584,SHETLAND GP.,Blodoeks Fm.,12.27188587,2.060032368,1.922917485,2.559884787,49.44215012,65030
3730.413584,SHETLAND GP.,Blodoeks Fm.,12.27797699,2.072574377,1.881518722,2.557962894,48.99369812,65030
3730.565584,SHETLAND GP.,Blodoeks Fm.,12.30331993,2.147236824,1.924473882,2.565828085,47.12314987,65030
3730.717584,SHETLAND GP.,Blodoeks Fm.,12.3175354,2.258474827,2.037908077,2.57947135,45.04482269,65030
3730.869584,SHETLAND GP.,Blodoeks Fm.,12.31021977,2.533644438,2.291473389,2.58534503,42.33646774,65030
3731.021584,SHETLAND GP.,Blodoeks Fm.,12.30830002,2.825265169,2.603228569,2.575449705,42.89371872,65030
3731.173584,SHETLAND GP.,Blodoeks Fm.,12.314538,2.912464857,2.777586699,2.558623314,45.82686615,65030
3731.325584,SHETLAND GP.,Blodoeks Fm.,12.31303692,2.766875029,2.75338316,2.547832966,46.91035461,65030
3731.477584,SHETLAND GP.,Blodoeks Fm.,12.30598736,2.377075911,2.530641794,2.551307678,45.99726868,65030
3731.629584,SHETLAND GP.,Blodoeks Fm.,12.31333447,2.07824111,2.36623764,2.555719137,46.87999344,65030
3731.781584,SHETLAND GP.,Blodoeks Fm.,12.30621147,2.182226181,2.477802753,2.553912401,51.70188904,65030
3731.933584,SHETLAND GP.,Blodoeks Fm.,12.27934456,2.347221136,2.636251926,2.550940514,53.15848541,65030
3732.085584,SHETLAND GP.,Blodoeks Fm.,12.26110458,2.548285008,2.747581959,2.560283423,48.32195282,65030
3732.237584,SHETLAND GP.,Blodoeks Fm.,12.26459408,2.840696812,2.824437857,2.585666418,41.52103806,65030
3732.389584,SHETLAND GP.,Blodoeks Fm.,12.28136444,3.467753172,2.987836599,2.609669924,36.80091476,65030
3732.541584,SHETLAND GP.,Blodoeks Fm.,12.29549217,3.959632874,3.167120457,2.618640184,32.4254036,65030
3732.693584,SHETLAND GP.,Blodoeks Fm.,12.29327679,3.978867292,3.275080919,2.611471653,29.37329865,65030
3732.845584,SHETLAND GP.,Blodoeks Fm.,12.30720329,3.978011847,3.380155563,2.599367857,28.70641136,70000
3732.997584,SHETLAND GP.,Blodoeks Fm.,12.31820297,3.946677446,3.62333703,2.59081769,29.40398216,70000
3733.149584,SHETLAND GP.,Blodoeks Fm.,12.30938339,4.060292721,3.94282794,2.584213495,28.65991211,70000
3733.301584,SHETLAND GP.,Blodoeks Fm.,12.2923317,4.222901821,4.247182369,2.583436489,28.17251015,70000
3733.453584,SHETLAND GP.,Blodoeks Fm.,12.29724789,4.469308853,4.617304802,2.590193987,31.51141739,70000
3733.605584,SHETLAND GP.,Blodoeks Fm.,12.30418778,4.715551376,4.887632847,2.598538876,33.67195129,70000
3733.757584,SHETLAND GP.,Blodoeks Fm.,12.29992485,4.99397707,4.98750782,2.599917173,33.53561783,70000
3733.909584,SHETLAND GP.,Blodoeks Fm.,12.2846508,5.273603439,5.075053215,2.596624136,31.1883564,70000
3734.061584,SHETLAND GP.,Blodoeks Fm.,12.29151535,5.412606239,5.163070202,2.596188784,29.65295219,70000
3734.213584,SHETLAND GP.,Blodoeks Fm.,12.29736519,5.541501999,5.238260269,2.598196745,29.33494377,70000
3734.365584,SHETLAND GP.,Blodoeks Fm.,12.29134464,5.383952141,5.104649067,2.596861601,29.25167084,70000
3734.517584,SHETLAND GP.,Blodoeks Fm.,12.30155087,4.453769684,4.330141068,2.59100318,31.43485451,70000
3734.669584,SHETLAND GP.,Blodoeks Fm.,12.29494953,3.419570923,3.384248495,2.581442595,33.97842789,70000
3734.821584,SHETLAND GP.,Blodoeks Fm.,12.3053875,2.915185928,2.910557747,2.569209814,36.08052445,65030
3734.973584,SHETLAND GP.,Blodoeks Fm.,12.31046867,2.831772327,2.856306076,2.556020021,37.22026062,65030
3735.125584,SHETLAND GP.,Blodoeks Fm.,12.30962086,3.007788658,3.058864117,2.544853926,37.78201294,65030
3735.277584,SHETLAND GP.,Blodoeks Fm.,12.31048775,3.499184609,3.529309273,2.538362503,38.15839768,65030
3735.429584,SHETLAND GP.,Blodoeks Fm.,12.29275703,4.269608498,4.265226841,2.538604736,38.69721222,65030
3735.581584,SHETLAND GP.,Blodoeks Fm.,12.27174091,5.676496506,5.791260719,2.542612553,38.13951111,30000
3735.733584,SHETLAND GP.,Blodoeks Fm.,12.28816128,8.501582146,9.190422058,2.553655386,37.82592011,30000
3735.885584,SHETLAND GP.,Blodoeks Fm.,12.2937851,10.12304783,11.19718266,2.576435804,37.20123673,30000
3736.037584,SHETLAND GP.,Blodoeks Fm.,12.28553295,7.52136755,8.356801033,2.597522736,37.49688721,30000
3736.189584,SHETLAND GP.,Blodoeks Fm.,12.30065155,5.315739155,5.68619585,2.600756645,38.52864838,30000
3736.341584,SHETLAND GP.,Blodoeks Fm.,12.32048607,3.920017242,4.015032768,2.579405546,37.71884155,30000
3736.493584,SHETLAND GP.,Blodoeks Fm.,12.34111595,3.050992966,3.062684774,2.555294275,40.39883041,30000
3736.645584,SHETLAND GP.,Blodoeks Fm.,12.3366394,2.814952374,2.781177044,2.544475317,42.96588516,65030
3736.797584,SHETLAND GP.,Blodoeks Fm.,12.31302357,2.790407896,2.719471455,2.545717239,48.51934052,65030
3736.949584,SHETLAND GP.,Blodoeks Fm.,12.31772614,2.674203157,2.636928797,2.555952787,49.6759491,65030
3737.101584,SHETLAND GP.,Blodoeks Fm.,12.31513023,2.413162231,2.426659584,2.566722155,50.32671738,65030
3737.253584,SHETLAND GP.,Blodoeks Fm.,12.30375195,2.157787323,2.203047276,2.570348263,51.28774262,65030
3737.405584,SHETLAND GP.,Blodoeks Fm.,12.30596352,1.962336659,2.02542901,2.56204176,51.92893982,65030
3737.557584,SHETLAND GP.,Blodoeks Fm.,12.31308556,1.855494618,1.922267437,2.55429697,52.83882141,65030
3737.709584,SHETLAND GP.,Blodoeks Fm.,12.33157921,1.895762801,1.980297089,2.560647965,53.12975693,65030
3737.861584,SHETLAND GP.,Blodoeks Fm.,12.32230091,2.105824471,2.179901362,2.583981752,52.70372772,65030
3738.013584,SHETLAND GP.,Blodoeks Fm.,12.32571125,2.11264348,2.05966711,2.604233265,51.22257996,65030
3738.165584,SHETLAND GP.,Blodoeks Fm.,12.34291077,1.836119294,1.768150091,2.60111618,49.38741684,65030
3738.317584,SHETLAND GP.,Blodoeks Fm.,12.35064793,1.66590035,1.59186697,2.576924324,54.31098175,65030
3738.469584,SHETLAND GP.,Blodoeks Fm.,12.32230091,1.607135892,1.559529543,2.556042433,57.61317062,65000
3738.621584,SHETLAND GP.,Blodoeks Fm.,12.32560062,1.628260016,1.595905423,2.55667901,59.2044487,65000
3738.773584,SHETLAND GP.,Blodoeks Fm.,12.33600235,1.634779096,1.628126383,2.568553448,56.32370758,65000
3738.925584,SHETLAND GP.,Blodoeks Fm.,12.34319973,1.577963114,1.612376928,2.570227623,57.07678986,65000
3739.077584,SHETLAND GP.,Blodoeks Fm.,12.34965706,1.481228709,1.528008223,2.560338974,57.20436859,65000
3739.229584,SHETLAND GP.,Blodoeks Fm.,12.36621666,1.404281735,1.430184007,2.554805279,57.67835617,65000
3739.381584,SHETLAND GP.,Blodoeks Fm.,12.36889935,1.352188349,1.357364059,2.554213762,59.06580734,65000
3739.533584,SHETLAND GP.,Blodoeks Fm.,12.36198902,1.386764288,1.366309643,2.560466528,62.50445557,65000
3739.685584,SHETLAND GP.,Blodoeks Fm.,12.35086536,1.523083925,1.465204358,2.559119463,66.04982758,65000
3739.837584,SHETLAND GP.,Blodoeks Fm.,12.3382721,1.805491567,1.664817333,2.557594061,65.91127014,65000
3739.989584,SHETLAND GP.,Blodoeks Fm.,12.34522724,2.034929276,1.830378652,2.557530642,62.21911621,65000
3740.141584,SHETLAND GP.,Blodoeks Fm.,12.33997059,2.076954365,1.891835809,2.575792074,58.35804749,65000
3740.293584,SHETLAND GP.,Blodoeks Fm.,12.32030678,2.245659828,2.070883036,2.604562283,54.78293228,70000
3740.445584,SHETLAND GP.,Blodoeks Fm.,12.32773304,2.822446346,2.576901913,2.632166624,50.41368103,70000
3740.597584,SHETLAND GP.,Blodoeks Fm.,12.32320118,3.544044256,3.26616931,2.648923159,45.04236221,70000
3740.749584,SHETLAND GP.,Blodoeks Fm.,12.33733845,3.814421654,3.659101963,2.657478094,39.17547607,70000
3740.901584,SHETLAND GP.,Blodoeks Fm.,12.32615185,3.708242416,3.6467731,2.650277615,37.84870529,70000
3741.053584,SHETLAND GP.,Blodoeks Fm.,12.32949448,3.251307488,3.22757864,2.629986286,36.69229126,70000
3741.205584,SHETLAND GP.,Blodoeks Fm.,12.32035923,2.795433044,2.745441437,2.59851408,38.23363876,70000
3741.357584,SHETLAND GP.,Blodoeks Fm.,12.33190155,2.373328686,2.368783236,2.573621273,39.98984909,70000
3741.509584,SHETLAND GP.,Blodoeks Fm.,12.30140019,2.077566862,2.07923007,2.560542345,45.52176666,70000
3741.661584,SHETLAND GP.,Blodoeks Fm.,12.31059361,1.93687427,1.925653577,2.557549238,51.09545898,70000
3741.813584,SHETLAND GP.,Blodoeks Fm.,12.33528328,1.912701488,1.903744459,2.558302164,56.13963318,70000
3741.965584,SHETLAND GP.,Blodoeks Fm.,12.32999992,2.096377373,2.061991215,2.556198835,59.95235443,65000
3742.117584,SHETLAND GP.,Blodoeks Fm.,12.32407379,2.197318316,2.014754057,2.553480387,58.9882431,65000
3742.269584,SHETLAND GP.,Blodoeks Fm.,12.33538628,2.165066719,1.83827138,2.553124189,55.73790741,70000
3742.421584,SHETLAND GP.,Blodoeks Fm.,12.35623837,2.42720747,2.182368517,2.562748432,47.06513596,70000
3742.573584,SHETLAND GP.,Blodoeks Fm.,12.3588953,3.991854191,3.639767408,2.581405163,39.44927597,70000
3742.725584,SHETLAND GP.,Blodoeks Fm.,12.33805084,6.347630501,5.719600678,2.596602917,33.0501709,70000
3742.877584,SHETLAND GP.,Blodoeks Fm.,12.32397652,5.516645908,5.283210278,2.595271111,32.91323853,70000
3743.029584,SHETLAND GP.,Blodoeks Fm.,12.32753944,3.569665194,3.86839819,2.593673706,38.45843887,70000
3743.181584,SHETLAND GP.,Blodoeks Fm.,12.32230091,2.976545334,3.075932741,2.597778797,46.01670837,65030
3743.333584,SHETLAND GP.,Blodoeks Fm.,12.32392979,2.807214499,2.870499373,2.604501486,47.46010971,65030
3743.485584,SHETLAND GP.,Blodoeks Fm.,12.334898,2.71788764,2.723829031,2.606010199,46.20967865,65030
3743.637584,SHETLAND GP.,Blodoeks Fm.,12.34639931,2.604988098,2.487620831,2.605020762,44.02486038,65030
3743.789584,SHETLAND GP.,Blodoeks Fm.,12.32466984,2.188926458,2.084906578,2.596233845,44.29197311,65030
3743.941584,SHETLAND GP.,Blodoeks Fm.,12.33506775,1.931693435,1.817631483,2.58038044,44.95919037,65030
3744.093584,SHETLAND GP.,Blodoeks Fm.,12.34319973,1.86989677,1.730696201,2.561663151,47.03157425,65030
3744.245584,SHETLAND GP.,Blodoeks Fm.,12.34089565,1.877305508,1.728080511,2.557392597,48.13334274,65030
3744.397584,SHETLAND GP.,Blodoeks Fm.,12.33044148,2.043358803,1.859243155,2.558080435,47.57247162,65030
3744.549584,SHETLAND GP.,Blodoeks Fm.,12.33128357,2.228272915,2.035544634,2.567035914,45.47536087,65030
3744.701584,SHETLAND GP.,Blodoeks Fm.,12.35966301,2.469628811,2.279089928,2.576554775,43.93646622,65030
3744.853584,SHETLAND GP.,Blodoeks Fm.,12.34464073,2.736570597,2.597217321,2.576915503,44.61476898,65030
3745.005584,SHETLAND GP.,Blodoeks Fm.,12.34004211,2.787609816,2.723760843,2.572345734,46.67123795,65030
3745.157584,SHETLAND GP.,Blodoeks Fm.,12.31420803,2.530732393,2.613848925,2.562299013,51.0786705,65030
3745.309584,SHETLAND GP.,Blodoeks Fm.,12.35565662,2.139082193,2.240323544,2.556440353,51.53331757,65030
3745.461584,SHETLAND GP.,Blodoeks Fm.,12.32367706,2.659909487,2.829119682,2.546665907,46.08998108,65030
3745.613584,SHETLAND GP.,Blodoeks Fm.,12.32988548,4.69464016,4.917892933,2.538911343,37.74252701,70000
3745.765584,SHETLAND GP.,Blodoeks Fm.,12.33202171,9.51701355,9.056305885,2.541761875,27.15426827,70000
3745.917584,SHETLAND GP.,Blodoeks Fm.,12.33587933,12.47811031,12.8685627,2.549241304,21.79106712,70000
3746.069584,SHETLAND GP.,Blodoeks Fm.,12.35751057,9.259849548,9.713630676,2.561721802,23.44158936,70000
3746.221584,SHETLAND GP.,Blodoeks Fm.,12.32984829,7.116678238,7.719974995,2.568326473,24.09374809,70000
3746.373584,SHETLAND GP.,Blodoeks Fm.,12.33588409,9.113419533,9.22448349,2.572546482,25.02532768,70000
3746.525584,SHETLAND GP.,Blodoeks Fm.,12.35009956,10.98656178,11.87663841,2.574176073,34.75866699,70000
3746.677584,SHETLAND GP.,Blodoeks Fm.,12.34699822,5.835788727,6.000660896,2.580560446,47.28497315,70000
3746.829584,SHETLAND GP.,Blodoeks Fm.,12.33331108,3.55038476,3.668196201,2.588342667,56.54639053,65030
3746.981584,SHETLAND GP.,Blodoeks Fm.,12.33559609,2.285620213,2.32034564,2.581417561,54.45406723,65000
3747.133584,SHETLAND GP.,Blodoeks Fm.,12.33685112,2.242717266,2.33363986,2.575900316,47.69134522,65000
3747.285584,SHETLAND GP.,Blodoeks Fm.,12.35125828,2.510099649,2.575621605,2.5741992,45.8453064,65030
3747.437584,SHETLAND GP.,Blodoeks Fm.,12.32344151,2.771545887,2.782600403,2.585777998,44.40036774,65030
3747.589584,SHETLAND GP.,Blodoeks Fm.,12.33146477,2.671387911,2.665372372,2.588925123,44.30735397,65030
3747.741584,SHETLAND GP.,Blodoeks Fm.,12.33819199,2.509058237,2.426481724,2.590147734,41.83966446,65030
3747.893584,SHETLAND GP.,Blodoeks Fm.,12.31508732,2.448439837,2.347034454,2.606647253,38.98963928,65030
3748.045584,SHETLAND GP.,Svarte Fm.,12.33109093,2.545892239,2.394382477,2.620934486,38.64014816,65030
3748.197584,SHETLAND GP.,Svarte Fm.,12.32440186,2.748520613,2.517290831,2.621180773,42.3553772,65030
3748.349584,SHETLAND GP.,Svarte Fm.,12.33515739,2.604579687,2.438112974,2.59881258,47.54375076,65030
3748.501584,SHETLAND GP.,Svarte Fm.,12.32307148,2.224253655,2.135965347,2.57264328,56.59240341,65030
3748.653584,SHETLAND GP.,Svarte Fm.,12.2909174,1.911205173,1.882089138,2.561299324,59.72017288,65030
3748.805584,SHETLAND GP.,Svarte Fm.,12.31621265,1.697669625,1.716718435,2.550680161,63.51921082,65030
3748.957584,SHETLAND GP.,Svarte Fm.,12.34319973,1.599481702,1.630721688,2.547928572,57.48314667,65030
3749.109584,SHETLAND GP.,Svarte Fm.,12.34461403,1.561210156,1.614643931,2.551592827,56.67819977,65000
3749.261584,SHETLAND GP.,Svarte Fm.,12.35220909,1.509377837,1.547751069,2.558876276,56.8994484,65000
3749.413584,SHETLAND GP.,Svarte Fm.,12.34456444,1.466944456,1.501508355,2.565226317,58.86898804,65000
3749.565584,SHETLAND GP.,Svarte Fm.,12.35227203,1.505933523,1.514085293,2.565323353,56.09274674,65000
3749.717584,SHETLAND GP.,Svarte Fm.,12.33882427,1.516473174,1.505815268,2.566617727,54.19217682,65000
3749.869584,SHETLAND GP.,Svarte Fm.,12.31002331,1.516150117,1.477386594,2.579681397,52.62939072,65000
3750.021584,SHETLAND GP.,Svarte Fm.,12.32397747,1.55992496,1.468087554,2.586067915,49.82978821,65030
3750.173584,SHETLAND GP.,Svarte Fm.,12.33293533,1.697631359,1.675270677,2.613981485,44.32668304,65030
3750.325584,SHETLAND GP.,Svarte Fm.,12.30750847,1.930387497,1.879289031,2.62237215,43.07278061,65030
3750.477584,SHETLAND GP.,Svarte Fm.,12.30452728,2.017656326,1.971343398,2.614577055,45.42612076,65030
3750.629584,SHETLAND GP.,Svarte Fm.,12.33073998,1.814728856,1.777976394,2.582250595,52.83245087,65030
3750.781584,SHETLAND GP.,Svarte Fm.,12.34023285,1.674962521,1.609106898,2.557389498,56.86896515,65030
3750.933584,SHETLAND GP.,Svarte Fm.,12.31530094,1.551131606,1.491629839,2.549264193,59.05343247,65030
3751.085584,SHETLAND GP.,Svarte Fm.,12.31707287,1.485541582,1.397066355,2.553917646,53.88639069,65030
3751.237584,SHETLAND GP.,Svarte Fm.,12.33166409,1.500492096,1.460760832,2.570447207,52.81264114,65030
3751.389584,SHETLAND GP.,Svarte Fm.,12.32162094,1.705036759,1.592903256,2.600455046,53.46586227,65030
3751.541584,SHETLAND GP.,Svarte Fm.,12.31464672,1.997256279,1.803261995,2.613236189,53.91326523,65030
3751.693584,SHETLAND GP.,Svarte Fm.,12.30767059,1.85927248,1.676038623,2.594627857,54.92486572,65030
3751.845584,SHETLAND GP.,Svarte Fm.,12.30511856,1.723943114,1.627829671,2.568185091,53.37101364,65030
3751.997584,SHETLAND GP.,Svarte Fm.,12.34017849,1.71019876,1.61159575,2.550578117,51.30817032,65030
3752.149584,SHETLAND GP.,Svarte Fm.,12.30685806,1.735007286,1.634831071,2.561885834,45.79095841,65030
3752.301584,SHETLAND GP.,Svarte Fm.,12.29230213,1.759142518,1.678344846,2.574282885,48.77613831,65030
3752.453584,SHETLAND GP.,Svarte Fm.,12.30666256,1.839098573,1.775551915,2.591999054,47.64917755,65030
3752.605584,SHETLAND GP.,Svarte Fm.,12.29005146,1.944002867,1.896835804,2.60156703,49.52452087,65030
3752.757584,SHETLAND GP.,Svarte Fm.,12.31928158,2.137344837,2.111323118,2.603246212,44.18768311,65030
3752.909584,SHETLAND GP.,Svarte Fm.,12.28293419,2.188694,2.179094076,2.597566605,49.21793747,65030
3753.061584,SHETLAND GP.,Svarte Fm.,12.31647873,2.055272102,2.047648907,2.581985474,50.0030632,65030
3753.213584,SHETLAND GP.,Svarte Fm.,12.33065414,1.977791905,1.993948221,2.574579716,49.24719238,65030
3753.365584,SHETLAND GP.,Svarte Fm.,12.30311203,2.00207305,1.969705939,2.57045579,47.70946884,65030
3753.517584,SHETLAND GP.,Svarte Fm.,12.32940769,2.071803331,2.052074671,2.577055931,46.3004837,65030
3753.669584,SHETLAND GP.,Svarte Fm.,12.33329868,2.119727135,2.123155832,2.571394444,45.33352661,65030
3753.821584,SHETLAND GP.,Svarte Fm.,12.34128666,2.097241879,2.098258257,2.567786217,44.30803299,65030
3753.973584,SHETLAND GP.,Svarte Fm.,12.30903435,2.069260597,2.077576399,2.564241648,44.29029083,65030
3754.125584,SHETLAND GP.,Svarte Fm.,12.32178974,2.016908884,2.028287888,2.566800118,47.24939728,65030
3754.277584,SHETLAND GP.,Svarte Fm.,12.31163788,1.994717479,2.024557829,2.566781521,50.7667923,65030
3754.429584,SHETLAND GP.,Svarte Fm.,12.30768585,1.977161288,1.9919101,2.566435337,51.90383911,65030
3754.581584,SHETLAND GP.,Svarte Fm.,12.29425335,1.989417195,1.969239712,2.567434311,50.42296982,65030
3754.733584,SHETLAND GP.,Svarte Fm.,12.2923584,1.991985798,1.939828873,2.572940826,47.94779587,65030
3754.885584,SHETLAND GP.,Svarte Fm.,12.32945061,1.988286853,1.924916387,2.576467753,45.61699295,65030
3755.037584,SHETLAND GP.,Svarte Fm.,12.33549786,1.966708779,1.91174233,2.575391769,47.19488144,65030
3755.189584,SHETLAND GP.,Svarte Fm.,12.314538,1.975306153,1.907206178,2.569418907,46.78792954,65030
3755.341584,SHETLAND GP.,Svarte Fm.,12.29176235,1.968667746,1.909815669,2.570570946,45.42631531,65030
3755.493584,SHETLAND GP.,Svarte Fm.,12.32212448,2.058047295,1.997738004,2.591359377,45.0860939,65030
3755.645584,SHETLAND GP.,Svarte Fm.,12.31546116,2.13461113,2.089856148,2.612887621,47.4460907,65030
3755.797584,SHETLAND GP.,Svarte Fm.,12.32230091,2.186704636,2.161702871,2.607680082,49.88415527,65030
3755.949584,SHETLAND GP.,Svarte Fm.,12.32204342,2.209635973,2.222458363,2.587520361,48.09951019,65030
3756.101584,SHETLAND GP.,Svarte Fm.,12.30850411,2.157844544,2.171956778,2.572733879,44.71016312,65030
3756.253584,SHETLAND GP.,Svarte Fm.,12.3224287,2.133732319,2.155546665,2.581804991,44.65303421,65030
3756.405584,SHETLAND GP.,Svarte Fm.,12.33238506,2.126671314,2.157644272,2.582159758,48.45497894,65030
3756.557584,SHETLAND GP.,Svarte Fm.,12.30164337,1.965330958,1.993309498,2.578109026,52.8135109,65030
3756.709584,SHETLAND GP.,Svarte Fm.,12.33257675,1.841966152,1.828926325,2.566496849,56.35595322,65030
3756.861584,SHETLAND GP.,Svarte Fm.,12.30137634,1.884042859,1.860920191,2.565693617,55.81328201,65030
3757.013584,SHETLAND GP.,Svarte Fm.,12.28740788,1.90948534,1.872893095,2.561802149,56.16060257,65030
3757.165584,SHETLAND GP.,Svarte Fm.,12.30136013,1.860040426,1.804494262,2.564990997,53.24717331,65030
3757.317584,SHETLAND GP.,Svarte Fm.,12.32901382,1.841722131,1.766057134,2.565397263,52.24647522,65030
3757.469584,SHETLAND GP.,Svarte Fm.,12.30164909,1.830995679,1.75341177,2.566390991,52.07498932,65030
3757.621584,SHETLAND GP.,Svarte Fm.,12.29447842,1.824373961,1.742225528,2.559082985,52.98527145,65030
3757.773584,SHETLAND GP.,Svarte Fm.,12.3081131,1.824398637,1.73489821,2.557125568,53.60725403,65030
3757.925584,SHETLAND GP.,Svarte Fm.,12.32208061,1.830404162,1.748579979,2.551588059,52.0188942,65030
3758.077584,SHETLAND GP.,Svarte Fm.,12.31543732,1.855697751,1.777331233,2.555029631,52.69207382,65030
3758.229584,SHETLAND GP.,Svarte Fm.,12.28125954,1.881534576,1.803332329,2.55069828,49.23614121,65030
3758.381584,SHETLAND GP.,Svarte Fm.,12.29406548,1.889028907,1.813756704,2.543963909,48.43545151,65030
3758.533584,SHETLAND GP.,Svarte Fm.,12.30793381,1.853077412,1.780019403,2.535718679,46.1305809,65030
3758.685584,SHETLAND GP.,Svarte Fm.,12.30160809,1.795849085,1.733129263,2.531911612,49.15668488,65030
3758.837584,SHETLAND GP.,Svarte Fm.,12.28117752,1.771362782,1.726184964,2.53905654,48.60145187,65030
3758.989584,SHETLAND GP.,Svarte Fm.,12.30067444,1.833150387,1.786233783,2.538334847,49.98350906,65030
3759.141584,SHETLAND GP.,Svarte Fm.,12.30140019,1.903582335,1.849455953,2.541285276,47.77252197,65030
3759.293584,SHETLAND GP.,Svarte Fm.,12.32144928,1.913298249,1.863502622,2.53919363,48.34642029,65030
3759.445584,SHETLAND GP.,Svarte Fm.,12.30230045,1.842214346,1.792901516,2.534602404,46.12422562,65030
3759.597584,SHETLAND GP.,Svarte Fm.,12.30140019,1.792985559,1.741012573,2.532968044,42.71549606,65030
3759.749584,SHETLAND GP.,Svarte Fm.,12.32130623,1.781466484,1.730699778,2.531280756,42.18486786,65030
3759.901584,SHETLAND GP.,Svarte Fm.,12.30899811,1.770738483,1.707971573,2.534145594,46.8037529,65030
3760.053584,SHETLAND GP.,Svarte Fm.,12.32155037,1.756099105,1.686831713,2.528811216,53.76679611,65030
3760.205584,SHETLAND GP.,Svarte Fm.,12.28283882,1.754827976,1.663892984,2.528972149,57.07748413,65030
3760.357584,SHETLAND GP.,Svarte Fm.,12.31327438,1.76713717,1.657514453,2.534462214,57.93548966,65030
3760.509584,SHETLAND GP.,Svarte Fm.,12.30872345,1.75192833,1.644798517,2.53696084,55.879673,65030
3760.661584,SHETLAND GP.,Svarte Fm.,12.30830002,1.784025788,1.668329716,2.536070585,55.0781517,65030
3760.813584,SHETLAND GP.,Svarte Fm.,12.30185986,1.876746416,1.752139092,2.535439968,51.47176361,65030
3760.965584,SHETLAND GP.,Svarte Fm.,12.28193855,1.998568654,1.850928068,2.540614367,50.09325409,65030
3761.117584,SHETLAND GP.,Svarte Fm.,12.30632305,2.046391964,1.923379421,2.54341507,46.776371,65030
3761.269584,SHETLAND GP.,Svarte Fm.,12.30191708,2.057448864,1.947643042,2.547855616,46.19269562,65030
3761.421584,SHETLAND GP.,Svarte Fm.,12.28211403,2.064836025,1.971346498,2.545708656,46.64432526,65030
3761.573584,SHETLAND GP.,Svarte Fm.,12.29329491,2.066596746,1.990413547,2.545684338,48.52367783,65030
3761.725584,SHETLAND GP.,Svarte Fm.,12.30716419,2.077076435,2.005306482,2.542118788,50.54426575,65030
3761.877584,SHETLAND GP.,Svarte Fm.,12.32112503,2.116655111,2.047628403,2.543174028,48.87918854,65030
3762.029584,SHETLAND GP.,Svarte Fm.,12.30952835,2.146564961,2.084789515,2.542022705,44.56843948,65030
3762.181584,SHETLAND GP.,Svarte Fm.,12.3210392,2.195595264,2.113931656,2.53516674,42.84566879,65030
3762.333584,SHETLAND GP.,Svarte Fm.,12.32230091,2.216809511,2.126302481,2.527420521,44.37228775,65030
3762.485584,SHETLAND GP.,Svarte Fm.,12.2844553,2.223298311,2.128476858,2.520996094,47.50130081,65030
3762.637584,SHETLAND GP.,Svarte Fm.,12.2930336,2.195757866,2.09812355,2.528064251,47.30675507,65030
3762.789584,SHETLAND GP.,Svarte Fm.,12.31949043,2.135776997,2.042553186,2.531687737,45.78367233,65030
3762.941584,SHETLAND GP.,Svarte Fm.,12.31602192,2.079616308,1.993912935,2.532717466,47.68696976,65030
3763.093584,SHETLAND GP.,Svarte Fm.,12.31530094,2.021110058,1.943725944,2.533783913,47.75028229,65030
3763.245584,SHETLAND GP.,Svarte Fm.,12.28429031,1.991108656,1.925479651,2.540672064,47.8917923,65030
3763.397584,SHETLAND GP.,Svarte Fm.,12.29907227,2.066399336,2.0029881,2.554473877,44.90500641,65030
3763.549584,SHETLAND GP.,Svarte Fm.,12.30140019,2.144184828,2.083012104,2.563013792,43.96845627,65030
3763.701584,SHETLAND GP.,Svarte Fm.,12.30140019,2.132653713,2.072991371,2.570530891,46.71818543,65030
3763.853584,SHETLAND GP.,Svarte Fm.,12.30140019,2.094990253,2.079494953,2.565315247,49.75598145,65030
3764.005584,SHETLAND GP.,Svarte Fm.,12.31360817,2.044545889,2.052246332,2.558528185,51.7969017,65030
3764.157584,SHETLAND GP.,Svarte Fm.,12.30312729,2.047920704,2.107587814,2.557524681,50.81556702,65030
3764.309584,SHETLAND GP.,Svarte Fm.,12.29528618,2.136648893,2.200029612,2.562915564,47.5240593,65030
3764.461584,SHETLAND GP.,Svarte Fm.,12.29135132,2.324069262,2.383658409,2.560824871,46.12195969,65030
3764.613584,SHETLAND GP.,Svarte Fm.,12.31814289,2.342265129,2.399109364,2.551116943,45.5256691,65030
3764.765584,SHETLAND GP.,Svarte Fm.,12.31624508,2.259259939,2.301225901,2.538539887,45.76053238,65030
3764.917584,SHETLAND GP.,Svarte Fm.,12.28527165,2.207412481,2.221657991,2.539474964,46.59233856,65030
3765.069584,SHETLAND GP.,Svarte Fm.,12.30442429,2.224522352,2.205633879,2.545149803,43.73913956,65030
3765.221584,SHETLAND GP.,Svarte Fm.,12.31130028,2.381184101,2.336331129,2.558854818,43.87947464,65030
3765.373584,SHETLAND GP.,Svarte Fm.,12.31479168,2.5952003,2.485191584,2.568519354,42.11924744,65030
3765.525584,SHETLAND GP.,Svarte Fm.,12.3034544,2.517702818,2.391151905,2.573720217,44.16376114,65030
3765.677584,SHETLAND GP.,Svarte Fm.,12.31916523,2.372223616,2.24105382,2.569470167,47.60065842,65030
3765.829584,SHETLAND GP.,Svarte Fm.,12.31637669,2.219560146,2.097747326,2.55514288,51.13620377,65030
3765.981584,SHETLAND GP.,Svarte Fm.,12.321208,2.111260653,1.999361873,2.54248929,51.49003601,65030
3766.133584,SHETLAND GP.,Svarte Fm.,12.32230091,2.125392914,2.010616303,2.536728621,50.76247788,65030
3766.285584,SHETLAND GP.,Svarte Fm.,12.32809162,2.186564922,2.068782568,2.536839247,47.64588165,65030
3766.437584,SHETLAND GP.,Svarte Fm.,12.31756496,2.271701098,2.151073694,2.545036078,45.86646271,65030
3766.589584,SHETLAND GP.,Svarte Fm.,12.32688522,2.359548092,2.237447739,2.550184012,41.84881592,65030
3766.741584,SHETLAND GP.,Svarte Fm.,12.3321085,2.441841364,2.31846118,2.556301355,38.52706528,65030
3766.893584,SHETLAND GP.,Svarte Fm.,12.32408238,2.496041536,2.409899712,2.56046629,37.68496704,65030
3767.045584,SHETLAND GP.,Svarte Fm.,12.33957291,2.553987742,2.489803076,2.56721592,37.04953384,70000
3767.197584,SHETLAND GP.,Svarte Fm.,12.32600212,2.636402845,2.610093117,2.572943687,38.7421608,70000
3767.349584,SHETLAND GP.,Svarte Fm.,12.31081486,2.699726343,2.718005896,2.570454598,38.8342514,70000
3767.501584,SHETLAND GP.,Svarte Fm.,12.31402779,2.700873852,2.769323587,2.562500715,40.51676941,70000
3767.653584,SHETLAND GP.,Svarte Fm.,12.32949543,2.601470947,2.70888567,2.550538778,42.08281326,70000
3767.805584,SHETLAND GP.,Svarte Fm.,12.30158997,2.521909475,2.654610872,2.544463635,43.47401047,70000
3767.957584,SHETLAND GP.,Svarte Fm.,12.30943394,2.458883286,2.588433743,2.539713383,44.75402069,70000
3768.109584,SHETLAND GP.,Svarte Fm.,12.32795811,2.236532927,2.343177319,2.535812378,48.07643127,70000
3768.261584,SHETLAND GP.,Svarte Fm.,12.34648323,2.000136375,2.110351801,2.529383183,51.80348969,65030
3768.413584,SHETLAND GP.,Svarte Fm.,12.32777882,1.92442739,2.003645659,2.526474237,55.59023285,65030
3768.565584,SHETLAND GP.,Svarte Fm.,12.31110859,1.9131428,1.969853282,2.523861647,55.17923355,65030
3768.717584,SHETLAND GP.,Svarte Fm.,12.31387901,1.928375721,1.96290946,2.522423506,53.72858429,65030
3768.869584,SHETLAND GP.,Svarte Fm.,12.32086277,1.924554229,1.936555743,2.521008253,52.42271423,65030
3769.021584,SHETLAND GP.,Svarte Fm.,12.32230091,1.90712893,1.901851773,2.528623104,50.28892517,65030
3769.173584,SHETLAND GP.,Svarte Fm.,12.33050346,1.899313808,1.897812963,2.539849997,51.94916153,65030
3769.325584,SHETLAND GP.,Svarte Fm.,12.31902027,1.965284824,1.953498602,2.552520752,50.69874191,65030
3769.477584,SHETLAND GP.,Svarte Fm.,12.32078838,2.073967934,2.064120531,2.560552597,51.61642456,65030
3769.629584,SHETLAND GP.,Svarte Fm.,12.33863735,2.212402105,2.201813221,2.563094378,49.45287323,65030
3769.781584,SHETLAND GP.,Svarte Fm.,12.33230496,2.266200542,2.278813124,2.563711405,47.03128433,65030
3769.933584,SHETLAND GP.,Svarte Fm.,12.32384872,2.194399118,2.213566542,2.562946796,44.8536911,65030
3770.085584,SHETLAND GP.,Svarte Fm.,12.3546257,2.126173973,2.140943527,2.564942598,44.35985947,65030
3770.237584,SHETLAND GP.,Svarte Fm.,12.33187008,2.079104424,2.090522528,2.560125351,44.80664444,65030
3770.389584,SHETLAND GP.,Svarte Fm.,12.32230091,2.016974688,2.017165184,2.552426577,45.38645554,65030
3770.541584,SHETLAND GP.,Svarte Fm.,12.34357548,1.920864224,1.916333437,2.562309504,45.53006363,65030
3770.693584,SHETLAND GP.,Svarte Fm.,12.3527689,1.783473849,1.774584055,2.578713179,45.39424515,65030
3770.845584,SHETLAND GP.,Svarte Fm.,12.35093784,1.716157436,1.689327836,2.578821659,49.29731369,65030
3770.997584,SHETLAND GP.,Svarte Fm.,12.33425331,1.766199589,1.719466686,2.556067705,53.01027679,65030
3771.149584,SHETLAND GP.,Svarte Fm.,12.33976555,1.832116962,1.764490485,2.535237789,52.27996445,65030
3771.301584,SHETLAND GP.,Svarte Fm.,12.34319973,1.876780987,1.784853697,2.532504797,48.64191437,65030
3771.453584,SHETLAND GP.,Svarte Fm.,12.35099793,1.932013392,1.8245157,2.53819871,46.78131104,65030
3771.605584,SHETLAND GP.,Svarte Fm.,12.3458252,1.955796838,1.856634378,2.541619539,47.73829269,65030
3771.757584,SHETLAND GP.,Svarte Fm.,12.34319973,1.916881323,1.835942626,2.541530371,49.22581101,65030
3771.909584,SHETLAND GP.,Svarte Fm.,12.35869598,1.86372292,1.814785361,2.53336668,48.93723679,65030
3772.061584,SHETLAND GP.,Svarte Fm.,12.34865093,1.830316067,1.784459114,2.529565334,52.2020607,65030
3772.213584,SHETLAND GP.,Svarte Fm.,12.33804131,1.804508328,1.757734895,2.532295227,52.40151215,65030
3772.365584,SHETLAND GP.,Svarte Fm.,12.34134197,1.779580236,1.75936091,2.537661076,52.02290344,65030
3772.517584,SHETLAND GP.,Svarte Fm.,12.34319973,1.784699917,1.751377702,2.538761139,51.47572327,65030
3772.669584,SHETLAND GP.,Svarte Fm.,12.34319973,1.744704008,1.682194471,2.533645868,50.71863174,65030
3772.821584,SHETLAND GP.,Svarte Fm.,12.35075283,1.695589304,1.602338314,2.524319172,53.55745316,65030
3772.973584,SHETLAND GP.,Svarte Fm.,12.34100151,1.666719556,1.576042056,2.518965721,51.16335297,65030
3773.125584,SHETLAND GP.,Svarte Fm.,12.34124374,1.687135339,1.594177604,2.521242857,53.33357239,65030
3773.277584,SHETLAND GP.,Svarte Fm.,12.33817387,1.717027545,1.615425229,2.527884483,52.86062622,65030
3773.429584,SHETLAND GP.,Svarte Fm.,12.34120941,1.744237661,1.653549194,2.534079313,53.04936218,65030
3773.581584,SHETLAND GP.,Svarte Fm.,12.33820629,1.72802937,1.648265362,2.534772635,50.44490433,65030
3773.733584,SHETLAND GP.,Svarte Fm.,12.33122921,1.683893204,1.614132285,2.530778885,47.06928635,65030
3773.885584,SHETLAND GP.,Svarte Fm.,12.34645748,1.694908977,1.626965165,2.521166086,47.33457947,65030
3774.037584,SHETLAND GP.,Svarte Fm.,12.33153248,1.722784996,1.654849052,2.516742468,48.30773163,65030
3774.189584,SHETLAND GP.,Svarte Fm.,12.32230091,1.750550985,1.685451269,2.519111157,49.40879059,65030
3774.341584,SHETLAND GP.,Svarte Fm.,12.34667873,1.777623892,1.715515256,2.525343657,50.66749191,65030
3774.493584,SHETLAND GP.,Svarte Fm.,12.3400898,1.808575869,1.742326021,2.528545618,50.80868149,65030
3774.645584,SHETLAND GP.,Svarte Fm.,12.33512974,1.828182936,1.766102076,2.526847363,53.48088455,65030
3774.797584,SHETLAND GP.,Svarte Fm.,12.33619976,1.826862693,1.760779619,2.519809008,53.32856369,65030
3774.949584,SHETLAND GP.,Svarte Fm.,12.35544872,1.803979039,1.739363313,2.515720129,54.71360779,65030
3775.101584,SHETLAND GP.,Svarte Fm.,12.35689068,1.766171217,1.732200027,2.521965504,54.50062943,65030
3775.253584,SHETLAND GP.,Svarte Fm.,12.35120678,1.772929668,1.766594291,2.532758236,53.8538971,65030
3775.405584,SHETLAND GP.,Svarte Fm.,12.35009956,1.809633732,1.815145135,2.53241539,53.04640198,65030
3775.557584,SHETLAND GP.,Svarte Fm.,12.34541225,1.827119112,1.835834146,2.524350643,50.95146942,65030
3775.709584,SHETLAND GP.,Svarte Fm.,12.36199093,1.809630394,1.807239533,2.520453692,50.76596832,65030
3775.861584,SHETLAND GP.,Svarte Fm.,12.34521771,1.822010279,1.785164595,2.522961855,48.74943924,65030
3776.013584,SHETLAND GP.,Svarte Fm.,12.36309147,1.821328878,1.78579247,2.520374537,47.26414871,65030
3776.165584,SHETLAND GP.,Svarte Fm.,12.39665508,1.788251877,1.750155449,2.512047768,46.34971619,65030
3776.317584,SHETLAND GP.,Svarte Fm.,12.39197254,1.822579861,1.758688569,2.508899927,46.5886116,65030
3776.469584,SHETLAND GP.,Svarte Fm.,12.38957501,1.811192274,1.74279356,2.516458988,50.26687622,65030
3776.621584,SHETLAND GP.,Svarte Fm.,12.40114307,1.770486713,1.714396477,2.526902676,54.1437912,65030
3776.773584,SHETLAND GP.,Svarte Fm.,12.4059,1.740441442,1.695853114,2.533129454,54.89754868,65030
3776.925584,SHETLAND GP.,Svarte Fm.,12.4059,1.713063359,1.680160403,2.532108307,51.60323334,65030
3777.077584,SHETLAND GP.,Svarte Fm.,12.41496944,1.713747859,1.686974645,2.51820755,45.22586441,65030
3777.229584,SHETLAND GP.,Svarte Fm.,12.41979981,1.730598688,1.699146748,2.503444433,44.7137413,65030
3777.381584,SHETLAND GP.,Svarte Fm.,12.43786144,1.730196714,1.691100121,2.494956732,45.56570435,65030
3777.533584,SHETLAND GP.,Svarte Fm.,12.4544096,1.718987465,1.672613502,2.500312567,48.8980751,65030
3777.685584,SHETLAND GP.,Svarte Fm.,12.45585346,1.722758889,1.676326275,2.50732398,54.08123398,65030
3777.837584,SHETLAND GP.,Svarte Fm.,12.45019054,1.748734832,1.689165235,2.509219408,58.81319046,65030
3777.989584,SHETLAND GP.,Svarte Fm.,12.44769955,1.785733581,1.707617998,2.507107735,60.34284973,65030
3778.141584,SHETLAND GP.,Svarte Fm.,12.44769955,1.799709678,1.718691707,2.506053925,56.68292999,65030
3778.293584,SHETLAND GP.,Svarte Fm.,12.43884754,1.783983469,1.705189347,2.509867191,51.98530197,65030
3778.445584,SHETLAND GP.,Svarte Fm.,12.42275524,1.709171534,1.631426215,2.517409325,48.10015106,65030
3778.597584,SHETLAND GP.,Svarte Fm.,12.42287445,1.641410232,1.572312474,2.526422977,45.57997513,65030
3778.749584,SHETLAND GP.,Svarte Fm.,12.41376114,1.701335549,1.621725917,2.524784088,45.14638901,65030
3778.901584,SHETLAND GP.,Svarte Fm.,12.41889191,1.83697772,1.743477702,2.511256695,46.88085175,65030
3779.053584,SHETLAND GP.,Svarte Fm.,12.42247105,1.946358562,1.829776049,2.495871782,49.86214447,65030
3779.205584,SHETLAND GP.,Svarte Fm.,12.42410851,1.973506331,1.830434442,2.491592407,52.65009308,65030
3779.357584,SHETLAND GP.,Svarte Fm.,12.42679977,1.937495232,1.797224283,2.494546175,54.95315552,65030
3779.509584,SHETLAND GP.,Svarte Fm.,12.41824627,1.899536967,1.77258575,2.499688149,54.9179306,65030
3779.661584,SHETLAND GP.,Svarte Fm.,12.41279984,1.865795255,1.750292301,2.504409313,51.92750931,65030
3779.813584,SHETLAND GP.,Svarte Fm.,12.40862656,1.83978641,1.753139377,2.514428616,47.05300522,65030
3779.965584,SHETLAND GP.,Svarte Fm.,12.39330578,1.897101879,1.833574295,2.52204895,43.68848419,65030
3780.117584,SHETLAND GP.,Svarte Fm.,12.38079739,2.029773951,1.981860399,2.522559643,42.12773895,30000
3780.269584,SHETLAND GP.,Svarte Fm.,12.38218021,2.165736198,2.138491392,2.515491247,42.50020599,30000
3780.421584,SHETLAND GP.,Svarte Fm.,12.37668037,2.211573362,2.203694344,2.502840042,41.90047455,30000
3780.573584,SHETLAND GP.,Svarte Fm.,12.38544369,2.21117425,2.224718809,2.494358301,40.97888947,30000
3780.725584,SHETLAND GP.,Svarte Fm.,12.38101006,2.239330292,2.270084143,2.496763945,40.47005081,30000
3780.877584,SHETLAND GP.,Svarte Fm.,12.37511253,2.257946253,2.325411081,2.503266096,40.36262131,30000
3781.029584,SHETLAND GP.,Svarte Fm.,12.40037823,2.161993265,2.229665756,2.50756979,42.61670685,30000
3781.181584,SHETLAND GP.,Svarte Fm.,12.42240429,1.967070341,2.003780603,2.513376474,45.49658966,65030
3781.333584,SHETLAND GP.,Svarte Fm.,12.43282223,1.839095235,1.861031056,2.516484261,47.35216522,65030
3781.485584,SHETLAND GP.,Svarte Fm.,12.44723702,1.870346189,1.890065432,2.512131453,48.1912117,65030
3781.637584,SHETLAND GP.,Svarte Fm.,12.43865204,2.002550125,2.008996725,2.500394821,47.84896088,30000
3781.789584,SHETLAND GP.,Svarte Fm.,12.41880989,2.146491289,2.132689238,2.492459059,47.27288055,30000
3781.941584,SHETLAND GP.,Svarte Fm.,12.42075825,2.188327789,2.156695366,2.489196777,45.057724,30000
3782.093584,SHETLAND GP.,Svarte Fm.,12.40902042,2.151382685,2.094769478,2.483693123,42.3372345,30000
3782.245584,SHETLAND GP.,Svarte Fm.,12.37777615,2.101575375,2.02715826,2.480080605,40.03738785,30000
3782.397584,SHETLAND GP.,Svarte Fm.,12.3699255,2.070162773,1.987233758,2.483856678,38.22252274,65030
3782.549584,SHETLAND GP.,Svarte Fm.,12.3725481,2.043034315,1.952831507,2.49093771,39.17964935,65030
3782.701584,SHETLAND GP.,Svarte Fm.,12.38261128,2.015043736,1.921254754,2.498178005,41.36912918,65030
3782.853584,SHETLAND GP.,Svarte Fm.,12.3765173,2.0001688,1.89941597,2.503481388,41.96022797,65030
3783.005584,SHETLAND GP.,Svarte Fm.,12.3698225,1.978078842,1.873104096,2.502469301,38.80148315,65030
3783.157584,SHETLAND GP.,Svarte Fm.,12.38024616,1.947419167,1.847715855,2.496569634,35.75626373,65030
3783.309584,SHETLAND GP.,Svarte Fm.,12.37737083,1.910430074,1.818290353,2.490348101,36.44907761,65030
3783.461584,SHETLAND GP.,Svarte Fm.,12.38234234,1.870702744,1.7872926,2.497948647,40.60134125,65030
3783.613584,SHETLAND GP.,Svarte Fm.,12.39189911,1.849553108,1.773443103,2.518910408,45.13340378,65030
3783.765584,SHETLAND GP.,Svarte Fm.,12.4049921,1.84304142,1.780141473,2.538514614,49.2593689,65030
3783.917584,SHETLAND GP.,Svarte Fm.,12.40700245,1.849750876,1.792877674,2.539139986,51.05205917,65030
3784.069584,SHETLAND GP.,Svarte Fm.,12.40262413,1.865668297,1.808907628,2.52699399,49.53983307,65030
3784.221584,SHETLAND GP.,Svarte Fm.,12.39484501,1.853033781,1.800197482,2.515928507,47.17514801,65030
3784.373584,SHETLAND GP.,Svarte Fm.,12.40330315,1.807666183,1.749291658,2.5116992,46.07912064,65030
3784.525584,SHETLAND GP.,Svarte Fm.,12.41252041,1.76920259,1.700398684,2.510348082,46.13481903,65030
3784.677584,SHETLAND GP.,Svarte Fm.,12.42404556,1.71897769,1.642114639,2.507935047,46.10026932,65030
3784.829584,SHETLAND GP.,Svarte Fm.,12.4316721,1.668376088,1.57650578,2.506925106,44.77836227,65000
3784.981584,SHETLAND GP.,Svarte Fm.,12.41432571,1.644555211,1.549741983,2.509138584,44.62829971,65000
3785.133584,SHETLAND GP.,Svarte Fm.,12.39517689,1.723231196,1.619933605,2.515904665,45.64318848,65000
3785.285584,SHETLAND GP.,Svarte Fm.,12.39567661,1.898299098,1.762115955,2.519340277,45.92868042,65030
3785.437584,SHETLAND GP.,Svarte Fm.,12.40940857,2.05973506,1.929476619,2.51513648,47.20702744,65030
3785.589584,SHETLAND GP.,Svarte Fm.,12.40223408,2.089856625,2.009404182,2.510387898,48.96377182,65030
3785.741584,SHETLAND GP.,Svarte Fm.,12.39365768,1.941973209,1.914450884,2.514877319,50.49015045,65030
3785.893584,SHETLAND GP.,Svarte Fm.,12.39715004,1.746365666,1.768224716,2.534605503,52.5249939,65030
3786.045584,SHETLAND GP.,Svarte Fm.,12.40238476,1.632355332,1.664659262,2.54929781,54.17140198,65030
3786.197584,SHETLAND GP.,Svarte Fm.,12.4024353,1.628920436,1.647427678,2.549206018,54.64659119,65030
3786.349584,SHETLAND GP.,Svarte Fm.,12.40234184,1.67643702,1.686171174,2.545550585,54.38225555,65030
3786.501584,SHETLAND GP.,Svarte Fm.,12.4024725,1.682811141,1.678287387,2.550869465,53.28918076,65030
3786.653584,SHETLAND GP.,Svarte Fm.,12.41585732,1.653782249,1.634408116,2.574709177,49.96700287,65030
3786.805584,SHETLAND GP.,Svarte Fm.,12.41512108,1.633874297,1.588640094,2.594137907,48.02841187,65030
3786.957584,SHETLAND GP.,Svarte Fm.,12.39371204,1.590982795,1.531549811,2.589516401,47.51865768,65000
3787.109584,SHETLAND GP.,Svarte Fm.,12.39525127,1.513460398,1.469211102,2.565984011,48.79680252,65000
3787.261584,SHETLAND GP.,Svarte Fm.,12.39722824,1.429866314,1.398634672,2.543711186,52.98381424,65000
3787.413584,SHETLAND GP.,Svarte Fm.,12.39706516,1.415853143,1.388399601,2.540974617,55.98875809,65000
3787.565584,SHETLAND GP.,Svarte Fm.,12.39231396,1.489397764,1.459233403,2.550069094,56.84975433,65000
3787.717584,SHETLAND GP.,Svarte Fm.,12.39154339,1.558759928,1.516493201,2.559125185,52.5438385,65000
3787.869584,SHETLAND GP.,Svarte Fm.,12.38585186,1.565755963,1.516286731,2.565970659,48.89325714,65000
3788.021584,SHETLAND GP.,Svarte Fm.,12.39208221,1.50247395,1.454419732,2.563958168,48.82349396,65000
3788.173584,SHETLAND GP.,Svarte Fm.,12.41467857,1.43245101,1.382178664,2.550724506,50.91762543,65000
3788.325584,SHETLAND GP.,Svarte Fm.,12.41602039,1.460711241,1.393397808,2.534503937,53.94327545,65000
3788.477584,SHETLAND GP.,Svarte Fm.,12.41820049,1.600193024,1.508036137,2.524714947,54.1782074,65000
3788.629584,SHETLAND GP.,Svarte Fm.,12.41470814,1.76040256,1.645707727,2.520317316,53.52679825,65000
3788.781584,SHETLAND GP.,Svarte Fm.,12.40492535,1.824373722,1.70368433,2.514996529,51.76673889,65000
3788.933584,SHETLAND GP.,Svarte Fm.,12.40012741,1.831049562,1.710752249,2.508883715,48.35637665,65000
3789.085584,SHETLAND GP.,Svarte Fm.,12.39655209,1.868317962,1.752097845,2.50249815,45.95243454,65000
3789.237584,SHETLAND GP.,Svarte Fm.,12.38961887,1.863295317,1.78463304,2.498688221,46.98123169,65000
3789.389584,SHETLAND GP.,Svarte Fm.,12.39694595,1.788799882,1.723833561,2.50430727,50.58395767,65000
3789.541584,SHETLAND GP.,Svarte Fm.,12.41116524,1.687316537,1.599159598,2.522573471,54.53873062,65000
3789.693584,SHETLAND GP.,Svarte Fm.,12.41461659,1.658082843,1.560466051,2.545936108,55.99952316,65000
3789.845584,SHETLAND GP.,Svarte Fm.,12.38832188,1.775334954,1.658042669,2.562769651,55.81943893,65000
3789.997584,SHETLAND GP.,Svarte Fm.,12.37299061,1.943042517,1.813310504,2.566879988,56.4414978,65000
3790.149584,SHETLAND GP.,Svarte Fm.,12.37250137,2.046612978,1.915947318,2.553379536,53.82117462,65000
3790.301584,SHETLAND GP.,Svarte Fm.,12.38489533,2.030567169,1.920193315,2.537899256,51.44813156,65000
3790.453584,SHETLAND GP.,Svarte Fm.,12.39593887,1.934969068,1.852168083,2.527142763,49.39864731,65000
3790.605584,SHETLAND GP.,Svarte Fm.,12.38020611,1.825766325,1.761352062,2.52692008,48.11038208,65000
3790.757584,SHETLAND GP.,Svarte Fm.,12.36410046,1.749562979,1.694504857,2.527386904,51.11629486,65000
3790.909584,SHETLAND GP.,Svarte Fm.,12.3669672,1.685708404,1.662332535,2.523207426,56.34991074,65000
3791.061584,SHETLAND GP.,Svarte Fm.,12.37100029,1.619749188,1.608814597,2.517515183,62.93917465,65000
3791.213584,SHETLAND GP.,Svarte Fm.,12.37674046,1.557932854,1.501375794,2.51243186,63.51720047,65000
3791.365584,SHETLAND GP.,Svarte Fm.,12.38071919,1.464743972,1.379326224,2.521465302,59.55334473,65000
3791.517584,SHETLAND GP.,Svarte Fm.,12.38155556,1.390559197,1.299650908,2.559420586,55.76165772,65000
3791.669584,SHETLAND GP.,Svarte Fm.,12.39189911,1.360667825,1.297546744,2.599502325,56.75965881,65000
3791.821584,SHETLAND GP.,Svarte Fm.,12.38914394,1.353232741,1.305130601,2.604554653,58.98275375,65000
3791.973584,SHETLAND GP.,Svarte Fm.,12.37253094,1.325094938,1.285766482,2.57437706,61.83488083,65000
3792.125584,SHETLAND GP.,Svarte Fm.,12.36047077,1.246134043,1.218829393,2.549189329,62.83452988,65000
3792.277584,SHETLAND GP.,Svarte Fm.,12.36829567,1.210876584,1.185535789,2.553038836,62.50785828,65000
3792.429584,SHETLAND GP.,Svarte Fm.,12.36678314,1.223186731,1.194598436,2.563187838,62.42487717,65000
3792.581584,SHETLAND GP.,Svarte Fm.,12.36025524,1.219459415,1.189914584,2.569303036,64.0011673,65000
3792.733584,SHETLAND GP.,Svarte Fm.,12.35522652,1.178543091,1.149138212,2.579024553,68.15141296,65000
3792.885584,SHETLAND GP.,Svarte Fm.,12.37450028,1.120047689,1.090571523,2.594796658,68.45326996,65000
3793.037584,SHETLAND GP.,Svarte Fm.,12.37582398,1.070456028,1.048458576,2.601477385,61.7842598,65000
3793.189584,SHETLAND GP.,Svarte Fm.,12.36751366,1.075286865,1.054876924,2.590196848,55.08080292,65000
3793.341584,SHETLAND GP.,Svarte Fm.,12.35533047,1.115711331,1.096961856,2.573669672,54.56016541,65000
3793.493584,SHETLAND GP.,Svarte Fm.,12.36410046,1.127522469,1.11279285,2.562300444,61.26395798,65000
3793.645584,SHETLAND GP.,Svarte Fm.,12.35639858,1.091501594,1.077110529,2.563943386,68.07540131,65000
3793.797584,SHETLAND GP.,Svarte Fm.,12.34319973,1.048722863,1.030594587,2.577660084,69.11698914,65000
3793.949584,SHETLAND GP.,Svarte Fm.,12.35078621,1.022940636,1.009693623,2.597401857,68.44750977,65000
3794.101584,SHETLAND GP.,Svarte Fm.,12.36410046,1.030523419,0.985495985,2.627282858,65.06909943,65000
3794.253584,SHETLAND GP.,Svarte Fm.,12.36907482,1.07212925,0.99837023,2.632097006,65.13153839,65000
3794.405584,SHETLAND GP.,Svarte Fm.,12.39034081,1.110280156,1.03898716,2.607910395,63.94263077,65000
3794.557584,SHETLAND GP.,Svarte Fm.,12.40790176,1.155954957,1.072399616,2.565489054,62.58010864,65000
3794.709584,SHETLAND GP.,Svarte Fm.,12.39767361,1.233309031,1.124066591,2.536899567,60.09151077,65000
3794.861584,SHETLAND GP.,Svarte Fm.,12.39418316,1.218051553,1.137228012,2.532131672,61.91719437,65000
3795.013584,SHETLAND GP.,Svarte Fm.,12.39671516,1.214032054,1.142748594,2.531394243,64.7859726,65000
3795.165584,SHETLAND GP.,Svarte Fm.,12.4059,1.22752893,1.170114279,2.533749342,63.45743942,65000
3795.317584,SHETLAND GP.,Svarte Fm.,12.4094305,1.223197579,1.234214544,2.535441399,57.83197403,65000
3795.469584,SHETLAND GP.,Svarte Fm.,12.41279316,1.251083732,1.292969704,2.535220861,54.35637665,65000
3795.621584,SHETLAND GP.,Svarte Fm.,12.40820694,1.269327641,1.329004169,2.530223846,56.54858017,65000
3795.773584,SHETLAND GP.,Svarte Fm.,12.41051579,1.259873509,1.321038127,2.522381067,57.95320892,65000
3795.925584,SHETLAND GP.,Svarte Fm.,12.40359783,1.238462448,1.282469034,2.514647245,56.75551987,65000
3796.077584,SHETLAND GP.,Svarte Fm.,12.40343857,1.220702291,1.23900497,2.50655508,54.78509522,65000
3796.229584,SHETLAND GP.,Svarte Fm.,12.40716553,1.232575059,1.221155286,2.508900881,55.42750168,65000
3796.381584,SHETLAND GP.,Svarte Fm.,12.37867069,1.266730905,1.226105332,2.529612303,56.32064056,65000
3796.533584,SHETLAND GP.,Svarte Fm.,12.34429741,1.302527428,1.23611331,2.577370167,58.69657517,65000
3796.685584,SHETLAND GP.,Svarte Fm.,12.34773922,1.312355161,1.228031635,2.653923512,61.11315537,65000
3796.837584,SHETLAND GP.,Svarte Fm.,12.33700848,1.331599593,1.237025976,2.724339247,61.85398865,65000
3796.989584,SHETLAND GP.,Svarte Fm.,12.31263828,1.361139894,1.266576648,2.760260344,63.20583725,65000
3797.141584,SHETLAND GP.,Svarte Fm.,12.32230091,1.387261152,1.296797037,2.763547421,59.01306152,65000
3797.293584,SHETLAND GP.,Svarte Fm.,12.32440758,1.387001634,1.320051551,2.756535053,56.04804611,65000
3797.445584,SHETLAND GP.,Svarte Fm.,12.33344269,1.386061072,1.338515878,2.762861013,51.51261139,65000
3797.597584,SHETLAND GP.,Svarte Fm.,12.3369236,1.407323003,1.368756652,2.771581888,52.89999008,65000
3797.749584,SHETLAND GP.,Svarte Fm.,12.33159542,1.435872078,1.407269478,2.776717424,59.22590637,65000
3797.901584,SHETLAND GP.,Svarte Fm.,12.35053444,1.443947554,1.421431541,2.778008461,63.30447006,65000
3798.053584,SHETLAND GP.,Svarte Fm.,12.34319973,1.466678858,1.445606232,2.773878336,64.26136017,65000
3798.205584,SHETLAND GP.,Svarte Fm.,12.34015751,1.491410255,1.469579339,2.772346735,58.3155632,65000
3798.357584,SHETLAND GP.,Svarte Fm.,12.33370209,1.501605153,1.483021855,2.770471335,52.8148613,70000
3798.509584,SHETLAND GP.,Svarte Fm.,12.34114265,1.484224439,1.474219441,2.773098707,50.73970413,70000
3798.661584,SHETLAND GP.,Svarte Fm.,12.34477902,1.461087465,1.474226356,2.783929825,52.55016327,70000
3798.813584,SHETLAND GP.,Svarte Fm.,12.32034683,1.450470448,1.485175133,2.796041966,53.17348099,70000
3798.965584,SHETLAND GP.,Svarte Fm.,12.32489491,1.452138662,1.491245985,2.798181057,53.18499374,65000
3799.117584,SHETLAND GP.,Svarte Fm.,12.35105705,1.409911633,1.461036801,2.789030552,53.32979584,65000
3799.269584,SHETLAND GP.,Svarte Fm.,12.35077953,1.366395235,1.422571421,2.782105207,56.24820328,65000
3799.421584,SHETLAND GP.,Svarte Fm.,12.33381462,1.320695996,1.38838625,2.780452967,58.74692535,65000
3799.573584,SHETLAND GP.,Svarte Fm.,12.31479645,1.328788877,1.369362831,2.783724785,59.9998436,65000
3799.725584,SHETLAND GP.,Svarte Fm.,12.33177948,1.326319218,1.348059177,2.78665328,59.81028748,65000
3799.877584,SHETLAND GP.,Svarte Fm.,12.3328476,1.322561622,1.32289207,2.78625989,55.8271904,65030
3800.029584,SHETLAND GP.,Svarte Fm.,12.33780193,1.290603995,1.2774719,2.788467646,48.55228043,65030
3800.181584,SHETLAND GP.,Svarte Fm.,12.32764339,1.249783039,1.226367354,2.784374714,42.95518494,65030
3800.333584,SHETLAND GP.,Svarte Fm.,12.34494019,1.203328371,1.175533533,2.767944098,41.3339386,65030
3800.485584,SHETLAND GP.,Svarte Fm.,12.34315205,1.159578204,1.124928236,2.739352942,45.21918488,65030
3800.637584,SHETLAND GP.,Svarte Fm.,12.33005238,1.116381526,1.076875925,2.702702999,49.13431168,65030
3800.789584,SHETLAND GP.,Svarte Fm.,12.34762096,1.066955805,1.015262961,2.668703795,52.30479431,65030
3800.941584,SHETLAND GP.,Svarte Fm.,12.33763027,1.049224019,0.990086377,2.633652926,55.3278389,65000
3801.093584,SHETLAND GP.,Svarte Fm.,12.36410046,1.148169279,1.050127149,2.602215052,57.63213348,65000
3801.245584,SHETLAND GP.,Svarte Fm.,12.36410046,1.233154774,1.130761981,2.578494787,58.74255371,65000
3801.397584,SHETLAND GP.,Svarte Fm.,12.36900711,1.42138958,1.25845921,2.567255735,58.61951828,65000
3801.549584,SHETLAND GP.,Svarte Fm.,12.38014793,1.435724378,1.296194792,2.560692787,57.89634323,65000
3801.701584,SHETLAND GP.,Svarte Fm.,12.36887932,1.395014048,1.294666648,2.548215389,55.61990356,65000
3801.853584,SHETLAND GP.,Svarte Fm.,12.3802681,1.387352586,1.29524672,2.529979229,51.46522141,65000
3802.005584,SHETLAND GP.,Svarte Fm.,12.36410046,1.466249824,1.475489855,2.51697588,53.69835281,65000
3802.157584,SHETLAND GP.,Svarte Fm.,12.3656292,1.557808876,1.656715512,2.524687767,58.17518234,65000
3802.309584,SHETLAND GP.,Svarte Fm.,12.36720657,1.655062676,1.742555976,2.541883469,63.66198731,65000
3802.461584,SHETLAND GP.,Svarte Fm.,12.35886478,1.721947789,1.787041783,2.557270289,63.936409,65000
3802.613584,SHETLAND GP.,Svarte Fm.,12.37949467,1.72274828,1.747830033,2.571849585,63.31944656,65000
3802.765584,SHETLAND GP.,Svarte Fm.,12.39381695,1.696119666,1.692534566,2.572589874,62.83072662,65000
3802.917584,SHETLAND GP.,Svarte Fm.,12.42389584,1.667980671,1.647087932,2.571391821,60.54630661,65000
3803.069584,SHETLAND GP.,Svarte Fm.,12.41852379,1.642645359,1.603771329,2.563074112,56.75114059,65000
3803.221584,SHETLAND GP.,Svarte Fm.,12.4392786,1.616040587,1.589998603,2.55804491,53.40925598,65000
3803.373584,SHETLAND GP.,Svarte Fm.,12.43021298,1.604398727,1.589319468,2.551956892,57.00022507,65000
3803.525584,SHETLAND GP.,Svarte Fm.,12.41836643,1.600648999,1.587432504,2.543235779,60.31210327,65000
3803.677584,SHETLAND GP.,Svarte Fm.,12.43086529,1.598827958,1.584338903,2.539747477,59.9697113,65000
3803.829584,SHETLAND GP.,Svarte Fm.,12.44368076,1.601330638,1.584057808,2.542022944,58.6716423,65000
3803.981584,SHETLAND GP.,Svarte Fm.,12.4294405,1.604514003,1.58138299,2.54473114,58.1828804,65000
3804.133584,SHETLAND GP.,Svarte Fm.,12.44201088,1.605000019,1.57656908,2.549581051,63.60770035,65000
3804.285584,SHETLAND GP.,Svarte Fm.,12.44769955,1.603363276,1.568390846,2.555386066,62.95929718,65000
3804.437584,SHETLAND GP.,Svarte Fm.,12.44895268,1.595609546,1.555175185,2.563564062,59.71945953,65000
3804.589584,SHETLAND GP.,Svarte Fm.,12.4589777,1.592018724,1.540965676,2.559049606,57.60416794,65000
3804.741584,SHETLAND GP.,Svarte Fm.,12.47592259,1.582145453,1.523967862,2.550315142,57.57118988,65000
3804.893584,SHETLAND GP.,Svarte Fm.,12.45557022,1.568077803,1.50797236,2.545545101,61.57814407,65000
3805.045584,SHETLAND GP.,Svarte Fm.,12.43155384,1.582550764,1.523046851,2.550143242,61.46592712,65000
3805.197584,SHETLAND GP.,Svarte Fm.,12.45460033,1.601323366,1.53849709,2.554609537,61.00195694,65000
3805.349584,SHETLAND GP.,Svarte Fm.,12.4569273,1.629436016,1.57023406,2.550569773,57.5937233,65000
3805.501584,SHETLAND GP.,Svarte Fm.,12.46746159,1.620180249,1.566021204,2.544899941,55.23118591,65000
3805.653584,SHETLAND GP.,Svarte Fm.,12.45937061,1.594707251,1.546468616,2.54427433,57.10287857,65000
3805.805584,SHETLAND GP.,Svarte Fm.,12.44548512,1.569893837,1.526016951,2.540746927,56.7698555,65000
3805.957584,SHETLAND GP.,Svarte Fm.,12.43478966,1.589072108,1.55219543,2.538683176,59.31040192,65000
3806.109584,SHETLAND GP.,Svarte Fm.,12.44177246,1.607230187,1.56647861,2.536011696,61.00918579,65000
3806.261584,SHETLAND GP.,Svarte Fm.,12.44873333,1.591255546,1.545322299,2.543418884,62.60375214,65000
3806.413584,SHETLAND GP.,Svarte Fm.,12.4581995,1.570888758,1.515548706,2.547573566,59.49098969,65000
3806.565584,SHETLAND GP.,Svarte Fm.,12.47849178,1.561653853,1.484067321,2.546474934,54.93795013,65000
3806.717584,SHETLAND GP.,Svarte Fm.,12.47550011,1.533772111,1.44571507,2.536457777,55.73355103,65000
3806.869584,SHETLAND GP.,Svarte Fm.,12.47307968,1.533539057,1.445766926,2.530506134,58.86447144,65000
3807.021584,SHETLAND GP.,Svarte Fm.,12.45381641,1.593887687,1.505972862,2.533207417,59.47809982,65000
3807.173584,SHETLAND GP.,Svarte Fm.,12.42210197,1.749615789,1.656363845,2.538663387,61.13545227,65000
3807.325584,SHETLAND GP.,Svarte Fm.,12.39236164,1.92771709,1.820079565,2.539480209,60.75058746,65000
3807.477584,SHETLAND GP.,Svarte Fm.,12.39271355,1.834423661,1.77323246,2.530360937,60.92303085,65000
3807.629584,SHETLAND GP.,Svarte Fm.,12.37450028,1.9297961,1.874796629,2.538421869,59.72138596,65000
3807.781584,SHETLAND GP.,Svarte Fm.,12.37752533,1.808766842,1.838079929,2.559206009,58.17736054,65030
3807.933584,SHETLAND GP.,Svarte Fm.,12.39592934,1.889608622,2.014189482,2.601587534,57.87371826,65030
3808.085584,SHETLAND GP.,Svarte Fm.,12.37741089,1.783419013,1.895412445,2.636058331,52.96936035,65030
3808.237584,SHETLAND GP.,Svarte Fm.,12.39808941,1.687140584,1.794001341,2.666944981,48.86517334,65030
3808.389584,SHETLAND GP.,Svarte Fm.,12.3958559,1.699316979,1.812698364,2.658505678,46.81789398,65030
3808.541584,SHETLAND GP.,Svarte Fm.,12.42834377,1.73435545,1.803166747,2.61937809,47.95749283,65000
3808.693584,SHETLAND GP.,Svarte Fm.,12.43842793,1.750941277,1.799556971,2.565279007,53.94513321,65000
3808.845584,SHETLAND GP.,Svarte Fm.,12.42053509,1.758609295,1.780547857,2.53553915,57.37304306,65000
3808.997584,SHETLAND GP.,Svarte Fm.,12.42572117,1.818527818,1.794543266,2.527984142,61.73155594,65000
3809.149584,SHETLAND GP.,Svarte Fm.,12.41735458,1.859169364,1.779913306,2.52576828,61.40153503,65000
3809.301584,SHETLAND GP.,Svarte Fm.,12.42201424,1.87814343,1.789271236,2.523153067,59.62115479,65000
3809.453584,SHETLAND GP.,Svarte Fm.,12.37668896,1.891386986,1.819855452,2.526645422,56.90598297,65000
3809.605584,SHETLAND GP.,Svarte Fm.,12.36602497,1.901778936,1.854839444,2.528567076,60.48691177,65000
3809.757584,SHETLAND GP.,Svarte Fm.,12.38249397,1.918844461,1.891295672,2.52345562,58.48967362,65000
3809.909584,SHETLAND GP.,Svarte Fm.,12.35648727,1.907840133,1.891097784,2.514724731,61.56202316,65000
3810.061584,SHETLAND GP.,Svarte Fm.,12.35039806,1.955098271,1.940177202,2.513326168,59.03554535,65000
3810.213584,SHETLAND GP.,Svarte Fm.,12.3533144,2.057504892,2.044056892,2.518869638,59.67453766,65000
3810.365584,SHETLAND GP.,Svarte Fm.,12.35120869,2.222702265,2.203045607,2.530417919,57.10940933,65030
3810.517584,SHETLAND GP.,Svarte Fm.,12.36623955,2.406296015,2.371995449,2.53760767,52.62780762,65030
3810.669584,SHETLAND GP.,Svarte Fm.,12.39086247,2.480273485,2.431737423,2.53673029,53.55804062,65030
3810.821584,SHETLAND GP.,Svarte Fm.,12.37800026,2.356434822,2.309297085,2.524090529,50.18054199,65000
3810.973584,SHETLAND GP.,Svarte Fm.,12.37800026,2.142614842,2.087478399,2.516285181,52.11763763,65000
3811.125584,SHETLAND GP.,Svarte Fm.,12.37985134,2.002038717,1.952800512,2.519582748,50.8981247,65000
3811.277584,SHETLAND GP.,Svarte Fm.,12.40456295,1.867993712,1.831884146,2.530907154,53.29288101,65000
3811.429584,SHETLAND GP.,Svarte Fm.,12.38374138,1.766494989,1.724220395,2.535273552,52.23307419,65000
3811.581584,SHETLAND GP.,Svarte Fm.,12.36652374,1.666059732,1.621210456,2.533189774,54.41314697,65000
3811.733584,SHETLAND GP.,Svarte Fm.,12.40473557,1.635479212,1.592432976,2.531817675,56.60539246,65000
3811.885584,SHETLAND GP.,Svarte Fm.,12.38685989,1.682032943,1.628139854,2.539279461,57.85582733,65000
3812.037584,SHETLAND GP.,Svarte Fm.,12.41873169,1.733293772,1.681789517,2.546245337,55.20311737,65030
3812.189584,SHETLAND GP.,Svarte Fm.,12.39873314,1.75112915,1.709231496,2.550762177,51.31909561,65030
3812.341584,SHETLAND GP.,Svarte Fm.,12.39429951,1.698393345,1.665210843,2.550108194,52.76656342,65000
3812.493584,SHETLAND GP.,Svarte Fm.,12.3704052,1.632824302,1.613113999,2.552755594,54.56817246,65000
3812.645584,SHETLAND GP.,Svarte Fm.,12.35823059,1.591657281,1.580430627,2.560975313,58.26338959,65000
3812.797584,SHETLAND GP.,Svarte Fm.,12.38576698,1.611927152,1.59482801,2.567705631,55.2552948,65000
3812.949584,SHETLAND GP.,Svarte Fm.,12.40553856,1.676768899,1.646579146,2.572879553,59.03985214,65000
3813.101584,SHETLAND GP.,Svarte Fm.,12.3959589,1.786707521,1.756318212,2.566539049,57.95666122,65000
3813.253584,SHETLAND GP.,Svarte Fm.,12.41134453,1.918618083,1.873661518,2.561532736,51.43822098,65030
3813.405584,SHETLAND GP.,Svarte Fm.,12.36546135,1.996622801,1.956374884,2.556086779,50.26205826,65030
3813.557584,SHETLAND GP.,Svarte Fm.,12.41638279,1.978509426,1.94031179,2.555561781,46.23241043,65030
3813.709584,SHETLAND GP.,Svarte Fm.,12.41950035,1.966822028,1.932684183,2.553939581,47.95507813,65030
3813.861584,SHETLAND GP.,Svarte Fm.,12.40569687,1.97499609,1.93484509,2.551087856,46.78471756,65030
3814.013584,SHETLAND GP.,Svarte Fm.,12.39557743,1.875923157,1.848537326,2.545406818,50.53345871,65030
3814.165584,SHETLAND GP.,Svarte Fm.,12.40576172,1.739076018,1.718346,2.546365976,50.83603668,65030
3814.317584,SHETLAND GP.,Svarte Fm.,12.39551354,1.768741131,1.75330019,2.589318037,53.30749893,65030
3814.469584,SHETLAND GP.,Svarte Fm.,12.4059,1.909124374,1.899020076,2.64547348,48.59688187,65030
3814.621584,SHETLAND GP.,Svarte Fm.,12.40594387,2.025295019,2.01473856,2.676463366,44.52343369,65030
3814.773584,SHETLAND GP.,Svarte Fm.,12.41272831,1.900309801,1.896515727,2.639688253,41.81648254,65030
3814.925584,SHETLAND GP.,Svarte Fm.,12.38500691,1.787494063,1.785996199,2.596191645,47.25349426,65030
3815.077584,SHETLAND GP.,Svarte Fm.,12.40585899,1.768237591,1.773524284,2.569551945,51.42546082,65030
3815.229584,SHETLAND GP.,Svarte Fm.,12.37463188,1.754059672,1.756671071,2.568603754,55.86220551,65030
3815.381584,SHETLAND GP.,Svarte Fm.,12.40564728,1.737335205,1.731602907,2.552927017,49.21261215,65030
3815.533584,SHETLAND GP.,Svarte Fm.,12.41624165,1.71315074,1.702699184,2.547752619,49.41027451,65030
3815.685584,SHETLAND GP.,Svarte Fm.,12.42666817,1.714874864,1.699042797,2.545725346,48.56272507,65030
3815.837584,SHETLAND GP.,Svarte Fm.,12.40620995,1.765833259,1.73949039,2.549640656,51.95132065,65030
3815.989584,SHETLAND GP.,Svarte Fm.,12.4059,1.839826942,1.811852574,2.551272631,49.41675186,65030
3816.141584,SHETLAND GP.,Svarte Fm.,12.41608238,1.911398411,1.855494499,2.558153629,49.54039764,65030
3816.293584,SHETLAND GP.,Svarte Fm.,12.39930248,1.917295575,1.876229048,2.570802927,49.72489929,65030
3816.445584,SHETLAND GP.,Svarte Fm.,12.41244602,1.918082118,1.888102055,2.56983304,50.96842575,65030
3816.597584,SHETLAND GP.,Svarte Fm.,12.40609169,1.932003617,1.916401744,2.561049461,47.48492432,65030
3816.749584,SHETLAND GP.,Svarte Fm.,12.4125824,1.936467528,1.92688477,2.549274921,49.37326813,65030
3816.901584,SHETLAND GP.,Svarte Fm.,12.40613365,1.895827651,1.904301763,2.553537607,48.08932495,65030
3817.053584,SHETLAND GP.,Svarte Fm.,12.41255093,1.851216674,1.858196139,2.564399481,53.69881439,65030
3817.205584,SHETLAND GP.,Svarte Fm.,12.41279984,1.82363534,1.812840819,2.570954561,52.25462723,65030
3817.357584,SHETLAND GP.,Svarte Fm.,12.40619087,1.794151425,1.746827245,2.567081213,54.66276169,65030
3817.509584,SHETLAND GP.,Svarte Fm.,12.39920998,1.74158752,1.682845354,2.565180063,53.54077148,65030
3817.661584,SHETLAND GP.,Svarte Fm.,12.41215038,1.726140022,1.651210785,2.562144756,53.97596741,65030
3817.813584,SHETLAND GP.,Svarte Fm.,12.39625168,1.703436136,1.624597788,2.560858727,57.11157608,65030
3817.965584,SHETLAND GP.,Svarte Fm.,12.37560272,1.690554142,1.605965257,2.545833588,57.66320801,65030
3818.117584,SHETLAND GP.,Svarte Fm.,12.39755535,1.70123899,1.624654174,2.533944368,59.81964874,65030
3818.269584,SHETLAND GP.,Svarte Fm.,12.40549851,1.690116763,1.623631835,2.52868104,56.03566361,65030
3818.421584,SHETLAND GP.,Svarte Fm.,12.42555428,1.649056912,1.601306558,2.532349587,53.20700836,65030
3818.573584,SHETLAND GP.,Svarte Fm.,12.43003368,1.628956676,1.594458818,2.544702053,53.88018417,65030
3818.725584,SHETLAND GP.,Svarte Fm.,12.43347168,1.608551621,1.587465882,2.555965185,55.87883759,65000
3818.877584,SHETLAND GP.,Svarte Fm.,12.44674778,1.626026988,1.595667839,2.564435959,57.29925919,65000
3819.029584,SHETLAND GP.,Svarte Fm.,12.43468189,1.552367449,1.531309009,2.567324638,56.56298828,65000
3819.181584,SHETLAND GP.,Svarte Fm.,12.41756058,1.510805249,1.486053109,2.560265303,54.73069382,65000
3819.333584,SHETLAND GP.,Svarte Fm.,12.36807919,1.467353821,1.440683365,2.55166316,56.97842407,65000
3819.485584,SHETLAND GP.,Svarte Fm.,12.37690735,1.455983758,1.428170323,2.532572031,55.08105469,65000
3819.637584,SHETLAND GP.,Svarte Fm.,12.37478352,1.452174902,1.425102234,2.523463011,58.49670792,65000
3819.789584,SHETLAND GP.,Svarte Fm.,12.36496449,1.439980507,1.419857144,2.532885552,59.42932129,65000
3819.941584,SHETLAND GP.,Svarte Fm.,12.36410046,1.41141367,1.384516954,2.557542324,62.65763092,65000
3820.093584,SHETLAND GP.,Svarte Fm.,12.37675953,1.381385803,1.35451436,2.59723258,60.27999497,65000
3820.245584,SHETLAND GP.,Svarte Fm.,12.39380741,1.363527775,1.335001588,2.607441187,59.71950531,65000
3820.397584,SHETLAND GP.,Svarte Fm.,12.38597488,1.36109364,1.331940651,2.601937532,58.11405945,65000
3820.549584,SHETLAND GP.,Svarte Fm.,12.36610699,1.385769606,1.34743917,2.571829796,57.86621475,65000
3820.701584,SHETLAND GP.,Svarte Fm.,12.37031269,1.416939616,1.377999663,2.556185961,55.92641068,65000
3820.853584,SHETLAND GP.,Svarte Fm.,12.34603882,1.431143999,1.393501043,2.550130844,55.41665649,65000
3821.005584,SHETLAND GP.,Svarte Fm.,12.35564995,1.414039612,1.380838633,2.549868822,55.53722763,65000
3821.157584,SHETLAND GP.,Svarte Fm.,12.34468174,1.38250792,1.351594687,2.537839651,59.30120087,65000
3821.309584,SHETLAND GP.,Svarte Fm.,12.36793327,1.355067372,1.325701833,2.531773567,58.96910858,65000
3821.461584,SHETLAND GP.,Svarte Fm.,12.3834219,1.346687675,1.316423059,2.53049016,59.6374054,65000
3821.613584,SHETLAND GP.,Svarte Fm.,12.37261009,1.363168955,1.331795454,2.539780855,54.41662598,65000
3821.765584,SHETLAND GP.,Svarte Fm.,12.35873032,1.376963973,1.34228611,2.544619083,54.33363342,65000
3821.917584,SHETLAND GP.,Svarte Fm.,12.37239647,1.371819019,1.329334736,2.544044972,55.99850082,65000
3822.069584,SHETLAND GP.,Svarte Fm.,12.35924721,1.360117436,1.320211649,2.546091557,59.07070541,65000
3822.221584,SHETLAND GP.,Svarte Fm.,12.37537479,1.347320557,1.308270335,2.54430151,64.67151642,65000
3822.373584,SHETLAND GP.,Svarte Fm.,12.35671997,1.35904336,1.314549089,2.547052383,63.99616623,65000
3822.525584,SHETLAND GP.,Svarte Fm.,12.35055542,1.370916486,1.322658896,2.54906559,62.15356827,65000
3822.677584,SHETLAND GP.,Svarte Fm.,12.35616398,1.348579049,1.302910805,2.551205635,59.07449341,65000
3822.829584,SHETLAND GP.,Svarte Fm.,12.38119888,1.326674938,1.282856941,2.545194626,66.66823578,65000
3822.981584,SHETLAND GP.,Svarte Fm.,12.35493374,1.31458199,1.270120502,2.531622171,65.92853546,65000
3823.133584,SHETLAND GP.,Svarte Fm.,12.34417057,1.321692348,1.275030255,2.524101019,59.53971863,65000
3823.285584,SHETLAND GP.,Svarte Fm.,12.37297535,1.330372572,1.286281705,2.515841723,56.63062668,65000
3823.437584,SHETLAND GP.,Svarte Fm.,12.36614227,1.331258774,1.287402749,2.519633293,54.98532486,65000
3823.589584,SHETLAND GP.,Svarte Fm.,12.36997128,1.331880689,1.2960639,2.522201777,56.98355103,65000
3823.741584,SHETLAND GP.,Svarte Fm.,12.36514473,1.360513091,1.328743815,2.533956289,59.40457916,65000
3823.893584,SHETLAND GP.,Svarte Fm.,12.36993122,1.397456288,1.370803833,2.555181503,63.81272888,65000
3824.045584,SHETLAND GP.,Svarte Fm.,12.36518765,1.400519729,1.389379144,2.590209246,64.52700806,65000
3824.197584,SHETLAND GP.,Svarte Fm.,12.34065723,1.407310009,1.389751554,2.644497395,61.0521431,65000
3824.349584,SHETLAND GP.,Svarte Fm.,12.34348965,1.407191634,1.382947564,2.674481869,58.99097061,65030
3824.501584,SHETLAND GP.,Svarte Fm.,12.35216999,1.404977918,1.379443526,2.661534786,58.29194641,65030
3824.653584,SHETLAND GP.,Svarte Fm.,12.36807919,1.382798195,1.354701757,2.612183332,59.93904495,65000
3824.805584,SHETLAND GP.,Svarte Fm.,12.37390423,1.345464706,1.317694306,2.568554401,61.41772461,65000
3824.957584,SHETLAND GP.,Svarte Fm.,12.37450028,1.313796759,1.284955859,2.552978277,63.13909149,65000
3825.109584,SHETLAND GP.,Svarte Fm.,12.34289932,1.285084844,1.254252195,2.552190304,64.16021729,65000
3825.261584,SHETLAND GP.,Svarte Fm.,12.34195042,1.289793968,1.258100987,2.56299758,66.99855804,65000
3825.413584,SHETLAND GP.,Svarte Fm.,12.36031723,1.335715175,1.288927913,2.58126998,66.24576569,65000
3825.565584,SHETLAND GP.,Svarte Fm.,12.34703064,1.377742052,1.33393085,2.596642256,64.0990448,65000
3825.717584,SHETLAND GP.,Svarte Fm.,12.35167027,1.428329468,1.389105916,2.598811388,58.62260819,65000
3825.869584,SHETLAND GP.,Svarte Fm.,12.37338638,1.488070726,1.464978099,2.591726303,56.07339859,65000
3826.021584,SHETLAND GP.,Svarte Fm.,12.37234211,1.543835759,1.529751658,2.602791071,54.70640564,65000
3826.173584,SHETLAND GP.,Svarte Fm.,12.35697365,1.59154141,1.586721659,2.61740756,54.74921036,65000
3826.325584,SHETLAND GP.,Svarte Fm.,12.35078621,1.579600215,1.58907938,2.620923281,57.44872665,65000
3826.477584,SHETLAND GP.,Svarte Fm.,12.3613224,1.584760189,1.590126157,2.601621628,59.42176056,65000
3826.629584,SHETLAND GP.,Svarte Fm.,12.36410046,1.619780421,1.630004048,2.583552361,62.33592224,65000
3826.781584,SHETLAND GP.,Svarte Fm.,12.35574722,1.59506774,1.582467556,2.577177286,61.48331451,65000
3826.933584,SHETLAND GP.,Svarte Fm.,12.37295437,1.475630403,1.456651092,2.585283995,61.6421814,65000
3827.085584,SHETLAND GP.,Svarte Fm.,12.35870075,1.352656007,1.33065033,2.588865519,61.53829956,65000
3827.237584,SHETLAND GP.,Svarte Fm.,12.34541035,1.269608855,1.24602139,2.582979202,64.32063294,65000
3827.389584,SHETLAND GP.,Svarte Fm.,12.37600613,1.246836543,1.216208339,2.568899632,64.11359406,65000
3827.541584,SHETLAND GP.,Svarte Fm.,12.36864471,1.247404337,1.221164942,2.556656838,63.29375839,65000
3827.693584,SHETLAND GP.,Svarte Fm.,12.34232903,1.265579224,1.238816381,2.560442686,62.60281372,65000
3827.845584,SHETLAND GP.,Svarte Fm.,12.33348084,1.302738071,1.285825133,2.574862242,61.94586563,65000
3827.997584,SHETLAND GP.,Svarte Fm.,12.3408289,1.414117813,1.392243505,2.595687389,61.33592224,65000
3828.149584,SHETLAND GP.,Svarte Fm.,12.34319973,1.550815105,1.52939415,2.602398396,60.26988983,65000
3828.301584,SHETLAND GP.,Svarte Fm.,12.33511829,1.546301365,1.527009845,2.591970444,61.71796036,65000
3828.453584,SHETLAND GP.,Svarte Fm.,12.32471943,1.50035131,1.480376959,2.573504925,61.24435043,65000
3828.605584,SHETLAND GP.,Svarte Fm.,12.32757092,1.446536422,1.424555779,2.560114622,58.97137451,65000
3828.757584,SHETLAND GP.,Svarte Fm.,12.33985806,1.359656215,1.348652244,2.558998823,59.54151917,65000
3828.909584,SHETLAND GP.,Svarte Fm.,12.34319973,1.273521662,1.253597021,2.564889431,59.13631821,65000
3829.061584,SHETLAND GP.,Svarte Fm.,12.33790207,1.276052952,1.237016797,2.573411226,59.40031433,65000
3829.213584,SHETLAND GP.,Svarte Fm.,12.34930801,1.303640366,1.252206922,2.576202631,58.9804306,65000
3829.365584,SHETLAND GP.,Svarte Fm.,12.34053803,1.328241587,1.260228515,2.576925516,58.2075882,65000
3829.517584,SHETLAND GP.,Svarte Fm.,12.32579708,1.349093914,1.257608056,2.578147888,60.34698105,65000
3829.669584,SHETLAND GP.,Svarte Fm.,12.33267212,1.341564059,1.256150842,2.573799133,59.49253464,65000
3829.821584,SHETLAND GP.,Svarte Fm.,12.33100033,1.320142865,1.257288337,2.565292597,56.43289566,65000
3829.973584,SHETLAND GP.,Svarte Fm.,12.33956051,1.313903928,1.268504977,2.55675745,53.076828,65000
3830.125584,SHETLAND GP.,Svarte Fm.,12.34319973,1.290559053,1.266987801,2.55696106,55.15100479,65000
3830.277584,SHETLAND GP.,Svarte Fm.,12.33805084,1.308191419,1.282385469,2.559123993,57.46534729,65000
3830.429584,SHETLAND GP.,Svarte Fm.,12.32089901,1.343343973,1.313418984,2.56333375,61.96670532,65000
3830.581584,SHETLAND GP.,Svarte Fm.,12.35089684,1.381539822,1.357731819,2.558499813,64.37464905,65000
3830.733584,SHETLAND GP.,Svarte Fm.,12.35391903,1.418596745,1.399887204,2.55052805,63.7169342,65000
3830.885584,SHETLAND GP.,Svarte Fm.,12.32994747,1.46104908,1.438129664,2.546877623,65.57626343,65000
3831.037584,SHETLAND GP.,Svarte Fm.,12.32230091,1.489226461,1.462158442,2.553526402,66.08178711,65000
3831.189584,SHETLAND GP.,Svarte Fm.,12.33733273,1.502996087,1.469413877,2.568455458,66.3217926,65000
3831.341584,SHETLAND GP.,Svarte Fm.,12.37315178,1.490379214,1.456513763,2.577212572,65.84662628,65000
3831.493584,SHETLAND GP.,Svarte Fm.,12.35514259,1.464128256,1.427456737,2.574871302,64.37128449,65000
3831.645584,SHETLAND GP.,Svarte Fm.,12.36299515,1.443781734,1.431742311,2.565538883,63.26630402,65000
3831.797584,SHETLAND GP.,Svarte Fm.,12.35866928,1.470901728,1.44715023,2.566651821,60.58114624,65000
3831.949584,SHETLAND GP.,Svarte Fm.,12.35112858,1.510289788,1.468142271,2.577082872,57.75576782,65000
3832.101584,SHETLAND GP.,Svarte Fm.,12.36726952,1.539706469,1.488710523,2.585273743,55.21817017,65000
3832.253584,SHETLAND GP.,Svarte Fm.,12.3622961,1.515164971,1.469920754,2.590075731,55.33753586,65000
3832.405584,SHETLAND GP.,Svarte Fm.,12.36198711,1.513266563,1.472553253,2.608471632,55.72671509,65000
3832.557584,SHETLAND GP.,Svarte Fm.,12.35679913,1.588972569,1.552527189,2.642738581,55.75473785,65000
3832.709584,SHETLAND GP.,Svarte Fm.,12.3560257,1.705698371,1.670066714,2.677647591,56.08237839,65000
3832.861584,SHETLAND GP.,Svarte Fm.,12.32822609,1.767601132,1.74389708,2.676709414,55.00163651,65000
3833.013584,SHETLAND GP.,Svarte Fm.,12.3489008,1.754958987,1.721611381,2.64959836,53.58602142,65030
3833.165584,SHETLAND GP.,Svarte Fm.,12.37842083,1.730902076,1.732977271,2.614385605,51.01925278,65030
3833.317584,SHETLAND GP.,Svarte Fm.,12.37544632,1.798127532,1.827270508,2.601366758,49.09040833,65030
3833.469584,SHETLAND GP.,Svarte Fm.,12.36154652,1.911266089,1.954304457,2.599203587,49.40196228,65030
3833.621584,SHETLAND GP.,Svarte Fm.,12.36184597,2.067167997,2.115067959,2.606228113,49.32709122,65030
3833.773584,SHETLAND GP.,Svarte Fm.,12.37111569,2.191056013,2.24388051,2.623391151,46.80207825,65030
3833.925584,SHETLAND GP.,Svarte Fm.,12.37214947,2.3695786,2.376208544,2.64165616,43.44231415,65030
3834.077584,SHETLAND GP.,Svarte Fm.,12.33839512,2.271308661,2.236801148,2.641240358,42.65457535,65030
3834.229584,SHETLAND GP.,Svarte Fm.,12.32230091,2.095783472,2.026659966,2.619649887,45.21855164,65030
3834.381584,SHETLAND GP.,Svarte Fm.,12.33617687,2.004121065,1.926403165,2.605420351,47.33635712,65030
3834.533584,SHETLAND GP.,Svarte Fm.,12.34319973,2.043313026,1.924904108,2.601048708,50.90970612,65030
3834.685584,SHETLAND GP.,Svarte Fm.,12.34319973,2.280810595,2.148317337,2.615715981,53.97874451,65030
3834.837584,SHETLAND GP.,Svarte Fm.,12.33400631,2.792611122,2.61667037,2.638114929,53.39999008,65030
3834.989584,SHETLAND GP.,Svarte Fm.,12.3246851,3.290501356,3.072032929,2.660912514,47.9755249,70000
3835.141584,SHETLAND GP.,Svarte Fm.,12.32907105,2.952078342,2.898378849,2.662749529,40.32404327,70000
3835.293584,SHETLAND GP.,Svarte Fm.,12.33043098,2.377398253,2.402801037,2.646304846,35.75992203,70000
3835.445584,SHETLAND GP.,Svarte Fm.,12.32474327,2.114033938,2.174694061,2.629445076,36.15555954,70000
3835.597584,SHETLAND GP.,Svarte Fm.,12.32899571,2.149314165,2.240595579,2.627511978,41.56338882,70000
3835.749584,SHETLAND GP.,Svarte Fm.,12.33942509,2.229579926,2.369421005,2.628631353,42.98303604,70000
3835.901584,SHETLAND GP.,Svarte Fm.,12.32540989,2.286404848,2.391111374,2.623353958,43.16113663,70000
3836.053584,SHETLAND GP.,Svarte Fm.,12.30646896,2.213981628,2.270058394,2.610815048,44.45586014,70000
3836.205584,SHETLAND GP.,Svarte Fm.,12.29253674,2.084457636,2.079074621,2.600514889,46.07249451,65030
3836.357584,SHETLAND GP.,Svarte Fm.,12.31593323,2.037839651,2.019905567,2.596981049,46.84349823,65030
3836.509584,SHETLAND GP.,Svarte Fm.,12.33269978,2.044940949,2.019933701,2.607409954,46.46760178,65030
3836.661584,SHETLAND GP.,Svarte Fm.,12.330513,2.054198504,2.018473625,2.616836309,48.85926056,65030
3836.813584,SHETLAND GP.,Svarte Fm.,12.31836891,2.032197952,2.025779963,2.619347096,50.80345535,65030
3836.965584,SHETLAND GP.,Svarte Fm.,12.3053503,1.977642298,1.979118347,2.611364603,51.87849045,65030
3837.117584,SHETLAND GP.,Svarte Fm.,12.30565739,1.925411582,1.962088823,2.605397701,50.706604,65030
3837.269584,SHETLAND GP.,Svarte Fm.,12.31689835,1.853258252,1.895291925,2.60391736,52.78653336,65030
3837.421584,SHETLAND GP.,Svarte Fm.,12.31801796,1.885188222,1.906901002,2.600607872,53.16803742,65030
3837.573584,SHETLAND GP.,Svarte Fm.,12.30255985,1.987652063,1.989067912,2.592437983,52.05552292,65030
3837.725584,SHETLAND GP.,Svarte Fm.,12.29227829,2.049463987,2.04278326,2.587632895,47.08934784,65030
3837.877584,SHETLAND GP.,Svarte Fm.,12.2972374,2.093045712,2.080484629,2.582673788,45.90065384,65030
3838.029584,SHETLAND GP.,Svarte Fm.,12.30140019,2.127492666,2.104520559,2.584329605,47.11276245,65030
3838.181584,SHETLAND GP.,Svarte Fm.,12.30553341,2.165573359,2.117688894,2.59321022,48.89723969,65030
3838.333584,SHETLAND GP.,Svarte Fm.,12.30830002,2.203045607,2.162136316,2.608598471,50.03474808,65030
3838.485584,SHETLAND GP.,Svarte Fm.,12.3166008,2.281353235,2.256828308,2.619719982,48.53052902,65030
3838.637584,SHETLAND GP.,Svarte Fm.,12.29761219,2.425759792,2.401951313,2.62229538,46.31484985,65030
3838.789584,SHETLAND GP.,Svarte Fm.,12.29891586,2.593544483,2.575481176,2.623617888,46.07063294,65030
3838.941584,SHETLAND GP.,Svarte Fm.,12.29345512,2.775993824,2.774719477,2.624986172,44.78019714,65030
3839.093584,SHETLAND GP.,Svarte Fm.,12.29670525,2.68130064,2.667349577,2.621669292,41.75976181,65030
3839.245584,SHETLAND GP.,Svarte Fm.,12.29820824,2.370761395,2.342853546,2.613780022,40.06605911,65030
3839.397584,SHETLAND GP.,Svarte Fm.,12.30904102,2.154824257,2.137456894,2.605898142,42.71058273,65030
3839.549584,SHETLAND GP.,Svarte Fm.,12.31424332,2.135598421,2.112077475,2.605950117,44.55760956,65030
3839.701584,SHETLAND GP.,Svarte Fm.,12.31631279,2.234820366,2.193951368,2.614838839,45.436203,65030
3839.853584,SHETLAND GP.,Svarte Fm.,12.30442238,2.418905497,2.359722614,2.627543211,44.13674164,65030
3840.005584,SHETLAND GP.,Svarte Fm.,12.29090023,2.797348261,2.685605049,2.635781765,44.07054901,65030
3840.157584,SHETLAND GP.,Svarte Fm.,12.30863667,2.950308561,2.857448578,2.628731966,44.1544075,65030
3840.309584,SHETLAND GP.,Svarte Fm.,12.33791542,2.62720561,2.57178998,2.614541769,45.93927765,65030
3840.461584,SHETLAND GP.,Svarte Fm.,12.35792255,2.270937443,2.248949528,2.601983547,49.72252274,65030
3840.613584,SHETLAND GP.,Svarte Fm.,12.35246944,2.129404306,2.13764143,2.599771977,53.2070961,65030
3840.765584,SHETLAND GP.,Svarte Fm.,12.34896374,2.114842176,2.130096436,2.609781981,53.36700821,65030
3840.917584,SHETLAND GP.,Svarte Fm.,12.3324604,2.126698017,2.170053482,2.619774103,50.72869873,65030
3841.069584,SHETLAND GP.,Svarte Fm.,12.32292938,2.150665283,2.185035944,2.623329163,48.59052277,65030
3841.221584,SHETLAND GP.,Svarte Fm.,12.3197031,2.12297678,2.128299952,2.620652437,46.78785324,65030
3841.373584,SHETLAND GP.,Svarte Fm.,12.32886887,2.044667482,2.024937153,2.617167234,45.96474457,65000
3841.525584,SHETLAND GP.,Svarte Fm.,12.34693527,1.96450305,1.933278799,2.611644745,45.66623306,65000
3841.677584,SHETLAND GP.,Svarte Fm.,12.34638596,1.838347554,1.811793685,2.607269526,47.26826096,65000
3841.829584,SHETLAND GP.,Svarte Fm.,12.34689236,1.72727263,1.700458527,2.607863426,48.86550522,65000
3841.981584,SHETLAND GP.,Svarte Fm.,12.33528423,1.706612468,1.677587271,2.61472249,49.71400833,65000
3842.133584,SHETLAND GP.,Svarte Fm.,12.31858635,1.720404863,1.689339519,2.620371342,50.35385513,65000
3842.285584,SHETLAND GP.,Svarte Fm.,12.33366108,1.748306036,1.711941004,2.619908571,51.81246948,65000
3842.437584,SHETLAND GP.,Svarte Fm.,12.34280777,1.799806595,1.752034426,2.613167286,52.55786514,65000
3842.589584,SHETLAND GP.,Svarte Fm.,12.34528828,1.813314796,1.760411739,2.599603891,52.07609177,65000
3842.741584,SHETLAND GP.,Svarte Fm.,12.34819126,1.821603179,1.783329248,2.586947203,52.01101685,65000
3842.893584,SHETLAND GP.,Svarte Fm.,12.34319973,2.036795616,2.006745815,2.584171295,51.71613312,65000
3843.045584,SHETLAND GP.,Svarte Fm.,12.33244228,2.45443368,2.435209751,2.604373217,53.45585251,65000
3843.197584,SHETLAND GP.,Svarte Fm.,12.31513691,2.941624641,2.915853977,2.644933939,54.60709381,70000
3843.349584,SHETLAND GP.,Svarte Fm.,12.30830002,3.335659266,3.299786091,2.683960915,51.06003571,70000
3843.501584,SHETLAND GP.,Svarte Fm.,12.32600117,3.120781183,3.106000185,2.694013596,44.24176407,70000
3843.653584,SHETLAND GP.,Svarte Fm.,12.33790684,2.512959242,2.51535511,2.66627121,40.47221375,70000
3843.805584,SHETLAND GP.,Svarte Fm.,12.32047367,2.172232866,2.171414137,2.628514767,41.94432068,70000
3843.957584,SHETLAND GP.,Svarte Fm.,12.30830002,2.062277079,2.056867361,2.604219198,47.12770462,70000
3844.109584,SHETLAND GP.,Svarte Fm.,12.3152523,2.022696972,2.023631573,2.598731756,51.08266068,70000
3844.261584,SHETLAND GP.,Svarte Fm.,12.32230091,2.00632453,2.003651619,2.601942778,51.34017181,65000
3844.413584,SHETLAND GP.,Svarte Fm.,12.32911778,1.958393931,1.950184345,2.607502461,50.7183075,65000
3844.565584,SHETLAND GP.,Svarte Fm.,12.34298515,1.856894612,1.841822863,2.611967802,51.16361618,65000
3844.717584,SHETLAND GP.,Svarte Fm.,12.34674645,1.728879452,1.706468225,2.612123251,54.45858765,65000
3844.869584,SHETLAND GP.,Svarte Fm.,12.32803726,1.647029877,1.629037976,2.606629133,57.33140945,65000
3845.021584,SHETLAND GP.,Svarte Fm.,12.31683922,1.67072928,1.647240877,2.599028111,59.10794449,65000
3845.173584,SHETLAND GP.,Svarte Fm.,12.32559586,1.734669566,1.690779567,2.604174137,60.31414795,65000
3845.325584,SHETLAND GP.,Svarte Fm.,12.33585453,1.779364228,1.722625375,2.616826534,57.36382675,65000
3845.477584,SHETLAND GP.,Svarte Fm.,12.32669067,1.792335987,1.731391072,2.631836414,54.10515213,65000
3845.629584,SHETLAND GP.,Svarte Fm.,12.30994606,1.718418241,1.640424013,2.634930372,53.33235169,65000
3845.781584,SHETLAND GP.,Svarte Fm.,12.3313179,1.615200281,1.53869772,2.621709585,55.10261536,65000
3845.933584,SHETLAND GP.,Svarte Fm.,12.33417606,1.70819068,1.658313274,2.610861301,56.8795166,65000
3846.085584,SHETLAND GP.,Svarte Fm.,12.30375481,2.046072245,2.016822338,2.61147809,52.84903717,65000
3846.237584,SHETLAND GP.,Svarte Fm.,12.30078602,2.259376049,2.248643398,2.617856741,47.7121048,65030
3846.389584,SHETLAND GP.,Svarte Fm.,12.31468868,2.124693632,2.114522696,2.61421752,45.03662872,70000
3846.541584,SHETLAND GP.,Svarte Fm.,12.31753349,1.95947361,1.952658415,2.602815151,47.08686447,70000
3846.693584,SHETLAND GP.,Svarte Fm.,12.31180096,1.955593228,1.941984534,2.596687317,50.34014511,70000
3846.845584,SHETLAND GP.,Svarte Fm.,12.3102293,1.948132277,1.907988906,2.597669363,52.74367142,70000
3846.997584,SHETLAND GP.,Svarte Fm.,12.31453991,1.928578258,1.857393384,2.600273132,54.8016243,65030
3847.149584,SHETLAND GP.,Svarte Fm.,12.32691193,2.028437614,1.933117628,2.611436367,54.63963699,65030
3847.301584,SHETLAND GP.,Svarte Fm.,12.3281126,2.356657982,2.252558231,2.631208658,51.47472763,65030
3847.453584,SHETLAND GP.,Svarte Fm.,12.31312752,2.768628597,2.659198284,2.643702269,48.67231369,70000
3847.605584,SHETLAND GP.,Svarte Fm.,12.31051159,2.718022585,2.624516249,2.633570194,49.66364288,70000
3847.757584,SHETLAND GP.,Svarte Fm.,12.33736229,2.138507128,2.10484314,2.606056452,51.76718521,70000
3847.909584,SHETLAND GP.,Svarte Fm.,12.35111523,1.707821369,1.727818847,2.581079483,52.87995529,70000
3848.061584,SHETLAND GP.,Svarte Fm.,12.34319973,1.580289483,1.582252741,2.572627544,57.80550003,65000
3848.213584,SHETLAND GP.,Svarte Fm.,12.34022236,1.590111613,1.57873559,2.578755617,63.16775131,65000
3848.365584,SHETLAND GP.,Svarte Fm.,12.32589912,1.636761427,1.618890882,2.589503765,62.88384628,65000
3848.517584,SHETLAND GP.,Svarte Fm.,12.31910706,1.704040527,1.668638825,2.600385189,58.88076019,65000
3848.669584,SHETLAND GP.,Svarte Fm.,12.33066177,1.808255792,1.757614017,2.612509012,55.05599594,65000
3848.821584,SHETLAND GP.,Svarte Fm.,12.33124828,1.925695181,1.879474282,2.620045662,54.17538071,65000
3848.973584,SHETLAND GP.,Svarte Fm.,12.31775951,1.995622397,1.940865755,2.613954306,54.49595642,65000
3849.125584,SHETLAND GP.,Svarte Fm.,12.31277847,2.117976189,2.059370756,2.609003782,53.15731049,65000
3849.277584,SHETLAND GP.,Svarte Fm.,12.334898,2.355980635,2.332412243,2.618951559,48.83714676,65000
3849.429584,SHETLAND GP.,Svarte Fm.,12.33474064,2.662277699,2.666899443,2.642304897,43.85194016,65030
3849.581584,SHETLAND GP.,Svarte Fm.,12.32507324,3.123167038,3.159822226,2.647787809,39.94824982,70000
3849.733584,SHETLAND GP.,Svarte Fm.,12.31811714,3.466402054,3.562282085,2.633215904,38.63864517,70000
3849.885584,SHETLAND GP.,Svarte Fm.,12.30968475,3.24612236,3.377251864,2.612382889,41.50979614,70000
3850.037584,SHETLAND GP.,Svarte Fm.,12.32230091,2.619332552,2.703035593,2.601652861,47.11595535,70000
3850.189584,SHETLAND GP.,Svarte Fm.,12.32230091,2.309233666,2.374904156,2.595652342,52.22484589,65030
3850.341584,SHETLAND GP.,Svarte Fm.,12.32497788,2.242908001,2.29111433,2.594412088,55.57466126,65030
3850.493584,SHETLAND GP.,Svarte Fm.,12.34266377,2.171289206,2.21103859,2.591331005,52.96938324,65030
3850.645584,SHETLAND GP.,Svarte Fm.,12.35071564,2.104726076,2.133615732,2.591081619,47.65983963,65030
3850.797584,SHETLAND GP.,Svarte Fm.,12.32919979,2.15515399,2.163212776,2.598598719,43.02498627,65030
3850.949584,SHETLAND GP.,Svarte Fm.,12.31870842,2.345366716,2.319518328,2.607012034,44.3210907,65030
3851.101584,SHETLAND GP.,Svarte Fm.,12.30140019,2.481103182,2.42521143,2.619076014,49.81321335,65030
3851.253584,SHETLAND GP.,Svarte Fm.,12.31307125,2.494338989,2.409325361,2.632932425,49.91226959,65030
3851.405584,SHETLAND GP.,Svarte Fm.,12.33399677,2.555758238,2.440994501,2.662827969,46.84263229,65030
3851.557584,SHETLAND GP.,Svarte Fm.,12.32593823,2.79927063,2.65266037,2.68855834,42.44170761,65030
3851.709584,SHETLAND GP.,Svarte Fm.,12.30957604,3.14311862,2.969649792,2.689180851,42.42699051,65030
3851.861584,SHETLAND GP.,Svarte Fm.,12.31306839,3.584078789,3.394147873,2.672689915,40.05859375,65030
3852.013584,SHETLAND GP.,Svarte Fm.,12.31530094,3.920003653,3.767991781,2.653851986,39.01860809,30000
3852.165584,SHETLAND GP.,Svarte Fm.,12.31280041,3.385079622,3.338838339,2.644570828,42.28137589,30000
3852.317584,SHETLAND GP.,Svarte Fm.,12.31325436,2.671312571,2.664957762,2.635062933,47.52579117,30000
3852.469584,SHETLAND GP.,Svarte Fm.,12.3259573,2.376616955,2.383684158,2.633302212,48.40298843,65030
3852.621584,SHETLAND GP.,Svarte Fm.,12.3387785,2.217246294,2.238933563,2.631606102,45.37394333,65030
3852.773584,SHETLAND GP.,Svarte Fm.,12.34528256,2.183718681,2.216610193,2.629356384,45.90449524,65030
3852.925584,SHETLAND GP.,Svarte Fm.,12.33142853,2.205390692,2.216109276,2.629465342,47.6648674,65030
3853.077584,SHETLAND GP.,Svarte Fm.,12.32230091,2.219055891,2.214788199,2.647610664,47.5224762,65030
3853.229584,SHETLAND GP.,Svarte Fm.,12.32938004,2.258630514,2.258045197,2.674537182,45.99048996,65030
3853.381584,SHETLAND GP.,Svarte Fm.,12.33848858,2.287876129,2.288773298,2.666823387,46.52466965,65030
3853.533584,SHETLAND GP.,Svarte Fm.,12.34084606,2.198361158,2.212309599,2.638787031,49.24079895,65030
3853.685584,SHETLAND GP.,Svarte Fm.,12.34797859,2.163346291,2.200648069,2.617444754,51.07489014,65030
3853.837584,SHETLAND GP.,Svarte Fm.,12.32100964,2.313629389,2.33508873,2.621120453,51.37233734,65030
3853.989584,SHETLAND GP.,Svarte Fm.,12.34065056,2.437481165,2.436131477,2.612536669,52.91511154,65030
3854.141584,SHETLAND GP.,Svarte Fm.,12.35483837,2.311563015,2.291396856,2.595062971,54.83974457,65030
3854.293584,SHETLAND GP.,Svarte Fm.,12.35457611,2.158630371,2.126822949,2.587625504,56.66547012,65000
3854.445584,SHETLAND GP.,Svarte Fm.,12.35965538,2.078175545,2.042535782,2.602161169,54.86528778,65000
3854.597584,SHETLAND GP.,Svarte Fm.,12.34680843,2.110049248,2.07062006,2.6187675,49.99997711,65000
3854.749584,SHETLAND GP.,Svarte Fm.,12.3363905,2.207374811,2.166262865,2.616594076,44.58432388,65000
3854.901584,SHETLAND GP.,Svarte Fm.,12.32328033,2.34430933,2.287490845,2.60347414,44.4654274,65030
3855.053584,SHETLAND GP.,Svarte Fm.,12.30417347,2.196621418,2.128673315,2.587892771,49.74667358,65030
3855.205584,SHETLAND GP.,Svarte Fm.,12.3089323,2.007505179,1.938969612,2.583506346,56.86793518,65030
3855.357584,SHETLAND GP.,Svarte Fm.,12.34589672,1.856044769,1.803805709,2.588002205,56.41650391,65030
3855.509584,SHETLAND GP.,Svarte Fm.,12.33829689,1.817119122,1.783075213,2.586688757,56.14923859,65030
3855.661584,SHETLAND GP.,Svarte Fm.,12.3473177,1.870648384,1.847658753,2.587785482,55.18497467,65030
3855.813584,SHETLAND GP.,Svarte Fm.,12.34687042,1.907006502,1.895481944,2.585399628,55.92056274,65030
3855.965584,SHETLAND GP.,Svarte Fm.,12.32431316,1.902645588,1.896433115,2.586600065,54.09080124,65030
3856.117584,SHETLAND GP.,Svarte Fm.,12.33324623,1.886132598,1.884005189,2.584519148,52.11920166,65030
3856.269584,SHETLAND GP.,Svarte Fm.,12.34617043,1.867965698,1.876565218,2.579028845,53.46881104,65030
3856.421584,SHETLAND GP.,Svarte Fm.,12.3506527,1.92183423,1.932980895,2.577164888,53.97992706,65030
3856.573584,SHETLAND GP.,Svarte Fm.,12.3373251,1.983610511,1.992795229,2.576092959,52.62227631,65030
3856.725584,SHETLAND GP.,Svarte Fm.,12.32230091,2.058072329,2.060523033,2.582267523,48.72844696,65030
3856.877584,SHETLAND GP.,Svarte Fm.,12.32230091,2.132278681,2.116629362,2.592889786,46.04816818,65030
3857.029584,SHETLAND GP.,Svarte Fm.,12.3184824,2.189645052,2.150436163,2.604518175,45.64305878,65030
3857.181584,SHETLAND GP.,Svarte Fm.,12.31208706,2.229598045,2.170639038,2.611531258,49.27545166,65030
3857.333584,SHETLAND GP.,Svarte Fm.,12.32230091,2.2018888,2.138685226,2.604649067,50.6818924,65030
3857.485584,SHETLAND GP.,Svarte Fm.,12.32412434,2.146006584,2.067946911,2.596236706,51.96787643,65030
3857.637584,SHETLAND GP.,Svarte Fm.,12.32739162,2.06707263,1.988084912,2.594310522,53.16426849,65030
3857.789584,SHETLAND GP.,Svarte Fm.,12.32230091,2.084224224,1.988613606,2.598389864,54.71814728,65030
3857.941584,SHETLAND GP.,Svarte Fm.,12.31869412,2.20142293,2.072738171,2.597490788,54.66926193,65030
3858.093584,SHETLAND GP.,Svarte Fm.,12.31451988,2.326178312,2.173809767,2.592158794,51.033741,65030
3858.245584,SHETLAND GP.,Svarte Fm.,12.32656384,2.474629879,2.338477373,2.592669964,49.79929352,65030
3858.397584,SHETLAND GP.,Svarte Fm.,12.30658054,2.499049664,2.387657166,2.58957696,51.43134689,65030
3858.549584,SHETLAND GP.,Svarte Fm.,12.31172276,2.273470163,2.214319944,2.583674669,53.26462174,65030
3858.701584,SHETLAND GP.,Svarte Fm.,12.34148979,2.070566654,2.055184841,2.573012352,53.63196945,65030
3858.853584,SHETLAND GP.,Svarte Fm.,12.33285236,2.023584127,2.045577765,2.580239773,51.13910675,65030
3859.005584,SHETLAND GP.,Svarte Fm.,12.32063103,2.070883751,2.135998488,2.588111162,51.4860878,65030
3859.157584,SHETLAND GP.,Svarte Fm.,12.32189369,2.103882074,2.145306587,2.590699911,50.01184845,65030
3859.309584,SHETLAND GP.,Svarte Fm.,12.34319973,2.099440098,2.159881592,2.592359066,49.39023972,65030
3859.461584,SHETLAND GP.,Svarte Fm.,12.34319973,2.098610878,2.159739018,2.60307169,47.82202148,65030
3859.613584,SHETLAND GP.,Svarte Fm.,12.33843613,2.093023539,2.143781424,2.62209034,46.61198807,65030
3859.765584,SHETLAND GP.,Svarte Fm.,12.3246479,2.095155001,2.136240959,2.627409458,47.08605194,65030
3859.917584,SHETLAND GP.,Svarte Fm.,12.33348179,2.119512081,2.167523861,2.626774073,48.8580246,65030
3860.069584,SHETLAND GP.,Svarte Fm.,12.33774567,2.131616592,2.178492785,2.615467072,49.9904747,65030
3860.221584,SHETLAND GP.,Svarte Fm.,12.33865833,2.152198553,2.190916538,2.605305433,52.16516495,65030
3860.373584,SHETLAND GP.,Svarte Fm.,12.32528973,2.163705111,2.189351082,2.59060216,53.49263763,65000
3860.525584,SHETLAND GP.,Svarte Fm.,12.33545494,2.132764578,2.143476486,2.584755182,55.65633774,65000
3860.677584,SHETLAND GP.,Svarte Fm.,12.33051395,2.124162674,2.119874716,2.583849907,52.63300324,65000
3860.829584,SHETLAND GP.,Svarte Fm.,12.32230091,2.21592164,2.207384348,2.589849234,47.94977951,65000
3860.981584,SHETLAND GP.,Svarte Fm.,12.32230091,2.308244467,2.295988321,2.587120056,44.54818726,65000
3861.133584,SHETLAND GP.,Svarte Fm.,12.32088566,2.318242073,2.302392721,2.5972507,46.91684341,65000
3861.285584,SHETLAND GP.,Svarte Fm.,12.31877422,2.343605757,2.335532665,2.627351522,52.33806992,65000
3861.437584,SHETLAND GP.,Svarte Fm.,12.33201313,2.402863503,2.379804611,2.64887023,54.7543869,65000
3861.589584,SHETLAND GP.,Svarte Fm.,12.32786274,2.310173035,2.282114029,2.659622192,54.82079315,65000
3861.741584,SHETLAND GP.,Svarte Fm.,12.3236227,2.058442354,2.030917883,2.622832298,56.85900116,65000
3861.893584,SHETLAND GP.,Svarte Fm.,12.3298626,1.891120195,1.870302677,2.595129252,59.85442734,65000
3862.045584,SHETLAND GP.,Svarte Fm.,12.33856392,1.918240309,1.866678953,2.577750444,63.1657486,65000
3862.197584,SHETLAND GP.,Svarte Fm.,12.35770702,2.118833304,2.071555376,2.614871025,59.61553574,65000
3862.349584,SHETLAND GP.,Svarte Fm.,12.32668495,2.304408789,2.28552413,2.664727449,52.63147354,65000
3862.501584,SHETLAND GP.,Svarte Fm.,12.3202858,2.38799715,2.390198231,2.6672647,46.87164688,65000
3862.653584,SHETLAND GP.,Svarte Fm.,12.34319973,2.21396637,2.225366354,2.632780314,46.32863998,65030
3862.805584,SHETLAND GP.,Svarte Fm.,12.34199143,1.901928186,1.913517952,2.593609333,50.47251129,65030
3862.957584,SHETLAND GP.,Svarte Fm.,12.33500767,1.719369531,1.72962153,2.58779788,51.17386246,65000
3863.109584,SHETLAND GP.,Svarte Fm.,12.33155251,1.722667217,1.725260854,2.588056326,54.03935242,65000
3863.261584,SHETLAND GP.,Svarte Fm.,12.34146214,1.788711071,1.801222086,2.592594385,55.03060913,65000
3863.413584,SHETLAND GP.,Svarte Fm.,12.33551693,1.875228763,1.848177433,2.597782135,56.14675903,65000
3863.565584,SHETLAND GP.,Svarte Fm.,12.34732151,1.92689836,1.865566492,2.602447033,54.24117661,65030
3863.717584,SHETLAND GP.,Svarte Fm.,12.33435249,1.934437156,1.893661261,2.592816591,52.46110153,65030
3863.869584,SHETLAND GP.,Svarte Fm.,12.338871,1.953867078,1.917401552,2.580943346,50.35494995,65000
3864.021584,SHETLAND GP.,Svarte Fm.,12.31956005,1.956660152,1.927170396,2.575794458,52.84237671,65000
3864.173584,SHETLAND GP.,Svarte Fm.,12.34008503,1.923399091,1.914834023,2.588433981,51.42372894,65000
3864.325584,SHETLAND GP.,Svarte Fm.,12.32843685,1.913124919,1.880420208,2.609879732,51.60520172,65000
3864.477584,SHETLAND GP.,Svarte Fm.,12.35805893,1.903859973,1.884287119,2.62591362,51.06397247,65000
3864.629584,SHETLAND GP.,Svarte Fm.,12.32823849,1.918010354,1.889941096,2.615118265,51.94469833,65000
3864.781584,SHETLAND GP.,Svarte Fm.,12.36313152,1.852363348,1.821675777,2.592273712,53.90135193,65000
3864.933584,SHETLAND GP.,Svarte Fm.,12.35662365,1.783373833,1.750546098,2.570394516,57.29873276,65000
3865.085584,SHETLAND GP.,Svarte Fm.,12.35220718,1.714801669,1.684397936,2.57700944,60.14448166,65000
3865.237584,SHETLAND GP.,Svarte Fm.,12.34227943,1.662383318,1.637074828,2.592706442,60.87499237,65000
3865.389584,SHETLAND GP.,Svarte Fm.,12.34109402,1.63488996,1.613579392,2.601220608,56.37393189,65000
3865.541584,SHETLAND GP.,Svarte Fm.,12.37057114,1.62461555,1.604053497,2.594255686,56.63708115,65000
3865.693584,SHETLAND GP.,Svarte Fm.,12.34233666,1.631424427,1.611725807,2.582134247,58.07296753,65000
3865.845584,SHETLAND GP.,Svarte Fm.,12.33957577,1.649482608,1.627485156,2.578029156,56.29055023,65000
3865.997584,SHETLAND GP.,Svarte Fm.,12.36491871,1.690135002,1.656060576,2.584022999,58.91854858,65000
3866.149584,SHETLAND GP.,Svarte Fm.,12.37020779,1.721013784,1.680323005,2.596013308,59.48117828,65000
3866.301584,SHETLAND GP.,Svarte Fm.,12.3629179,1.752648473,1.686312437,2.606990099,61.11723328,65000
3866.453584,SHETLAND GP.,Svarte Fm.,12.35321331,1.813738942,1.735466838,2.607677937,57.0759697,65000
3866.605584,SHETLAND GP.,Svarte Fm.,12.35009956,1.818146586,1.761703968,2.6083529,54.20936203,65000
3866.757584,SHETLAND GP.,Svarte Fm.,12.34610653,1.795811653,1.752642036,2.614909887,54.44920349,65000
3866.909584,SHETLAND GP.,Svarte Fm.,12.31357575,1.762359381,1.729840994,2.609383822,55.31945038,65000
3867.061584,SHETLAND GP.,Svarte Fm.,12.3274641,1.677810669,1.648434758,2.595934629,56.05149841,65000
3867.213584,SHETLAND GP.,Svarte Fm.,12.31349468,1.595018506,1.588307142,2.578730106,56.03264999,65000
3867.365584,SHETLAND GP.,Svarte Fm.,12.33115673,1.532755733,1.535425186,2.574831724,57.32883453,65000
3867.517584,SHETLAND GP.,Svarte Fm.,12.34850979,1.480632305,1.502491474,2.570217848,58.17317581,65000
3867.669584,SHETLAND GP.,Svarte Fm.,12.3311491,1.43145287,1.443972468,2.570157766,58.54636383,65000
3867.821584,SHETLAND GP.,Svarte Fm.,12.31772423,1.365618706,1.368110061,2.579090118,57.23975754,65000
3867.973584,SHETLAND GP.,Svarte Fm.,12.34319973,1.408030868,1.408589244,2.592284203,58.35931015,65000
3868.125584,SHETLAND GP.,Svarte Fm.,12.34403992,1.520823121,1.500526667,2.599570751,60.30952072,65000
3868.277584,SHETLAND GP.,Svarte Fm.,12.35114288,1.617649913,1.587581635,2.597644568,60.73032761,65000
3868.429584,SHETLAND GP.,Svarte Fm.,12.32336044,1.631316185,1.605416417,2.59172821,60.04505539,65030
3868.581584,SHETLAND GP.,Svarte Fm.,12.33748531,1.665855527,1.629099846,2.584408522,59.16557694,65030
3868.733584,SHETLAND GP.,Svarte Fm.,12.350914,1.718803883,1.682316423,2.580166102,55.61130905,65030
3868.885584,SHETLAND GP.,Svarte Fm.,12.31766319,1.762202382,1.721060634,2.590595007,52.58285904,65030
3869.037584,SHETLAND GP.,Svarte Fm.,12.34758663,1.990880966,1.938863277,2.614186287,48.31629181,70000
3869.189584,SHETLAND GP.,Svarte Fm.,12.31378746,2.196381807,2.152936935,2.637497902,47.37986755,70000
3869.341584,SHETLAND GP.,Svarte Fm.,12.34506226,1.89429462,1.833900571,2.625576735,45.79846573,70000
3869.493584,SHETLAND GP.,Svarte Fm.,12.37510109,1.607456088,1.548621655,2.599965811,46.41870117,70000
3869.645584,SHETLAND GP.,Svarte Fm.,12.38442326,1.439756632,1.405188561,2.574804544,48.83600235,70000
3869.797584,SHETLAND GP.,Svarte Fm.,12.37431526,1.433002949,1.400402308,2.577538729,56.58629608,70000
3869.949584,SHETLAND GP.,Svarte Fm.,12.37170601,1.514981747,1.476991892,2.595271826,58.29565048,65000
3870.101584,SHETLAND GP.,Svarte Fm.,12.38402557,1.608752012,1.571022034,2.612152338,61.40453339,65000
3870.253584,SHETLAND GP.,Svarte Fm.,12.36224651,1.724198699,1.688076019,2.620770216,58.17765045,65000
3870.405584,SHETLAND GP.,Svarte Fm.,12.32318115,1.762822151,1.730736852,2.606336832,59.75489807,65000
3870.557584,SHETLAND GP.,Svarte Fm.,12.34278202,1.708020091,1.681464672,2.58623457,59.88346481,65000
3870.709584,SHETLAND GP.,Svarte Fm.,12.33307743,1.635466695,1.624952436,2.574712038,63.35307312,65000
3870.861584,SHETLAND GP.,Svarte Fm.,12.34296322,1.621556163,1.624562144,2.567077398,62.82205582,65000
3871.013584,SHETLAND GP.,Svarte Fm.,12.33642006,1.713811994,1.730446458,2.569926262,62.56284332,65030
3871.165584,SHETLAND GP.,Svarte Fm.,12.34319973,1.861247659,1.85161221,2.589488745,59.22033691,65030
3871.317584,SHETLAND GP.,Svarte Fm.,12.34302235,1.942185164,1.944956541,2.599046946,59.47026062,65030
3871.469584,SHETLAND GP.,Svarte Fm.,12.33652115,1.917388678,1.930050373,2.596540213,56.15746307,65030
3871.621584,SHETLAND GP.,Svarte Fm.,12.350173,1.703004479,1.693196416,2.576910257,57.99388886,65000
3871.773584,SHETLAND GP.,Svarte Fm.,12.35301876,1.584467292,1.588172317,2.568009377,57.37188721,65000
3871.925584,SHETLAND GP.,Svarte Fm.,12.32250595,1.513226628,1.506514669,2.568457365,58.99874115,65000
3872.077584,SHETLAND GP.,Svarte Fm.,12.3364172,1.461032152,1.446699858,2.565551281,56.77772522,65000
3872.229584,SHETLAND GP.,Svarte Fm.,12.35363579,1.423717976,1.398665428,2.56171751,54.40840912,65000
3872.381584,SHETLAND GP.,Svarte Fm.,12.3571558,1.396364093,1.346796513,2.56337142,55.52160645,65000
3872.533584,SHETLAND GP.,Svarte Fm.,12.36390114,1.392149448,1.334136963,2.55984664,57.75115204,65000
3872.685584,SHETLAND GP.,Svarte Fm.,12.32922554,1.435891509,1.375671625,2.567998409,61.84030151,65000
3872.837584,SHETLAND GP.,Svarte Fm.,12.34319401,1.539257646,1.468362093,2.567100525,59.73596191,65000
3872.989584,SHETLAND GP.,Svarte Fm.,12.32235622,1.531022191,1.47827363,2.571388483,52.20073319,65000
3873.141584,SHETLAND GP.,Svarte Fm.,12.34309673,1.518362522,1.49521637,2.571300507,50.14059067,65000
3873.293584,SHETLAND GP.,Svarte Fm.,12.33279228,1.476767302,1.467446327,2.577148199,52.34937668,65000
3873.445584,SHETLAND GP.,Svarte Fm.,12.34308338,1.503398657,1.502703786,2.576507568,61.16048431,65000
3873.597584,SHETLAND GP.,Svarte Fm.,12.37063026,1.53912282,1.553224683,2.568507671,60.23913193,65000
3873.749584,SHETLAND GP.,Svarte Fm.,12.35731697,1.59689498,1.59593606,2.561508894,58.97590256,65000
3873.901584,SHETLAND GP.,Svarte Fm.,12.36396503,1.617804647,1.609053969,2.565126419,57.70953369,65000
3874.053584,SHETLAND GP.,Svarte Fm.,12.35725212,1.637473226,1.612822056,2.584766626,58.82710648,65000
3874.205584,SHETLAND GP.,Svarte Fm.,12.35368347,1.666694284,1.594061732,2.610480309,56.83552933,65000
3874.357584,SHETLAND GP.,Svarte Fm.,12.35359955,1.606633544,1.566625118,2.616066456,54.66082764,65000
3874.509584,SHETLAND GP.,Svarte Fm.,12.34349537,1.546803236,1.499930739,2.604541063,55.14243317,65000
3874.661584,SHETLAND GP.,Svarte Fm.,12.35326386,1.548100114,1.519290686,2.581167221,58.15776825,65000
3874.813584,SHETLAND GP.,Svarte Fm.,12.35022068,1.559013009,1.539598703,2.567849159,59.86594772,65000
3874.965584,SHETLAND GP.,Svarte Fm.,12.37697315,1.581938744,1.558985949,2.559983492,56.04741287,65000
3875.117584,SHETLAND GP.,Svarte Fm.,12.3646431,1.600673437,1.577669501,2.554414749,53.5827713,65000
3875.269584,SHETLAND GP.,Svarte Fm.,12.39405823,1.621691465,1.583664298,2.55821991,55.73646164,65000
3875.421584,SHETLAND GP.,Svarte Fm.,12.34555817,1.632052779,1.597935915,2.566420555,59.70050049,65000
3875.573584,SHETLAND GP.,Svarte Fm.,12.34977245,1.677556396,1.631463528,2.576802015,61.07219696,65000
3875.725584,SHETLAND GP.,Svarte Fm.,12.37328816,1.772645235,1.726230264,2.593360186,56.93587875,65000
3875.877584,SHETLAND GP.,Svarte Fm.,12.35140419,1.822839022,1.793192744,2.608303547,55.39172745,65000
3876.029584,SHETLAND GP.,Svarte Fm.,12.35009956,1.768653989,1.758932233,2.6226964,53.48818588,65000
3876.181584,SHETLAND GP.,Svarte Fm.,12.35669422,1.698234081,1.696887016,2.615116596,53.58628845,65000
3876.333584,SHETLAND GP.,Svarte Fm.,12.38331699,1.633020639,1.649598837,2.633017778,55.55532074,65000
3876.485584,SHETLAND GP.,Svarte Fm.,12.38500023,1.615882278,1.632082462,2.680227518,54.53827667,65000
3876.637584,SHETLAND GP.,Svarte Fm.,12.3654871,1.604542971,1.650893807,2.705988407,53.45708847,65000
3876.789584,SHETLAND GP.,Svarte Fm.,12.37378597,1.596722007,1.600332975,2.671744585,51.60718155,65000
3876.941584,SHETLAND GP.,Svarte Fm.,12.39066505,1.566377401,1.556736469,2.608897448,54.68810654,65000
3877.093584,SHETLAND GP.,Svarte Fm.,12.38550568,1.545007944,1.511808753,2.578998327,60.83486939,65000
3877.245584,SHETLAND GP.,Svarte Fm.,12.37207699,1.512854457,1.4820081,2.580230713,62.39094925,65000
3877.397584,SHETLAND GP.,Svarte Fm.,12.37744522,1.507077694,1.494070649,2.581788778,62.00627136,65000
3877.549584,SHETLAND GP.,Svarte Fm.,12.39076519,1.519841671,1.522209883,2.586308479,58.94074249,65000
3877.701584,SHETLAND GP.,Svarte Fm.,12.39831257,1.535383821,1.543381453,2.586516619,60.42985916,65000
3877.853584,SHETLAND GP.,Svarte Fm.,12.39251232,1.541262269,1.557783008,2.590058565,59.64804459,65000
3878.005584,SHETLAND GP.,Svarte Fm.,12.37606525,1.556988955,1.56264019,2.596497297,62.56760025,65000
3878.157584,SHETLAND GP.,Svarte Fm.,12.39347172,1.552236199,1.55419445,2.603091478,60.05138397,65000
3878.309584,SHETLAND GP.,Svarte Fm.,12.38598251,1.569257975,1.548772335,2.600892782,59.60966492,65000
3878.461584,SHETLAND GP.,Svarte Fm.,12.3975544,1.587630153,1.516143084,2.592470408,56.46966553,65000
3878.613584,SHETLAND GP.,Svarte Fm.,12.38009834,1.701758266,1.645208955,2.604104281,54.568573,65000
3878.765584,SHETLAND GP.,Svarte Fm.,12.35610867,1.874803424,1.809916854,2.631787062,50.99504471,65000
3878.917584,SHETLAND GP.,Svarte Fm.,12.33176422,2.049720049,1.978429556,2.681872368,51.68413544,65000
3879.069584,SHETLAND GP.,Svarte Fm.,12.33544827,1.823601604,1.770268917,2.688560486,53.93255234,65030
3879.221584,SHETLAND GP.,Svarte Fm.,12.32384396,1.659787059,1.619710326,2.665142059,60.46385956,65030
3879.373584,SHETLAND GP.,Svarte Fm.,12.33462238,1.53289175,1.506603241,2.615479231,60.19253922,65030
3879.525584,SHETLAND GP.,Svarte Fm.,12.33310509,1.524105668,1.505153537,2.590929985,61.30893707,65030
3879.677584,SHETLAND GP.,Svarte Fm.,12.34804726,1.558493376,1.543733358,2.59132266,59.33254623,65000
3879.829584,SHETLAND GP.,Svarte Fm.,12.36239719,1.586100936,1.574875236,2.598726988,58.39472961,65000
3879.981584,SHETLAND GP.,Svarte Fm.,12.35796928,1.583081126,1.581565738,2.61240077,57.85235214,65000
3880.133584,SHETLAND GP.,Svarte Fm.,12.3632164,1.561057568,1.565924645,2.602231026,54.64270401,65000
3880.285584,SHETLAND GP.,Svarte Fm.,12.35494995,1.549286008,1.574318171,2.591437578,56.07542419,65000
3880.437584,SHETLAND GP.,Svarte Fm.,12.35055733,1.501413941,1.514190793,2.573760033,57.27928925,65000
3880.589584,SHETLAND GP.,Svarte Fm.,12.35312843,1.518114686,1.528701186,2.576666117,59.93096924,65000
3880.741584,SHETLAND GP.,Svarte Fm.,12.35057926,1.57168293,1.577622652,2.577154875,56.69012833,65000
3880.893584,SHETLAND GP.,Svarte Fm.,12.34416008,1.646740198,1.644193173,2.580973387,54.40232849,65000
3881.045584,SHETLAND GP.,Svarte Fm.,12.35212803,1.711428881,1.694064379,2.582544327,52.41851425,65000
3881.197584,SHETLAND GP.,Svarte Fm.,12.35060787,1.734149218,1.706684232,2.5782547,50.68602753,65000
3881.349584,SHETLAND GP.,Svarte Fm.,12.36203384,1.736500025,1.691930652,2.583040714,54.80117035,65030
3881.501584,SHETLAND GP.,Svarte Fm.,12.32856464,1.800515771,1.753470779,2.588420868,56.58107758,65030
3881.653584,SHETLAND GP.,Svarte Fm.,12.35774231,1.930504084,1.897494197,2.590811253,57.34572601,65030
3881.805584,SHETLAND GP.,Svarte Fm.,12.35227966,2.036734343,2.028016567,2.582404137,56.19464111,65030
3881.957584,SHETLAND GP.,Svarte Fm.,12.34429169,1.894315362,1.870843887,2.574991703,55.81804657,65030
3882.109584,SHETLAND GP.,Svarte Fm.,12.34899235,1.699299693,1.697904825,2.577174187,54.79429627,65030
3882.261584,SHETLAND GP.,Svarte Fm.,12.34432221,1.603984594,1.592916369,2.586423636,51.72036743,65000
3882.413584,SHETLAND GP.,Svarte Fm.,12.34896088,1.583249927,1.55557251,2.593276978,53.46041489,65000
3882.565584,SHETLAND GP.,Svarte Fm.,12.35009956,1.581350565,1.563089252,2.598706484,54.69478226,65000
3882.717584,SHETLAND GP.,Svarte Fm.,12.36170483,1.593899131,1.576938629,2.597444773,58.70655823,65000
3882.869584,SHETLAND GP.,Svarte Fm.,12.35252667,1.604683638,1.590707421,2.590717554,58.6224823,65000
3883.021584,SHETLAND GP.,Svarte Fm.,12.33864117,1.614149094,1.605548024,2.579672337,58.21756363,65000
3883.173584,SHETLAND GP.,Svarte Fm.,12.35335541,1.620724797,1.605080962,2.578010321,54.49578857,65000
3883.325584,SHETLAND GP.,Svarte Fm.,12.35423565,1.64520216,1.629438639,2.579982042,50.33725357,65000
3883.477584,SHETLAND GP.,Svarte Fm.,12.34511375,1.677899241,1.666007996,2.576238394,49.87282944,65000
3883.629584,SHETLAND GP.,Svarte Fm.,12.33750343,1.734308124,1.712303877,2.580426455,49.35982513,65000
3883.781584,SHETLAND GP.,Svarte Fm.,12.33336449,1.847802997,1.82751596,2.61984086,52.30921555,65000
3883.933584,SHETLAND GP.,Svarte Fm.,12.34675217,1.994701982,1.971040845,2.656582356,50.10158539,65030
3884.085584,SHETLAND GP.,Svarte Fm.,12.35291863,2.052912951,2.026682615,2.659334183,48.17133713,65030
3884.237584,SHETLAND GP.,Svarte Fm.,12.36203289,1.910520315,1.887453914,2.625713348,46.37408066,65030
3884.389584,SHETLAND GP.,Svarte Fm.,12.35850334,1.791943073,1.772381783,2.605786085,49.87054825,65000
3884.541584,SHETLAND GP.,Svarte Fm.,12.36267948,1.767494679,1.744848847,2.602241993,53.80825043,65000
3884.693584,SHETLAND GP.,Svarte Fm.,12.35853767,1.778023839,1.746317387,2.605119944,54.5311203,65000
3884.845584,SHETLAND GP.,Svarte Fm.,12.36264801,1.789162636,1.748388767,2.611051321,53.29430008,65000
3884.997584,SHETLAND GP.,Svarte Fm.,12.37231827,1.777233839,1.734712839,2.619275093,56.28820038,65000
3885.149584,SHETLAND GP.,Svarte Fm.,12.3663187,1.751471996,1.696148515,2.613626242,57.33311844,65000
3885.301584,SHETLAND GP.,Svarte Fm.,12.35586643,1.727465272,1.681211233,2.604464531,60.88829422,65000
3885.453584,SHETLAND GP.,Svarte Fm.,12.34546852,1.734618902,1.689551473,2.589442968,59.70069504,65000
3885.605584,SHETLAND GP.,Svarte Fm.,12.34857845,1.749148369,1.70547533,2.577302218,61.94556809,65000
3885.757584,SHETLAND GP.,Svarte Fm.,12.37718582,1.767589212,1.727516055,2.563956976,60.61185455,65000
3885.909584,SHETLAND GP.,Svarte Fm.,12.37417126,1.78808856,1.75476706,2.567993403,61.55257416,65000
3886.061584,SHETLAND GP.,Svarte Fm.,12.37369919,1.792183042,1.763436556,2.58691287,58.23506165,65000
3886.213584,SHETLAND GP.,Svarte Fm.,12.36650276,1.770238042,1.749566317,2.60581851,56.18885422,65000
3886.365584,SHETLAND GP.,Svarte Fm.,12.3800993,1.745787501,1.732799053,2.616200447,54.50067139,65000
3886.517584,SHETLAND GP.,Svarte Fm.,12.38500023,1.716651321,1.718777657,2.610242605,57.51105499,65000
3886.669584,SHETLAND GP.,Svarte Fm.,12.39557171,1.68214643,1.686849237,2.600117922,60.67663956,65000
3886.821584,SHETLAND GP.,Svarte Fm.,12.396245,1.632042527,1.638593435,2.584883928,61.46678925,65000
3886.973584,SHETLAND GP.,Svarte Fm.,12.38224411,1.640197396,1.656041145,2.577397585,59.78927612,65000
3887.125584,SHETLAND GP.,Svarte Fm.,12.36753845,1.697977662,1.713642478,2.578106403,57.67946625,65000
3887.277584,SHETLAND GP.,Svarte Fm.,12.36410046,1.740499139,1.751749277,2.586649656,55.95446396,65000
3887.429584,SHETLAND GP.,Svarte Fm.,12.36925983,1.745884776,1.750451684,2.595281839,54.90608978,65000
3887.581584,SHETLAND GP.,Svarte Fm.,12.38918877,1.73697269,1.732441664,2.597523689,54.43216324,65000
3887.733584,SHETLAND GP.,Svarte Fm.,12.35666657,1.721685767,1.714834094,2.599974394,52.74723053,65000
3887.885584,SHETLAND GP.,Svarte Fm.,12.38179302,1.794118285,1.768908501,2.622536659,52.70116043,65000
3888.037584,SHETLAND GP.,Svarte Fm.,12.3569231,1.974367619,1.914879203,2.665138006,51.36030197,65000
3888.189584,SHETLAND GP.,Svarte Fm.,12.35087299,2.007763147,1.945197225,2.6984694,51.8073082,65000
3888.341584,SHETLAND GP.,Svarte Fm.,12.36129093,1.785578489,1.733011961,2.679376841,53.67567825,65000
3888.493584,SHETLAND GP.,Svarte Fm.,12.35389805,1.567323089,1.524518848,2.626897097,55.48286057,65000
3888.645584,SHETLAND GP.,Svarte Fm.,12.3602705,1.505956054,1.473674417,2.581941605,56.66659927,65000
3888.797584,SHETLAND GP.,Svarte Fm.,12.37923622,1.5185498,1.50214076,2.575200558,58.12761307,65000
3888.949584,SHETLAND GP.,Svarte Fm.,12.36485767,1.52628839,1.529010654,2.581564903,59.76820374,65000
3889.101584,SHETLAND GP.,Svarte Fm.,12.35206986,1.525750399,1.522238135,2.577795267,59.06093216,65000
3889.253584,SHETLAND GP.,Svarte Fm.,12.37508297,1.594163299,1.583199978,2.566079378,59.96066284,65000
3889.405584,SHETLAND GP.,Svarte Fm.,12.37501049,1.68686378,1.667485237,2.562157154,58.39798355,65000
3889.557584,SHETLAND GP.,Svarte Fm.,12.37597942,1.764813066,1.752115965,2.566225529,58.25976181,65000
3889.709584,SHETLAND GP.,Svarte Fm.,12.38295555,1.797126889,1.786415458,2.566130161,56.3163414,65000
3889.861584,SHETLAND GP.,Svarte Fm.,12.37512779,1.794747949,1.781767011,2.561591864,57.09661102,65000
3890.013584,SHETLAND GP.,Svarte Fm.,12.3661499,1.783926964,1.768288374,2.562530756,58.51629639,65000
3890.165584,SHETLAND GP.,Svarte Fm.,12.38357925,1.768828392,1.744690776,2.573479652,58.25758743,65000
3890.317584,SHETLAND GP.,Svarte Fm.,12.37251473,1.750272036,1.720570922,2.595760584,55.72798538,65000
3890.469584,SHETLAND GP.,Svarte Fm.,12.37861729,1.738148809,1.710296512,2.605683804,55.34854889,65000
3890.621584,SHETLAND GP.,Svarte Fm.,12.38015366,1.69919157,1.674668551,2.598638296,55.67812347,65000
3890.773584,SHETLAND GP.,Svarte Fm.,12.37800026,1.641696096,1.618648052,2.582471848,57.25870132,65000
3890.925584,SHETLAND GP.,Svarte Fm.,12.36843967,1.579080224,1.55799973,2.576524973,60.20710373,65000
3891.077584,SHETLAND GP.,Svarte Fm.,12.36882305,1.531927109,1.513954282,2.585913897,62.45668793,65000
3891.229584,SHETLAND GP.,Svarte Fm.,12.37577248,1.520490766,1.501409292,2.589209318,62.28878403,65000
3891.381584,SHETLAND GP.,Svarte Fm.,12.39695644,1.559048533,1.536842227,2.590534449,60.99838638,65000
3891.533584,SHETLAND GP.,Svarte Fm.,12.382267,1.620745897,1.596597791,2.595395327,61.36750412,65000
3891.685584,SHETLAND GP.,Svarte Fm.,12.37571716,1.666262746,1.642943025,2.605857849,59.58149719,65000
3891.837584,SHETLAND GP.,Svarte Fm.,12.36162567,1.700479388,1.677712202,2.616979122,53.86895371,65000
3891.989584,SHETLAND GP.,Svarte Fm.,12.37921429,1.728855848,1.713747144,2.649158716,49.85743332,65000
3892.141584,SHETLAND GP.,Svarte Fm.,12.3942318,1.762362361,1.74832952,2.698260546,51.76692963,65000
3892.293584,SHETLAND GP.,Svarte Fm.,12.40236378,1.781233311,1.777439952,2.74833107,58.44018555,65000
3892.445584,SHETLAND GP.,Svarte Fm.,12.40127659,1.81204021,1.80898881,2.776589632,61.57130051,65000
3892.597584,SHETLAND GP.,Svarte Fm.,12.40350723,1.844563246,1.852092743,2.786878109,60.31655884,65000
3892.749584,SHETLAND GP.,Svarte Fm.,12.38530445,1.929662585,1.928451538,2.796511889,56.68915176,65000
3892.901584,SHETLAND GP.,Svarte Fm.,12.39044857,1.926419377,1.914666176,2.78007102,53.96212387,65000
3893.053584,SHETLAND GP.,Svarte Fm.,12.38986015,1.835671306,1.813241005,2.726440668,54.87914658,65000
3893.205584,SHETLAND GP.,Svarte Fm.,12.39853382,1.759987831,1.73812151,2.653991699,56.43838882,65000
3893.357584,SHETLAND GP.,Svarte Fm.,12.41938686,1.713856101,1.699444056,2.594706059,59.39483643,65000
3893.509584,SHETLAND GP.,Svarte Fm.,12.39992142,1.670427203,1.659263253,2.574584961,60.24235916,65000
3893.661584,SHETLAND GP.,Svarte Fm.,12.38941383,1.623255491,1.615818381,2.584623814,60.5112381,65000
3893.813584,SHETLAND GP.,Svarte Fm.,12.40081692,1.586191654,1.57358551,2.601636648,59.07314301,65000
3893.965584,SHETLAND GP.,Svarte Fm.,12.39701366,1.557827473,1.539894581,2.614364147,59.65857697,65000
3894.117584,SHETLAND GP.,Svarte Fm.,12.38089562,1.53497231,1.513805866,2.612887859,61.63077545,65000
3894.269584,SHETLAND GP.,Svarte Fm.,12.38764858,1.515760779,1.489511728,2.610114574,64.51956177,65000
3894.421584,SHETLAND GP.,Svarte Fm.,12.38888645,1.513471961,1.483318329,2.613619566,64.85790253,65000
3894.573584,SHETLAND GP.,Svarte Fm.,12.38500023,1.526621461,1.493861318,2.625272512,63.27217865,65000
3894.725584,SHETLAND GP.,Svarte Fm.,12.37200546,1.562372565,1.522206068,2.646644592,61.42353439,65000
3894.877584,SHETLAND GP.,Svarte Fm.,12.38999653,1.571130991,1.522818208,2.646187544,58.60654831,65000
3895.029584,SHETLAND GP.,Svarte Fm.,12.4059,1.553728938,1.500302196,2.623645306,57.15274048,65000
3895.181584,SHETLAND GP.,Svarte Fm.,12.4059,1.556766629,1.501091957,2.593586683,56.26308441,65000
3895.333584,SHETLAND GP.,Svarte Fm.,12.39312744,1.580290079,1.523273349,2.583239079,56.7937851,65000
3895.485584,SHETLAND GP.,Svarte Fm.,12.38500023,1.60017252,1.548783302,2.587096453,57.85961151,65000
3895.637584,SHETLAND GP.,Svarte Fm.,12.41031742,1.619688153,1.579071641,2.589366198,57.8161087,65000
3895.789584,SHETLAND GP.,Svarte Fm.,12.41420174,1.636315584,1.616451025,2.58612299,57.4937706,65000
3895.941584,SHETLAND GP.,Svarte Fm.,12.41424751,1.65827477,1.657882452,2.581057549,57.51900864,65000
3896.093584,SHETLAND GP.,Svarte Fm.,12.41770554,1.680328727,1.695360899,2.57672739,59.07288742,65000
3896.245584,SHETLAND GP.,Svarte Fm.,12.41838265,1.703726172,1.749742627,2.584282875,63.20184708,65000
3896.397584,SHETLAND GP.,Svarte Fm.,12.40327835,1.634995937,1.690826893,2.605936766,63.39564514,65000
3896.549584,SHETLAND GP.,Svarte Fm.,12.38782978,1.550487042,1.582710266,2.627884865,59.38575363,65000
3896.701584,SHETLAND GP.,Svarte Fm.,12.38088703,1.591484904,1.610996366,2.621578932,56.14086151,65000
3896.853584,SHETLAND GP.,Svarte Fm.,12.40038395,1.65743506,1.665604472,2.595819712,58.59082031,65000
3897.005584,SHETLAND GP.,Svarte Fm.,12.39809799,1.622949004,1.618603826,2.569247484,64.12039185,65000
3897.157584,SHETLAND GP.,Svarte Fm.,12.38500023,1.546819925,1.534090638,2.562776089,66.66444397,65000
3897.309584,SHETLAND GP.,Svarte Fm.,12.37894154,1.504093885,1.482070088,2.572158575,65.90013886,65000
3897.461584,SHETLAND GP.,Svarte Fm.,12.37248898,1.48976171,1.46175015,2.581083059,64.38001251,65000
3897.613584,SHETLAND GP.,Svarte Fm.,12.39489269,1.500075102,1.467545748,2.585314512,61.10266113,65000
3897.765584,SHETLAND GP.,Svarte Fm.,12.39301109,1.520392418,1.490141511,2.581621409,59.97710037,65000
3897.917584,SHETLAND GP.,Svarte Fm.,12.38587284,1.544795156,1.515163183,2.577960014,59.28022766,65000
3898.069584,SHETLAND GP.,Svarte Fm.,12.38800716,1.560602665,1.532413125,2.577135801,60.35303116,65000
3898.221584,SHETLAND GP.,Svarte Fm.,12.39279747,1.566421986,1.543377996,2.576082945,58.84667206,65000
3898.373584,SHETLAND GP.,Svarte Fm.,12.40280533,1.574010611,1.549685597,2.576994896,55.62250519,65000
3898.525584,SHETLAND GP.,Svarte Fm.,12.4059,1.577121973,1.557991386,2.58232379,55.59405518,65000
3898.677584,SHETLAND GP.,Svarte Fm.,12.39433193,1.587459326,1.575178862,2.589242458,56.95626068,65000
3898.829584,SHETLAND GP.,Svarte Fm.,12.38879681,1.608848214,1.597918749,2.593750954,59.2930603,65000
3898.981584,SHETLAND GP.,Svarte Fm.,12.38237476,1.63322258,1.621444583,2.592034578,60.59764862,65000
3899.133584,SHETLAND GP.,Svarte Fm.,12.37259197,1.655693531,1.642911553,2.586828709,61.34091568,65000
3899.285584,SHETLAND GP.,Svarte Fm.,12.39369202,1.670291543,1.655845881,2.583894253,61.86880493,65000
3899.437584,SHETLAND GP.,Svarte Fm.,12.39777088,1.684136391,1.662838459,2.585840941,60.305439,65000
3899.589584,SHETLAND GP.,Svarte Fm.,12.39058971,1.729471207,1.70109117,2.594826222,57.56673431,65000
3899.741584,SHETLAND GP.,Svarte Fm.,12.39352799,1.785371542,1.755145669,2.605350018,56.19532776,65000
3899.893584,SHETLAND GP.,Svarte Fm.,12.39935112,1.752941608,1.728310823,2.604769468,56.06487274,65000
3900.045584,SHETLAND GP.,Svarte Fm.,12.4059,1.65568006,1.636899114,2.591743231,55.97896576,65000
3900.197584,SHETLAND GP.,Svarte Fm.,12.40221119,1.562278986,1.547160745,2.574263334,54.49451065,65000
3900.349584,SHETLAND GP.,Svarte Fm.,12.40256691,1.505126953,1.492274523,2.563080549,52.38600159,65000
3900.501584,SHETLAND GP.,Svarte Fm.,12.39859676,1.504697204,1.490858316,2.559708834,52.90556335,65000
3900.653584,SHETLAND GP.,Svarte Fm.,12.38468075,1.532319546,1.514970779,2.559838772,55.4949379,65000
3900.805584,SHETLAND GP.,Svarte Fm.,12.37082386,1.548990727,1.527641892,2.561058283,56.85807419,65000
3900.957584,SHETLAND GP.,Svarte Fm.,12.37123489,1.54501617,1.521959662,2.560016871,56.09457016,65000
3901.109584,SHETLAND GP.,Svarte Fm.,12.38689041,1.534530163,1.513682962,2.557522297,55.50519943,65000
3901.261584,SHETLAND GP.,Svarte Fm.,12.39010906,1.535762548,1.515075088,2.560115337,56.59311295,65000
3901.413584,SHETLAND GP.,Svarte Fm.,12.3744154,1.550963283,1.529581428,2.570029736,56.79352951,65000
3901.565584,SHETLAND GP.,Svarte Fm.,12.37462139,1.569567561,1.549315929,2.58178854,57.11957169,65000
3901.717584,SHETLAND GP.,Svarte Fm.,12.37974644,1.579800248,1.560000777,2.589351416,57.76715088,65000
3901.869584,SHETLAND GP.,Svarte Fm.,12.38316631,1.574322343,1.556666851,2.601461411,59.9961586,65000
3902.021584,SHETLAND GP.,Svarte Fm.,12.38153648,1.569441319,1.552795053,2.628608465,60.85437775,65000
3902.173584,SHETLAND GP.,Svarte Fm.,12.37272549,1.580306768,1.561481953,2.658908606,59.83901978,65000
3902.325584,SHETLAND GP.,Svarte Fm.,12.38302136,1.589224696,1.566273928,2.670637131,59.45769119,65000
3902.477584,SHETLAND GP.,Svarte Fm.,12.40379429,1.573814511,1.547488213,2.655150652,57.65665054,65000
3902.629584,SHETLAND GP.,Svarte Fm.,12.42644024,1.539442658,1.51156044,2.626825571,56.45479965,65000
3902.781584,SHETLAND GP.,Svarte Fm.,12.43888664,1.506166577,1.477522016,2.602452755,56.23687744,65000
3902.933584,SHETLAND GP.,Svarte Fm.,12.44903565,1.483736515,1.455080271,2.588079691,59.17988968,65000
3903.085584,SHETLAND GP.,Svarte Fm.,12.4561615,1.467900991,1.438018203,2.58302784,63.89912033,65000
3903.237584,SHETLAND GP.,Svarte Fm.,12.45210457,1.451987863,1.421204805,2.576230288,65.8159256,65000
3903.389584,SHETLAND GP.,Svarte Fm.,12.44804859,1.456778526,1.427623272,2.563165188,65.12379456,65000
3903.541584,SHETLAND GP.,Svarte Fm.,12.44399166,1.51005435,1.483456254,2.552726984,61.3404007,65000
3903.693584,SHETLAND GP.,Svarte Fm.,12.43993473,1.590289474,1.564130664,2.555746555,56.9446907,65000
3903.845584,SHETLAND GP.,Svarte Fm.,12.4358778,1.63859725,1.612945914,2.571819305,55.52461624,65000
3903.997584,SHETLAND GP.,Svarte Fm.,12.40475082,1.620891929,1.601554871,2.591957808,56.65079498,65000
3904.149584,SHETLAND GP.,Svarte Fm.,12.36783505,1.591467857,1.578152299,2.626334906,59.79273987,65000
3904.301584,SHETLAND GP.,Svarte Fm.,12.36724377,1.608211637,1.598416209,2.660528421,61.78628922,65000
3904.453584,SHETLAND GP.,Svarte Fm.,12.38682175,1.64099741,1.627522707,2.662485361,62.71197891,65000
3904.605584,SHETLAND GP.,Svarte Fm.,12.39958477,1.620764136,1.601813555,2.630461693,62.98141098,65000
3904.757584,SHETLAND GP.,Svarte Fm.,12.3888073,1.559247732,1.542323589,2.596992016,62.68889999,65000
3904.909584,SHETLAND GP.,Svarte Fm.,12.38032818,1.518333316,1.501578212,2.595863342,60.41104507,65000
3905.061584,SHETLAND GP.,Svarte Fm.,12.37605,1.50480628,1.487189651,2.607930183,58.52378464,65000
3905.213584,SHETLAND GP.,Svarte Fm.,12.38720512,1.505574822,1.486042738,2.610870361,56.69722366,65000
3905.365584,SHETLAND GP.,Svarte Fm.,12.39736557,1.513043761,1.49273026,2.612962723,57.30955887,65000
3905.517584,SHETLAND GP.,Svarte Fm.,12.38782597,1.522844195,1.500786543,2.624523878,60.31088638,65000
3905.669584,SHETLAND GP.,Svarte Fm.,12.38551807,1.535610795,1.511317015,2.626075745,62.23585892,65000
3905.821584,SHETLAND GP.,Svarte Fm.,12.39092922,1.543741226,1.516593933,2.605293036,64.17893982,65000
3905.973584,SHETLAND GP.,Svarte Fm.,12.39838314,1.54090488,1.50982368,2.578496218,63.89201737,65000
3906.125584,SHETLAND GP.,Svarte Fm.,12.40300942,1.535297394,1.502631664,2.56612587,65.02552033,65000
3906.277584,SHETLAND GP.,Svarte Fm.,12.38500023,1.528296948,1.498287797,2.571718693,66.94538879,65000
3906.429584,SHETLAND GP.,Svarte Fm.,12.37623882,1.522390962,1.492991447,2.582581282,68.02542877,65000
3906.581584,SHETLAND GP.,Svarte Fm.,12.35100842,1.520883799,1.490392447,2.597203493,66.58521271,65000
3906.733584,SHETLAND GP.,Svarte Fm.,12.3500061,1.52174139,1.491040826,2.606348991,65.45394135,65000
3906.885584,SHETLAND GP.,Svarte Fm.,12.37022781,1.517445326,1.484511256,2.60425067,64.73913574,65000
3907.037584,SHETLAND GP.,Svarte Fm.,12.35980988,1.502048135,1.470186591,2.596869946,64.13821411,65000
3907.189584,SHETLAND GP.,Svarte Fm.,12.3663578,1.485305786,1.456105709,2.600366354,63.42583084,65000
3907.341584,SHETLAND GP.,Svarte Fm.,12.38217163,1.492806435,1.463485241,2.618035793,63.97814941,65000
3907.493584,SHETLAND GP.,Svarte Fm.,12.37659645,1.525841475,1.496221185,2.649911404,66.09565735,65000
3907.645584,SHETLAND GP.,Svarte Fm.,12.37867832,1.538366795,1.509561658,2.681474209,66.63505554,65000
3907.797584,SHETLAND GP.,Svarte Fm.,12.37946034,1.508081436,1.482720256,2.676377773,63.69112778,65000
3907.949584,SHETLAND GP.,Svarte Fm.,12.37650776,1.478844404,1.45652318,2.631960154,60.979599,65000
3908.101584,SHETLAND GP.,Svarte Fm.,12.39042854,1.475438595,1.452457428,2.577539206,58.19506073,65000
3908.253584,SHETLAND GP.,Svarte Fm.,12.39080524,1.480174661,1.455780983,2.556237221,61.01976013,65000
3908.405584,SHETLAND GP.,Svarte Fm.,12.36460018,1.491334319,1.465710282,2.569555521,63.70911026,65000
3908.557584,SHETLAND GP.,Svarte Fm.,12.34319973,1.517535448,1.489937902,2.583436012,63.86058044,65000
3908.709584,SHETLAND GP.,Svarte Fm.,12.34848118,1.549055338,1.518527746,2.58205843,58.95997238,65000
3908.861584,SHETLAND GP.,Svarte Fm.,12.36760998,1.580155611,1.547285676,2.57414341,55.08962631,65000
3909.013584,SHETLAND GP.,Svarte Fm.,12.37975788,1.592248917,1.561698198,2.565976858,57.71886826,65000
3909.165584,SHETLAND GP.,Svarte Fm.,12.37621021,1.592792869,1.562955618,2.561457634,62.0725708,65000
3909.317584,SHETLAND GP.,Svarte Fm.,12.3952837,1.58705008,1.560257316,2.558923483,64.74897003,65000
3909.469584,SHETLAND GP.,Svarte Fm.,12.41026688,1.58168602,1.561213732,2.567449093,62.16497421,65000
3909.621584,SHETLAND GP.,Svarte Fm.,12.4059,1.596568346,1.580742359,2.582211494,61.08999634,65000
3909.773584,SHETLAND GP.,Svarte Fm.,12.41345596,1.630006194,1.61917007,2.594224691,60.57027435,65000
3909.925584,SHETLAND GP.,Svarte Fm.,12.4167757,1.656410813,1.64777422,2.598338842,60.92594528,65000
3910.077584,SHETLAND GP.,Svarte Fm.,12.40139484,1.649551034,1.644915342,2.599513769,61.29399109,65000
3910.229584,SHETLAND GP.,Svarte Fm.,12.40833664,1.630043745,1.625449657,2.60004139,60.34799957,65000
3910.381584,SHETLAND GP.,Svarte Fm.,12.41037846,1.613757253,1.608129025,2.599036694,60.42957306,65000
3910.533584,SHETLAND GP.,Svarte Fm.,12.40345955,1.593917728,1.583821178,2.594259262,58.46088409,65000
3910.685584,SHETLAND GP.,Svarte Fm.,12.40370655,1.576453567,1.560074806,2.586103201,58.27885056,65000
3910.837584,SHETLAND GP.,Svarte Fm.,12.40683937,1.568217635,1.546107769,2.576319695,58.83128357,65000
3910.989584,SHETLAND GP.,Svarte Fm.,12.41319561,1.581391931,1.550815463,2.567060947,60.38512039,65000
3911.141584,SHETLAND GP.,Svarte Fm.,12.4359026,1.610114098,1.576685906,2.561687231,60.08980942,65000
3911.293584,SHETLAND GP.,Svarte Fm.,12.41747952,1.627621293,1.601478577,2.572142839,58.95187378,65000
3911.445584,SHETLAND GP.,Svarte Fm.,12.43138695,1.655744791,1.622477889,2.599081993,59.67453003,65000
3911.597584,SHETLAND GP.,Svarte Fm.,12.42922688,1.667113543,1.653173804,2.626199722,59.07356644,65000
3911.749584,SHETLAND GP.,Svarte Fm.,12.40815926,1.719990969,1.71571362,2.630990267,58.39031982,65000
3911.901584,SHETLAND GP.,Svarte Fm.,12.4207325,1.780389428,1.783398032,2.626966953,56.61220551,65000
3912.053584,SHETLAND GP.,Svarte Fm.,12.42710877,1.83093822,1.837803245,2.624619246,57.47072601,65000
3912.205584,SHETLAND GP.,Svarte Fm.,12.40254974,1.854676485,1.851058364,2.630221605,57.46110153,65000
3912.357584,SHETLAND GP.,Svarte Fm.,12.40312862,1.906683922,1.881969571,2.637987614,58.8804512,65000
3912.509584,SHETLAND GP.,Svarte Fm.,12.41322613,2.01397562,1.98064816,2.632339478,59.68347931,65000
3912.661584,SHETLAND GP.,Svarte Fm.,12.39129257,2.126859903,2.094445705,2.627377033,61.46142578,65000
3912.813584,SHETLAND GP.,Svarte Fm.,12.38631153,2.087824345,2.069611549,2.618458986,61.11592102,65000
3912.965584,SHETLAND GP.,Svarte Fm.,12.41068745,1.932981253,1.921910286,2.615991831,61.38083649,65000
3913.117584,SHETLAND GP.,Svarte Fm.,12.40164566,1.851648092,1.855151534,2.616169691,62.01420593,65000
3913.269584,SHETLAND GP.,Svarte Fm.,12.40554047,1.859942913,1.873230457,2.616190434,63.47330475,65000
3913.421584,SHETLAND GP.,Svarte Fm.,12.43201733,1.889796615,1.90680337,2.617471933,61.80287552,65000
3913.573584,SHETLAND GP.,Svarte Fm.,12.42186832,1.913225055,1.928745627,2.619970322,59.52280426,65000
3913.725584,SHETLAND GP.,Svarte Fm.,12.4145422,1.890099526,1.899562717,2.62001729,58.19251251,65000
3913.877584,SHETLAND GP.,Svarte Fm.,12.38802624,1.803399801,1.799239397,2.618233919,61.02372742,65000
3914.029584,SHETLAND GP.,Svarte Fm.,12.39439011,1.7170192,1.721353531,2.610144138,62.32663345,65000
3914.181584,SHETLAND GP.,Svarte Fm.,12.38993359,1.691391945,1.689505935,2.600264072,60.9339447,65000
3914.333584,SHETLAND GP.,Svarte Fm.,12.38793945,1.730461478,1.726261258,2.594428301,60.50867844,65000
3914.485584,SHETLAND GP.,Svarte Fm.,12.38855839,1.752007484,1.745328903,2.596714973,61.0661583,65000
3914.637584,SHETLAND GP.,Svarte Fm.,12.38069058,1.784551263,1.78947866,2.603149653,61.85425568,65000
3914.789584,SHETLAND GP.,Svarte Fm.,12.40206051,1.887535811,1.891652823,2.604386807,56.75018692,65000
3914.941584,SHETLAND GP.,Svarte Fm.,12.39002228,2.014168978,2.008253098,2.598610401,56.02511597,65000
3915.093584,SHETLAND GP.,Svarte Fm.,12.38874912,2.115725994,2.114073038,2.589737654,54.03227234,65030
3915.245584,SHETLAND GP.,Svarte Fm.,12.39702988,2.200041533,2.206147194,2.595716,54.23966217,65030
3915.397584,SHETLAND GP.,Svarte Fm.,12.39008045,2.424296379,2.401133776,2.603810787,53.34378052,65030
3915.549584,SHETLAND GP.,Svarte Fm.,12.39226627,2.737574101,2.703184128,2.611506701,52.43508148,65030
3915.701584,SHETLAND GP.,Svarte Fm.,12.40378285,2.622181416,2.586357832,2.610695124,55.12401581,65030
3915.853584,SHETLAND GP.,Svarte Fm.,12.3744297,2.144153118,2.138808727,2.614396572,53.69139099,65030
3916.005584,SHETLAND GP.,Svarte Fm.,12.37116718,1.866079569,1.869891882,2.607811928,56.10137177,65000
3916.157584,SHETLAND GP.,Svarte Fm.,12.39540958,1.834120035,1.831270218,2.599983454,56.25703812,65000
3916.309584,SHETLAND GP.,Svarte Fm.,12.402421,1.830267906,1.82687211,2.582704783,62.13890839,65000
3916.461584,SHETLAND GP.,Svarte Fm.,12.40049267,1.821759224,1.824754238,2.578551769,63.10837174,65000
3916.613584,SHETLAND GP.,Svarte Fm.,12.42338944,1.774279594,1.804302692,2.572956324,60.6141777,65000
3916.765584,SHETLAND GP.,Svarte Fm.,12.41279984,1.735080957,1.772338986,2.571503639,56.7191124,65000
3916.917584,SHETLAND GP.,Svarte Fm.,12.41446495,1.715209723,1.761361241,2.568253279,56.55526733,65000
3917.069584,SHETLAND GP.,Svarte Fm.,12.40912724,1.707060695,1.744400978,2.567114592,58.71371841,65000
3917.221584,SHETLAND GP.,Svarte Fm.,12.37694645,1.666128755,1.71471715,2.57800436,58.81690216,65000
3917.373584,SHETLAND GP.,Svarte Fm.,12.37779427,1.631452441,1.667217135,2.592747212,57.01143646,65000
3917.525584,SHETLAND GP.,Svarte Fm.,12.35755348,1.720891237,1.708789945,2.601845264,55.53500366,65000
3917.677584,SHETLAND GP.,Svarte Fm.,12.37178803,1.801192641,1.714706421,2.603677511,54.50085831,65000
3917.829584,SHETLAND GP.,Svarte Fm.,12.37372112,1.806316137,1.675813913,2.605960846,54.97800827,65000
3917.981584,SHETLAND GP.,Svarte Fm.,12.36334038,1.81877768,1.689884186,2.613033533,57.9486351,65000
3918.133584,SHETLAND GP.,Svarte Fm.,12.3377161,1.757627964,1.652416349,2.608531714,60.96089935,65000
3918.285584,SHETLAND GP.,Svarte Fm.,12.34915829,1.681794882,1.60253942,2.60855031,61.1327095,65000
3918.437584,SHETLAND GP.,Svarte Fm.,12.36805248,1.595415115,1.544765592,2.615896702,60.53938294,65000
3918.589584,SHETLAND GP.,Svarte Fm.,12.36876965,1.518931031,1.500751495,2.62444377,57.87179565,65000
3918.741584,SHETLAND GP.,Svarte Fm.,12.40707398,1.535660744,1.53895998,2.620690107,58.61523819,65000
3918.893584,SHETLAND GP.,Svarte Fm.,12.38711834,1.543938279,1.563721538,2.61127758,60.70550919,65000
3919.045584,SHETLAND GP.,Svarte Fm.,12.4045248,1.510356426,1.518529415,2.609248877,60.37213516,65000
3919.197584,SHETLAND GP.,Svarte Fm.,12.43377781,1.492050409,1.48085618,2.600355387,61.9333458,65000
3919.349584,SHETLAND GP.,Svarte Fm.,12.41541386,1.467716813,1.437782407,2.5852952,61.51787567,65000
3919.501584,SHETLAND GP.,Svarte Fm.,12.4492321,1.45932889,1.427482724,2.569012404,65.17953491,65000
3919.653584,SHETLAND GP.,Svarte Fm.,12.42811585,1.467933536,1.432801485,2.572151899,66.79541016,65000
3919.805584,SHETLAND GP.,Svarte Fm.,12.43633938,1.484323621,1.452193379,2.588055134,66.78057098,65000
3919.957584,SHETLAND GP.,Svarte Fm.,12.45158768,1.51418519,1.481371403,2.618711233,65.4144516,65000
3920.109584,SHETLAND GP.,Svarte Fm.,12.46860027,1.548963189,1.5105654,2.632232904,62.12411499,65000
3920.261584,SHETLAND GP.,Svarte Fm.,12.46483421,1.551476121,1.516551137,2.624349833,59.80202866,65000
3920.413584,SHETLAND GP.,Svarte Fm.,12.45264626,1.506276012,1.473648191,2.607061386,59.09441757,65000
3920.565584,SHETLAND GP.,Svarte Fm.,12.47611427,1.474582791,1.437387824,2.605238199,60.19815064,65000
3920.717584,SHETLAND GP.,Svarte Fm.,12.47480774,1.465065718,1.433495164,2.627191067,61.53842926,65000
3920.869584,SHETLAND GP.,Svarte Fm.,12.45343018,1.465646148,1.4362818,2.65398097,62.22864151,65000
3921.021584,SHETLAND GP.,Svarte Fm.,12.45235157,1.469049096,1.440516353,2.644065857,61.15524674,65000
3921.173584,SHETLAND GP.,Svarte Fm.,12.46918774,1.472463846,1.444664955,2.617879868,62.87549973,65000
3921.325584,SHETLAND GP.,Svarte Fm.,12.43889141,1.501855016,1.473538995,2.599208355,62.73267365,65000
3921.477584,SHETLAND GP.,Svarte Fm.,12.44769955,1.533023953,1.504480839,2.613990307,65.17101288,65000
3921.629584,SHETLAND GP.,Svarte Fm.,12.44987774,1.534924507,1.505984902,2.630851746,65.53382111,65000
3921.781584,SHETLAND GP.,Svarte Fm.,12.4562254,1.507581949,1.481106997,2.626123905,63.50167847,65000
3921.933584,SHETLAND GP.,Svarte Fm.,12.42679977,1.494067431,1.470361114,2.614759207,59.51594544,65000
3922.085584,CROMER KNOLL GP.,Roedby Fm.,12.43144226,1.504444003,1.480336785,2.606208324,59.80978394,65000
3922.237584,CROMER KNOLL GP.,Roedby Fm.,12.45504761,1.521047235,1.498134852,2.612606764,63.0179863,65000
3922.389584,CROMER KNOLL GP.,Roedby Fm.,12.43770218,1.526719093,1.504304647,2.630434036,61.53325272,65000
3922.541584,CROMER KNOLL GP.,Roedby Fm.,12.44365215,1.53220129,1.509559989,2.635597944,60.75813294,65000
3922.693584,CROMER KNOLL GP.,Roedby Fm.,12.46351433,1.543355465,1.520089507,2.634982586,62.46146393,65000
3922.845584,CROMER KNOLL GP.,Roedby Fm.,12.47361755,1.566944718,1.545171738,2.623654127,63.63225555,65000
3922.997584,CROMER KNOLL GP.,Roedby Fm.,12.45696545,1.563053727,1.541120768,2.622694969,65.741745,65000
3923.149584,CROMER KNOLL GP.,Roedby Fm.,12.43226337,1.563976407,1.539719582,2.613259077,67.41136932,65000
3923.301584,CROMER KNOLL GP.,Roedby Fm.,12.46594429,1.587730289,1.56300211,2.607521057,63.96341705,65000
3923.453584,CROMER KNOLL GP.,Roedby Fm.,12.44509125,1.603541017,1.584001541,2.611748934,59.30299759,65000
3923.605584,CROMER KNOLL GP.,Roedby Fm.,12.43063545,1.584305286,1.57425487,2.61645937,53.80122376,65000
3923.757584,CROMER KNOLL GP.,Roedby Fm.,12.45559025,1.556564927,1.552209973,2.616206646,52.48078537,65000
3923.909584,CROMER KNOLL GP.,Roedby Fm.,12.43719864,1.527848601,1.533593893,2.605266333,55.24449158,65000
3924.061584,CROMER KNOLL GP.,Roedby Fm.,12.43362522,1.501448154,1.521260738,2.599254608,59.5737648,65000
3924.213584,CROMER KNOLL GP.,Roedby Fm.,12.40356064,1.507591486,1.490733624,2.597131729,62.43720245,65000
3924.365584,CROMER KNOLL GP.,Roedby Fm.,12.38804913,1.526986837,1.493577242,2.609224558,62.18361282,65000
3924.517584,CROMER KNOLL GP.,Roedby Fm.,12.4109335,1.569002271,1.519454479,2.624699116,62.32296753,65000
3924.669584,CROMER KNOLL GP.,Roedby Fm.,12.39648628,1.628606439,1.566716433,2.652011871,62.06344605,65000
3924.821584,CROMER KNOLL GP.,Roedby Fm.,12.40378285,1.682734013,1.619306564,2.66698432,62.52540207,65000
3924.973584,CROMER KNOLL GP.,Roedby Fm.,12.38775349,1.675410867,1.621393323,2.681204319,62.73826218,65000
3925.125584,CROMER KNOLL GP.,Roedby Fm.,12.41213322,1.641240001,1.598214746,2.655852318,60.53862,65000
3925.277584,CROMER KNOLL GP.,Roedby Fm.,12.40654087,1.606343985,1.600603342,2.629994154,57.29298782,65000
3925.429584,CROMER KNOLL GP.,Roedby Fm.,12.41027927,1.747997046,1.756341577,2.620052338,57.59028626,65000
3925.581584,CROMER KNOLL GP.,Roedby Fm.,12.38561058,1.86752522,1.913195252,2.630208969,57.31111908,65000
3925.733584,CROMER KNOLL GP.,Roedby Fm.,12.39099979,1.931446791,1.970781446,2.647015095,57.55897141,65000
3925.885584,CROMER KNOLL GP.,Roedby Fm.,12.38058186,2.046289682,2.043547154,2.651587963,55.2930069,65000
3926.037584,CROMER KNOLL GP.,Roedby Fm.,12.3715601,2.14917016,2.14282012,2.678244591,57.87021637,65000
3926.189584,CROMER KNOLL GP.,Roedby Fm.,12.37854481,2.287706137,2.231876135,2.691983461,56.5511055,65000
3926.341584,CROMER KNOLL GP.,Roedby Fm.,12.38710022,2.195503473,2.133419514,2.697434664,55.6299057,70000
3926.493584,CROMER KNOLL GP.,Roedby Fm.,12.41229534,2.090284348,2.04430604,2.676969051,53.87085724,70000
3926.645584,CROMER KNOLL GP.,Roedby Fm.,12.40782929,2.003491879,1.973623514,2.641984701,56.60909271,70000
3926.797584,CROMER KNOLL GP.,Roedby Fm.,12.43369865,1.87393868,1.852753639,2.600979328,59.30264282,65000
3926.949584,CROMER KNOLL GP.,Roedby Fm.,12.43325138,1.808111548,1.791261435,2.574293613,59.84971619,65000
3927.101584,CROMER KNOLL GP.,Roedby Fm.,12.42810726,1.813375592,1.815137386,2.57430625,57.67578888,65000
3927.253584,CROMER KNOLL GP.,Roedby Fm.,12.44564819,1.821855068,1.811349034,2.575606108,56.52917481,65000
3927.405584,CROMER KNOLL GP.,Roedby Fm.,12.41240978,1.768707514,1.76312232,2.570464611,57.60345459,65000
3927.557584,CROMER KNOLL GP.,Roedby Fm.,12.4059,1.721128583,1.719101429,2.563617945,59.10812378,65000
3927.709584,CROMER KNOLL GP.,Roedby Fm.,12.40662193,1.704880357,1.702369928,2.572234631,60.12630844,65000
3927.861584,CROMER KNOLL GP.,Roedby Fm.,12.42046928,1.719293714,1.716193914,2.597625732,60.61967468,65000
3928.013584,CROMER KNOLL GP.,Roedby Fm.,12.43242264,1.756322384,1.745561123,2.617895365,59.65477371,65000
3928.165584,CROMER KNOLL GP.,Roedby Fm.,12.40681171,1.704063177,1.698184609,2.617442131,59.74546814,65000
3928.317584,CROMER KNOLL GP.,Roedby Fm.,12.42679977,1.639582276,1.632210016,2.609124184,59.94642258,65000
3928.469584,CROMER KNOLL GP.,Roedby Fm.,12.42679977,1.585079551,1.582885742,2.597799063,62.52695465,65000
3928.621584,CROMER KNOLL GP.,Roedby Fm.,12.42630577,1.564639092,1.560230732,2.590195417,61.07735062,65000
3928.773584,CROMER KNOLL GP.,Roedby Fm.,12.41326237,1.557427406,1.555322766,2.584781647,62.13970184,65000
3928.925584,CROMER KNOLL GP.,Roedby Fm.,12.42744255,1.555167794,1.546827793,2.590585947,61.55834961,65000
3929.077584,CROMER KNOLL GP.,Roedby Fm.,12.44710445,1.551338673,1.535264969,2.605794668,63.60550308,65000
3929.229584,CROMER KNOLL GP.,Roedby Fm.,12.42679977,1.562872887,1.540658474,2.602175474,59.40158081,65000
3929.381584,CROMER KNOLL GP.,Roedby Fm.,12.42711067,1.562281251,1.53147614,2.601251602,58.54039764,65000
3929.533584,CROMER KNOLL GP.,Roedby Fm.,12.44097805,1.583161116,1.54770267,2.603671074,58.33462143,65000
3929.685584,CROMER KNOLL GP.,Roedby Fm.,12.45397949,1.575989604,1.537682414,2.611905336,60.04390335,65000
3929.837584,CROMER KNOLL GP.,Roedby Fm.,12.41999435,1.552902579,1.51425159,2.606479883,61.88843918,65000
3929.989584,CROMER KNOLL GP.,Roedby Fm.,12.43353558,1.517576695,1.482419014,2.591055393,60.79683685,65000
3930.141584,CROMER KNOLL GP.,Roedby Fm.,12.4196682,1.490463615,1.458910227,2.595800638,62.8496666,65000
3930.293584,CROMER KNOLL GP.,Roedby Fm.,12.4059,1.497063756,1.470418096,2.606318235,62.75207901,65000
3930.445584,CROMER KNOLL GP.,Roedby Fm.,12.40605545,1.492021799,1.472916484,2.608719826,64.09410095,65000
3930.597584,CROMER KNOLL GP.,Roedby Fm.,12.43719482,1.476414204,1.476194143,2.592697144,58.98111725,65000
3930.749584,CROMER KNOLL GP.,Roedby Fm.,12.43370247,1.488985777,1.471005797,2.590102911,59.26128388,65000
3930.901584,CROMER KNOLL GP.,Roedby Fm.,12.42682266,1.517602921,1.490434051,2.599468231,57.7171402,65000
3931.053584,CROMER KNOLL GP.,Roedby Fm.,12.42679977,1.499900937,1.483937144,2.621176958,61.2807579,65000
3931.205584,CROMER KNOLL GP.,Roedby Fm.,12.44750118,1.507724166,1.490041256,2.640218735,60.48313141,65000
3931.357584,CROMER KNOLL GP.,Roedby Fm.,12.44769955,1.608699799,1.584279776,2.649689674,59.99224472,65000
3931.509584,CROMER KNOLL GP.,Roedby Fm.,12.41328907,1.712245703,1.670096517,2.62426281,56.59962845,65000
3931.661584,CROMER KNOLL GP.,Roedby Fm.,12.44713211,1.713109732,1.674546361,2.588977337,51.60450745,65000
3931.813584,CROMER KNOLL GP.,Roedby Fm.,12.44083977,1.728484631,1.6886127,2.566940069,48.30175018,65000
3931.965584,CROMER KNOLL GP.,Roedby Fm.,12.45771122,1.784035325,1.734261394,2.581359863,50.01154327,65000
3932.117584,CROMER KNOLL GP.,Roedby Fm.,12.44795609,1.832702518,1.770705581,2.608327389,54.08307266,65000
3932.269584,CROMER KNOLL GP.,Roedby Fm.,12.45441437,1.92332828,1.869786143,2.651427507,53.16722488,65000
3932.421584,CROMER KNOLL GP.,Roedby Fm.,12.44110394,1.99434185,1.938226342,2.677744865,52.97755051,65000
3932.573584,CROMER KNOLL GP.,Roedby Fm.,12.42725754,1.843220711,1.808682442,2.660319567,51.14102936,65000
3932.725584,CROMER KNOLL GP.,Roedby Fm.,12.42679977,1.648237109,1.615305424,2.628056765,55.7299614,65000
3932.877584,CROMER KNOLL GP.,Roedby Fm.,12.42006207,1.540336251,1.53246069,2.590710878,59.90649796,65000
3933.029584,CROMER KNOLL GP.,Roedby Fm.,12.4265213,1.493190169,1.484081626,2.586803436,65.20582581,65000
3933.181584,CROMER KNOLL GP.,Roedby Fm.,12.43674564,1.453525305,1.450924635,2.587465286,68.69524384,65000
3933.333584,CROMER KNOLL GP.,Roedby Fm.,12.41725922,1.428233624,1.417728424,2.601429939,69.03579712,65000
3933.485584,CROMER KNOLL GP.,Roedby Fm.,12.43286133,1.410823345,1.386787891,2.606954336,70.50284576,65000
3933.637584,CROMER KNOLL GP.,Roedby Fm.,12.42050076,1.400504112,1.370296478,2.590487242,68.71796417,65000
3933.789584,CROMER KNOLL GP.,Roedby Fm.,12.4066534,1.416457295,1.36335218,2.57862854,67.15781403,65000
3933.941584,CROMER KNOLL GP.,Roedby Fm.,12.43873119,1.454761624,1.404135585,2.577056408,62.03782272,65000
3934.093584,CROMER KNOLL GP.,Roedby Fm.,12.43410969,1.500390291,1.443966389,2.593847752,59.39566422,65000
3934.245584,CROMER KNOLL GP.,Roedby Fm.,12.40102291,1.492771387,1.44263804,2.601284981,57.45664215,65000
3934.397584,CROMER KNOLL GP.,Roedby Fm.,12.40545654,1.453507662,1.403714061,2.601793528,59.69329453,65000
3934.549584,CROMER KNOLL GP.,Roedby Fm.,12.42539883,1.424683929,1.374044299,2.597601652,63.05140305,65000
3934.701584,CROMER KNOLL GP.,Roedby Fm.,12.45592785,1.424754262,1.386710286,2.600836277,66.15766144,65000
3934.853584,CROMER KNOLL GP.,Roedby Fm.,12.45810032,1.406797528,1.395412326,2.600450039,67.07736206,65000
3935.005584,CROMER KNOLL GP.,Roedby Fm.,12.4742136,1.39363873,1.389795303,2.605400801,64.1013031,65000
3935.157584,CROMER KNOLL GP.,Roedby Fm.,12.46913624,1.414006114,1.394649625,2.60238719,59.90235901,65000
3935.309584,CROMER KNOLL GP.,Roedby Fm.,12.46216011,1.441282988,1.419019103,2.614611387,60.34482193,65000
3935.461584,CROMER KNOLL GP.,Roedby Fm.,12.45517635,1.476262093,1.450099587,2.613589287,61.85695267,65000
3935.613584,CROMER KNOLL GP.,Roedby Fm.,12.46741676,1.527718902,1.496641636,2.614315271,64.90339661,65000
3935.765584,CROMER KNOLL GP.,Roedby Fm.,12.44316101,1.586995244,1.551027656,2.605829716,64.24711609,65000
3935.917584,CROMER KNOLL GP.,Roedby Fm.,12.41532898,1.617306709,1.575359702,2.604545355,60.86925507,65000
3936.069584,CROMER KNOLL GP.,Roedby Fm.,12.41279984,1.638213635,1.597346425,2.611575127,55.60743713,65000
3936.221584,CROMER KNOLL GP.,Roedby Fm.,12.44442844,1.681607366,1.64707005,2.617647171,51.26927185,65000
3936.373584,CROMER KNOLL GP.,Roedby Fm.,12.42880249,1.71528542,1.683555484,2.618833065,50.71720123,65000
3936.525584,CROMER KNOLL GP.,Roedby Fm.,12.42049694,1.672205925,1.64953053,2.610975981,58.59069824,65000
3936.677584,CROMER KNOLL GP.,Roedby Fm.,12.43856812,1.609624505,1.594660044,2.59698844,60.01330948,65000
3936.829584,CROMER KNOLL GP.,Roedby Fm.,12.4531517,1.583392501,1.565609217,2.592006445,64.33907318,65000
3936.981584,CROMER KNOLL GP.,Roedby Fm.,12.46710968,1.596022129,1.570048332,2.595084906,58.390522,65000
3937.133584,CROMER KNOLL GP.,Roedby Fm.,12.43134403,1.658941984,1.627674818,2.610830069,56.72660065,65000
3937.285584,CROMER KNOLL GP.,Roedby Fm.,12.42679977,1.739094734,1.690607905,2.62645793,53.7685318,65000
3937.437584,CROMER KNOLL GP.,Roedby Fm.,12.44529915,1.739005685,1.677075505,2.640857935,54.79317856,65000
3937.589584,CROMER KNOLL GP.,Roedby Fm.,12.42306614,1.719612002,1.674929738,2.643735886,55.62757874,65000
3937.741584,CROMER KNOLL GP.,Roedby Fm.,12.41979981,1.713765383,1.687681437,2.629369021,58.89884949,65000
3937.893584,CROMER KNOLL GP.,Roedby Fm.,12.413661,1.708037973,1.695538998,2.60328269,58.54908371,65000
3938.045584,CROMER KNOLL GP.,Roedby Fm.,12.43719864,1.70380187,1.690453172,2.583108664,60.18840408,65000
3938.197584,CROMER KNOLL GP.,Roedby Fm.,12.43764591,1.675387025,1.69256568,2.579478502,56.6842041,65000
3938.349584,CROMER KNOLL GP.,Roedby Fm.,12.40083218,1.637020946,1.640885353,2.582432032,55.84754944,65000
3938.501584,CROMER KNOLL GP.,Roedby Fm.,12.42260456,1.671753526,1.671134234,2.592603445,55.04669952,65000
3938.653584,CROMER KNOLL GP.,Roedby Fm.,12.41470528,1.796083093,1.78524816,2.60489893,54.05690384,65000
3938.805584,CROMER KNOLL GP.,Roedby Fm.,12.40685463,1.977725267,1.945851803,2.619266272,51.38673401,65030
3938.957584,CROMER KNOLL GP.,Roedby Fm.,12.39386749,2.164607763,2.130295038,2.625167131,48.76026917,65030
3939.109584,CROMER KNOLL GP.,Roedby Fm.,12.39789867,2.244899988,2.212071419,2.627857208,47.34444046,65030
3939.261584,CROMER KNOLL GP.,Roedby Fm.,12.39889908,2.325937033,2.295982838,2.632553101,47.03235245,65030
3939.413584,CROMER KNOLL GP.,Roedby Fm.,12.39889908,2.398893118,2.384286165,2.631513119,47.88809586,65030
3939.565584,CROMER KNOLL GP.,Roedby Fm.,12.41366863,2.440819502,2.45402813,2.637735605,47.55191803,65030
3939.717584,CROMER KNOLL GP.,Roedby Fm.,12.41629982,2.40703702,2.460883141,2.626202345,47.17306137,65030
3939.869584,CROMER KNOLL GP.,Roedby Fm.,12.41629982,2.32252121,2.356453896,2.610666513,47.0064888,65030
3940.021584,CROMER KNOLL GP.,Roedby Fm.,12.4075594,2.207840443,2.235411644,2.591476202,49.64121246,65030
3940.173584,CROMER KNOLL GP.,Roedby Fm.,12.42919922,2.19751668,2.22213459,2.593831539,52.02178192,65030
3940.325584,CROMER KNOLL GP.,Roedby Fm.,12.41622925,2.226533413,2.261416435,2.609778643,53.90248871,65030
3940.477584,CROMER KNOLL GP.,Roedby Fm.,12.4301939,2.251791954,2.282383204,2.623270273,52.33750534,65030
3940.629584,CROMER KNOLL GP.,Roedby Fm.,12.42797375,2.170333624,2.201292992,2.630129576,50.96197891,65030
3940.781584,CROMER KNOLL GP.,Roedby Fm.,12.41521454,2.098597765,2.11103034,2.629858732,48.67510605,65030
3940.933584,CROMER KNOLL GP.,Roedby Fm.,12.41857624,2.046862364,2.043478489,2.627536774,52.93064499,65030
3941.085584,CROMER KNOLL GP.,Roedby Fm.,12.40836048,1.999536634,1.980304003,2.620104313,53.59299851,65030
3941.237584,CROMER KNOLL GP.,Roedby Fm.,12.41728973,1.994231939,1.970329166,2.615240336,55.05194092,65000
3941.389584,CROMER KNOLL GP.,Roedby Fm.,12.42551804,1.958466888,1.915378451,2.613193035,51.87248612,65000
3941.541584,CROMER KNOLL GP.,Roedby Fm.,12.41539478,1.961623311,1.917093158,2.627400398,53.37526321,65000
3941.693584,CROMER KNOLL GP.,Roedby Fm.,12.40719414,1.937310457,1.849948406,2.641098499,50.29153061,65000
3941.845584,CROMER KNOLL GP.,Roedby Fm.,12.41714287,1.855232596,1.789942861,2.645117521,50.16677856,65000
3941.997584,CROMER KNOLL GP.,Roedby Fm.,12.41979981,1.76409173,1.750816584,2.634534836,52.84664154,65000
3942.149584,CROMER KNOLL GP.,Roedby Fm.,12.42542744,1.743766427,1.704182267,2.62024188,57.97507858,65000
3942.301584,CROMER KNOLL GP.,Roedby Fm.,12.40162468,1.713996649,1.667400956,2.610905886,61.77020264,65000
3942.453584,CROMER KNOLL GP.,Roedby Fm.,12.42046356,1.743996501,1.688397884,2.607703686,59.53608704,65000
3942.605584,CROMER KNOLL GP.,Roedby Fm.,12.41566086,1.792465448,1.741307855,2.610164166,57.44525909,65000
3942.757584,CROMER KNOLL GP.,Roedby Fm.,12.40177155,1.871761441,1.818077326,2.608995915,54.34412766,65000
3942.909584,CROMER KNOLL GP.,Roedby Fm.,12.40443802,1.87381947,1.833892465,2.603278637,53.35483933,65000
3943.061584,CROMER KNOLL GP.,Roedby Fm.,12.42238712,1.856820464,1.842908502,2.59732461,55.07392883,65000
3943.213584,CROMER KNOLL GP.,Roedby Fm.,12.40488815,1.805258274,1.821761131,2.598299027,53.98700714,65000
3943.365584,CROMER KNOLL GP.,Roedby Fm.,12.40437889,1.802197337,1.838938952,2.60477066,56.4528656,65000
3943.517584,CROMER KNOLL GP.,Roedby Fm.,12.416749,1.820609808,1.892719626,2.617717028,56.29048157,65000
3943.669584,CROMER KNOLL GP.,Roedby Fm.,12.40898228,1.851693392,1.911058545,2.634985924,58.71454239,65000
3943.821584,CROMER KNOLL GP.,Roedby Fm.,12.43285942,1.875801802,1.919395089,2.641634226,56.61835098,65000
3943.973584,CROMER KNOLL GP.,Roedby Fm.,12.40842438,1.89488411,1.919546962,2.635605335,55.85402679,65000
3944.125584,CROMER KNOLL GP.,Roedby Fm.,12.38819885,1.903950095,1.920693755,2.624515533,55.94257736,65000
3944.277584,CROMER KNOLL GP.,Roedby Fm.,12.39566898,1.940249205,1.919971824,2.625023842,56.22736359,65000
3944.429584,CROMER KNOLL GP.,Roedby Fm.,12.39889908,1.968756914,1.924948812,2.631348848,55.99166489,65000
3944.581584,CROMER KNOLL GP.,Roedby Fm.,12.40423012,1.988920569,1.934443355,2.632619143,54.32073593,65000
3944.733584,CROMER KNOLL GP.,Roedby Fm.,12.39003182,2.014682531,1.94935143,2.630677939,54.08937836,65000
3944.885584,CROMER KNOLL GP.,Roedby Fm.,12.38500023,2.054555655,1.987363935,2.628661871,56.95032501,65000
3945.037584,CROMER KNOLL GP.,Roedby Fm.,12.400774,2.153049469,2.060413361,2.636803865,57.32234955,65000
3945.189584,CROMER KNOLL GP.,Roedby Fm.,12.39801121,2.144187212,2.051977158,2.644407988,57.62631989,65000
3945.341584,CROMER KNOLL GP.,Roedby Fm.,12.40326023,2.113833427,2.024159193,2.640984297,54.05582428,65000
3945.493584,CROMER KNOLL GP.,Roedby Fm.,12.3798523,2.083245039,1.990235806,2.6289258,51.90455246,65000
3945.645584,CROMER KNOLL GP.,Roedby Fm.,12.3723011,1.992752314,1.917626619,2.614461899,50.93402863,65000
3945.797584,CROMER KNOLL GP.,Roedby Fm.,12.37404633,1.919987083,1.850127935,2.600182772,50.32278061,65000
3945.949584,CROMER KNOLL GP.,Roedby Fm.,12.37450028,1.863073349,1.793806553,2.591481686,51.0783577,65000
3946.101584,CROMER KNOLL GP.,Roedby Fm.,12.40525341,1.895044684,1.80348444,2.587272167,50.95490265,65000
3946.253584,CROMER KNOLL GP.,Roedby Fm.,12.40867233,1.913266897,1.821341634,2.59534812,51.61396027,65000
3946.405584,CROMER KNOLL GP.,Roedby Fm.,12.4160471,1.885620594,1.79980576,2.599841118,53.41927719,65000
3946.557584,CROMER KNOLL GP.,Roedby Fm.,12.41470814,1.855561614,1.777144074,2.603863955,54.10234833,65000
3946.709584,CROMER KNOLL GP.,Roedby Fm.,12.39264298,1.895185947,1.804874063,2.60773778,54.4019928,65000
3946.861584,CROMER KNOLL GP.,Roedby Fm.,12.40762425,1.941551924,1.875921845,2.611374617,55.86692047,65000
3947.013584,CROMER KNOLL GP.,Roedby Fm.,12.40880585,1.879865646,1.844861031,2.61506629,57.2604866,65000
3947.165584,CROMER KNOLL GP.,Roedby Fm.,12.3909111,1.786939263,1.777914047,2.611940384,57.53662872,65000
3947.317584,CROMER KNOLL GP.,Roedby Fm.,12.41486454,1.716746092,1.757985234,2.602226496,54.97635651,65000
3947.469584,CROMER KNOLL GP.,Roedby Fm.,12.42679977,1.681379676,1.722900391,2.58233428,55.31169128,65000
3947.621584,CROMER KNOLL GP.,Roedby Fm.,12.42679977,1.676713824,1.702397466,2.565873623,57.12598038,65000
3947.773584,CROMER KNOLL GP.,Roedby Fm.,12.41690826,1.699532747,1.709026694,2.562747955,57.40115738,65000
3947.925584,CROMER KNOLL GP.,Roedby Fm.,12.41279984,1.798057437,1.777230501,2.603359461,55.48216629,65000
3948.077584,CROMER KNOLL GP.,Roedby Fm.,12.42262173,1.979172826,1.929952741,2.644153595,52.4501915,65000
3948.229584,CROMER KNOLL GP.,Roedby Fm.,12.41218376,2.01600337,1.936265707,2.668426275,50.72608566,65000
3948.381584,CROMER KNOLL GP.,Roedby Fm.,12.398592,2.035456419,1.895956636,2.664826155,54.31077957,65000
3948.533584,CROMER KNOLL GP.,Roedby Fm.,12.40988731,2.03761673,1.895518422,2.670720816,56.13896942,65000
3948.685584,CROMER KNOLL GP.,Roedby Fm.,12.4307394,2.023955822,1.944042683,2.676720142,57.18048096,65000
3948.837584,CROMER KNOLL GP.,Roedby Fm.,12.44443035,2.011804581,2.0011518,2.647510767,55.35847855,65000
3948.989584,CROMER KNOLL GP.,Roedby Fm.,12.42857838,2.005221605,2.034279585,2.605284214,53.03689957,65000
3949.141584,CROMER KNOLL GP.,Roedby Fm.,12.44833183,1.994480491,2.050810099,2.577697516,49.38492584,65000
3949.293584,CROMER KNOLL GP.,Roedby Fm.,12.45449066,1.977241874,2.055476189,2.577667236,48.48560715,65000
3949.445584,CROMER KNOLL GP.,Roedby Fm.,12.44406319,1.968013167,2.042545557,2.58778429,48.67241669,65000
3949.597584,CROMER KNOLL GP.,Roedby Fm.,12.45482445,1.961769342,2.019877911,2.593262672,48.58651352,65000
3949.749584,CROMER KNOLL GP.,Roedby Fm.,12.45225239,1.963131309,2.000298977,2.599881649,48.05310059,65000
3949.901584,CROMER KNOLL GP.,Roedby Fm.,12.43370342,1.961685538,1.978795171,2.600590944,51.27664948,65000
3950.053584,CROMER KNOLL GP.,Roedby Fm.,12.41285038,1.948019385,1.947572947,2.598265171,56.42503738,65000
3950.205584,CROMER KNOLL GP.,Roedby Fm.,12.41049004,1.928097725,1.903771758,2.592411518,58.75216293,65000
3950.357584,CROMER KNOLL GP.,Roedby Fm.,12.42206574,1.980403066,1.948292971,2.586358309,59.04157639,65000
3950.509584,CROMER KNOLL GP.,Roedby Fm.,12.4221859,2.075486183,2.03275013,2.582425118,57.45320129,65000
3950.661584,CROMER KNOLL GP.,Roedby Fm.,12.43122768,2.109656811,2.053897619,2.580971718,55.18479157,65000
3950.813584,CROMER KNOLL GP.,Roedby Fm.,12.42351914,2.071774006,2.019277811,2.584792852,54.09771347,65000
3950.965584,CROMER KNOLL GP.,Roedby Fm.,12.44580174,2.036295652,2.005404949,2.591458798,54.61694336,65000
3951.117584,CROMER KNOLL GP.,Roedby Fm.,12.43903446,2.07426858,2.051671743,2.593121767,54.75222397,65000
3951.269584,CROMER KNOLL GP.,Roedby Fm.,12.41329479,2.133935213,2.128340721,2.589533806,54.29068375,65000
3951.421584,CROMER KNOLL GP.,Roedby Fm.,12.38342762,2.156119585,2.174643517,2.586061478,51.98172379,65000
3951.573584,CROMER KNOLL GP.,Roedby Fm.,12.36657333,2.145451546,2.167459965,2.587345839,51.03911972,65000
3951.725584,CROMER KNOLL GP.,Roedby Fm.,12.36410046,2.122157335,2.152062893,2.590898275,53.36784744,65000
3951.877584,CROMER KNOLL GP.,Roedby Fm.,12.36410046,2.094977379,2.154992104,2.589784861,54.94152451,65000
3952.029584,CROMER KNOLL GP.,Roedby Fm.,12.38170528,2.055568457,2.143780947,2.586563349,55.87556839,65000
3952.181584,CROMER KNOLL GP.,Roedby Fm.,12.36773014,2.015919447,2.118477583,2.590926886,53.92572784,65000
3952.333584,CROMER KNOLL GP.,Roedby Fm.,12.34707069,2.00774765,2.106879473,2.609229565,53.66727829,65000
3952.485584,CROMER KNOLL GP.,Roedby Fm.,12.35626125,1.967367768,2.071991682,2.638822556,54.23208618,65000
3952.637584,CROMER KNOLL GP.,Roedby Fm.,12.35538292,1.933080792,2.016768456,2.650017023,53.19594955,65000
3952.789584,CROMER KNOLL GP.,Roedby Fm.,12.3544426,1.957507491,1.985921621,2.64067626,51.59326172,65000
3952.941584,CROMER KNOLL GP.,Roedby Fm.,12.34420109,1.955874085,1.988887191,2.620649815,48.63494873,65000
3953.093584,CROMER KNOLL GP.,Roedby Fm.,12.34903908,1.927052498,1.871356487,2.609165669,48.96167374,65000
3953.245584,CROMER KNOLL GP.,Roedby Fm.,12.36989212,2.045189619,1.768822789,2.626918078,50.49897385,65000
3953.397584,CROMER KNOLL GP.,Roedby Fm.,12.38226891,2.088100672,1.733408809,2.657454491,51.08834839,65000
3953.549584,CROMER KNOLL GP.,Roedby Fm.,12.37230301,2.284539938,1.956963539,2.675882816,47.75006485,65000
3953.701584,CROMER KNOLL GP.,Roedby Fm.,12.36410046,2.658847809,2.284285069,2.670168638,43.40410233,65000
3953.853584,CROMER KNOLL GP.,Roedby Fm.,12.38081932,2.721691847,2.402468681,2.654939652,41.53284836,65000
3954.005584,CROMER KNOLL GP.,Roedby Fm.,12.39189911,2.364460707,2.259904385,2.645125866,45.56165314,70000
3954.157584,CROMER KNOLL GP.,Roedby Fm.,12.36903858,2.134656668,2.096047401,2.631715536,50.98109818,70000
3954.309584,CROMER KNOLL GP.,Roedby Fm.,12.36808586,1.97252655,1.950328708,2.61583209,56.14767838,70000
3954.461584,CROMER KNOLL GP.,Roedby Fm.,12.39448261,1.854527235,1.875533104,2.607182264,56.46092987,70000
3954.613584,CROMER KNOLL GP.,Roedby Fm.,12.39359951,1.909622788,1.959973335,2.608124971,53.55892563,65000
3954.765584,CROMER KNOLL GP.,Roedby Fm.,12.38904476,2.021206856,2.085979462,2.613910914,52.20386887,65000
3954.917584,CROMER KNOLL GP.,Roedby Fm.,12.39598084,2.159184218,2.219594955,2.622372389,53.87926483,65000
3955.069584,CROMER KNOLL GP.,Roedby Fm.,12.41102505,2.135305643,2.196008682,2.628356457,55.9425621,65000
3955.221584,CROMER KNOLL GP.,Roedby Fm.,12.41979981,1.961937428,2.012996912,2.627099514,58.97939301,65000
3955.373584,CROMER KNOLL GP.,Roedby Fm.,12.40776825,1.846573949,1.875291824,2.617601633,58.44894409,65000
3955.525584,CROMER KNOLL GP.,Roedby Fm.,12.40686989,1.790945411,1.797216177,2.605062008,57.69088745,65000
3955.677584,CROMER KNOLL GP.,Roedby Fm.,12.40487385,1.806535959,1.793186069,2.599386692,55.4166832,65000
3955.829584,CROMER KNOLL GP.,Roedby Fm.,12.39889908,1.967551947,1.93912065,2.606487989,53.43725205,65030
3955.981584,CROMER KNOLL GP.,Roedby Fm.,12.40285492,2.28718257,2.218560219,2.620392561,52.17147827,65030
3956.133584,CROMER KNOLL GP.,Roedby Fm.,12.4470377,2.551400423,2.447815418,2.625968456,50.19680023,65030
3956.285584,CROMER KNOLL GP.,Roedby Fm.,12.47318077,2.566366434,2.461806297,2.61958003,49.16794586,65030
3956.437584,CROMER KNOLL GP.,Roedby Fm.,12.49765682,2.483853102,2.396901369,2.612495184,49.17353821,65030
3956.589584,CROMER KNOLL GP.,Roedby Fm.,12.48409939,2.479760408,2.408017159,2.617707014,47.52880859,65030
3956.741584,CROMER KNOLL GP.,Roedby Fm.,12.419981,2.563699246,2.494650126,2.63288641,46.67453766,65030
3956.893584,CROMER KNOLL GP.,Roedby Fm.,12.37663746,2.620327234,2.56085825,2.642201901,48.72693253,65030
3957.045584,CROMER KNOLL GP.,Roedby Fm.,12.35836697,2.558878899,2.518626213,2.635792017,49.94552994,65030
3957.197584,CROMER KNOLL GP.,Roedby Fm.,12.38203812,2.45052433,2.424398661,2.627016306,48.37719345,65030
3957.349584,CROMER KNOLL GP.,Roedby Fm.,12.39458275,2.453039408,2.435508966,2.62726593,45.30636978,65030
3957.501584,CROMER KNOLL GP.,Roedby Fm.,12.40754032,2.497359037,2.498080492,2.625217438,44.64768601,65030
3957.653584,CROMER KNOLL GP.,Roedby Fm.,12.44921017,2.46598053,2.479816675,2.612088919,46.1615181,65030
3957.805584,CROMER KNOLL GP.,Roedby Fm.,12.48342133,2.381287575,2.434346199,2.593843699,46.47573853,65030
3957.957584,CROMER KNOLL GP.,Roedby Fm.,12.52230644,2.333518505,2.357769251,2.583282709,47.45316696,65030
3958.109584,CROMER KNOLL GP.,Roedby Fm.,12.54150009,2.282735586,2.253438473,2.579861164,50.69287109,65000
3958.261584,CROMER KNOLL GP.,Roedby Fm.,12.52359104,2.238881826,2.204817772,2.579451084,54.06314087,65000
3958.413584,CROMER KNOLL GP.,Roedby Fm.,12.51583386,2.333091736,2.269783735,2.586513281,56.12129974,65000
3958.565584,CROMER KNOLL GP.,Roedby Fm.,12.49905396,2.542450666,2.495000362,2.595741749,55.23388672,65000
3958.717584,CROMER KNOLL GP.,Roedby Fm.,12.50065136,2.470406056,2.509001255,2.596613646,53.82172775,65000
3958.869584,CROMER KNOLL GP.,Roedby Fm.,12.52528286,2.134976625,2.20988512,2.590180636,50.88328552,65000
3959.021584,CROMER KNOLL GP.,Roedby Fm.,12.53395653,2.100528479,2.184496403,2.581590653,46.97597122,65000
3959.173584,CROMER KNOLL GP.,Roedby Fm.,12.52046585,2.293372393,2.452069759,2.583724976,44.86411667,65030
3959.325584,CROMER KNOLL GP.,Roedby Fm.,12.48574448,2.413567543,2.581171989,2.594970703,45.37387085,65030
3959.477584,CROMER KNOLL GP.,Roedby Fm.,12.43339348,2.424644232,2.531618118,2.609953642,46.40820313,65030
3959.629584,CROMER KNOLL GP.,Roedby Fm.,12.39889908,2.351522923,2.418228626,2.622560263,45.59260178,65030
3959.781584,CROMER KNOLL GP.,Roedby Fm.,12.38497829,2.268979788,2.298358917,2.621457338,45.52855301,65030
3959.933584,CROMER KNOLL GP.,Roedby Fm.,12.38833618,2.219167233,2.218222141,2.60935545,46.13021088,65030
3960.085584,CROMER KNOLL GP.,Roedby Fm.,12.39897728,2.195201874,2.170684815,2.593827963,48.05846405,65030
3960.237584,CROMER KNOLL GP.,Roedby Fm.,12.39361954,2.16906333,2.143302918,2.587977648,51.82152939,65030
3960.389584,CROMER KNOLL GP.,Roedby Fm.,12.400527,2.155325651,2.148334742,2.597748518,53.78260803,65030
3960.541584,CROMER KNOLL GP.,Roedby Fm.,12.41265678,2.159838915,2.159027815,2.611363888,54.10864258,65030
3960.693584,CROMER KNOLL GP.,Roedby Fm.,12.43663788,2.170493364,2.164725542,2.617851496,54.11346436,65030
3960.845584,CROMER KNOLL GP.,Roedby Fm.,12.4278183,2.177567482,2.168582439,2.618919134,55.18521118,65030
3960.997584,CROMER KNOLL GP.,Roedby Fm.,12.40721226,2.189259052,2.167961836,2.616393566,56.2081604,65030
3961.149584,CROMER KNOLL GP.,Roedby Fm.,12.39642525,2.206399441,2.170962334,2.610919237,53.75650787,65030
3961.301584,CROMER KNOLL GP.,Roedby Fm.,12.37946892,2.201690912,2.154373884,2.602331162,51.64141846,65030
3961.453584,CROMER KNOLL GP.,Roedby Fm.,12.38500023,2.181282044,2.125338078,2.595953703,52.03243256,65030
3961.605584,CROMER KNOLL GP.,Roedby Fm.,12.38500023,2.212696552,2.157334805,2.596121073,53.28445053,65030
3961.757584,CROMER KNOLL GP.,Roedby Fm.,12.37849236,2.366725206,2.314342976,2.596795797,53.05567932,65030
3961.909584,CROMER KNOLL GP.,Roedby Fm.,12.37747669,2.500517845,2.451664209,2.590734005,50.55352402,65030
3962.061584,CROMER KNOLL GP.,Roedby Fm.,12.38016701,2.41555357,2.378474236,2.577963352,48.91001511,65030
3962.213584,CROMER KNOLL GP.,Roedby Fm.,12.37450028,2.238527536,2.20867157,2.567647457,49.66798782,65000
3962.365584,CROMER KNOLL GP.,Roedby Fm.,12.38876247,2.156574726,2.127612829,2.568724394,52.02745438,65000
3962.517584,CROMER KNOLL GP.,Roedby Fm.,12.41534615,2.179558992,2.150606394,2.582025766,55.05486298,65000
3962.669584,CROMER KNOLL GP.,Roedby Fm.,12.43930149,2.243823767,2.211128473,2.597261429,54.5844307,65000
3968.597584,CROMER KNOLL GP.,Roedby Fm.,12.36410046,2.352599144,2.320570469,2.602714777,29.26488876,65000
3968.749584,CROMER KNOLL GP.,Roedby Fm.,12.35690022,2.312826634,2.268202066,2.611819983,30.46329308,65000
3968.901584,CROMER KNOLL GP.,Roedby Fm.,12.3455534,2.327227831,2.297269344,2.611328125,30.67014504,65000
3969.053584,CROMER KNOLL GP.,Roedby Fm.,12.35009956,2.356304169,2.324480295,2.608337164,30.19647789,65000
3969.205584,CROMER KNOLL GP.,Roedby Fm.,12.34541988,2.366585255,2.351348639,2.612839937,31.02510262,65000
3969.357584,CROMER KNOLL GP.,Roedby Fm.,12.33853722,2.376343012,2.360409498,2.622803211,30.5928154,65000
3969.509584,CROMER KNOLL GP.,Roedby Fm.,12.34319973,2.39725852,2.373193264,2.629146814,30.17544556,65030
3969.661584,CROMER KNOLL GP.,Roedby Fm.,12.34319973,2.435159683,2.392034769,2.638824225,29.47375107,65030
3969.813584,CROMER KNOLL GP.,Roedby Fm.,12.33977604,2.520470142,2.455729485,2.647758961,29.69057465,65030
3969.965584,CROMER KNOLL GP.,Roedby Fm.,12.33156681,2.668088675,2.556460619,2.641385317,31.16739655,65030
3970.117584,CROMER KNOLL GP.,Roedby Fm.,12.3404026,2.724212408,2.60493803,2.62494278,30.74861145,65030
3970.269584,CROMER KNOLL GP.,Roedby Fm.,12.36187649,2.513388395,2.427629232,2.605835199,32.61735153,65000
3970.421584,CROMER KNOLL GP.,Roedby Fm.,12.35050869,2.263729096,2.17269063,2.598939896,32.03733826,65000
3970.573584,CROMER KNOLL GP.,Roedby Fm.,12.33184719,2.104091644,2.058484793,2.59203434,32.35681915,65000
3970.725584,CROMER KNOLL GP.,Roedby Fm.,12.32661533,2.100667238,2.07437849,2.590245009,30.50962257,65000
3970.877584,CROMER KNOLL GP.,Roedby Fm.,12.32551575,2.131691456,2.119937897,2.601729155,33.07737351,65000
3971.029584,CROMER KNOLL GP.,Roedby Fm.,12.30140019,2.17172575,2.153926373,2.628756285,35.8525734,65030
3971.181584,CROMER KNOLL GP.,Roedby Fm.,12.30140019,2.225710392,2.190886974,2.650160551,36.30377579,65030
3971.333584,CROMER KNOLL GP.,Roedby Fm.,12.31599903,2.170991898,2.123774052,2.644844055,35.71788788,65030
3971.485584,CROMER KNOLL GP.,Roedby Fm.,12.34185982,2.13668251,2.082982779,2.625105143,34.62194824,65030
3971.637584,CROMER KNOLL GP.,Roedby Fm.,12.33459568,2.158060074,2.110525131,2.6065588,36.91625214,65030
3971.789584,CROMER KNOLL GP.,Roedby Fm.,12.36815739,2.204818249,2.176449776,2.599273205,35.67224503,65030
3971.941584,CROMER KNOLL GP.,Roedby Fm.,12.3739748,2.220122814,2.219591856,2.590293407,34.36772156,65030
3972.093584,CROMER KNOLL GP.,Roedby Fm.,12.35810375,2.144393206,2.166653633,2.583756447,32.84563065,65000
3972.245584,CROMER KNOLL GP.,Roedby Fm.,12.34121513,2.017380714,2.060296774,2.587057352,32.36317444,65000
3972.397584,CROMER KNOLL GP.,Roedby Fm.,12.34010887,1.914887309,1.963462353,2.598240614,31.97932053,65000
3972.549584,CROMER KNOLL GP.,Roedby Fm.,12.34234333,1.907595396,1.958381891,2.604734421,31.37448502,65000
3972.701584,CROMER KNOLL GP.,Roedby Fm.,12.32230091,1.979729176,2.020386219,2.607650042,31.39088631,65000
3972.853584,CROMER KNOLL GP.,Roedby Fm.,12.32418346,2.191994906,2.204832554,2.604081392,31.92335701,65000
3973.005584,CROMER KNOLL GP.,Roedby Fm.,12.33485603,2.418091774,2.384155989,2.604903936,32.85281754,65000
3973.157584,CROMER KNOLL GP.,Roedby Fm.,12.34076023,2.434492827,2.362848759,2.617455006,30.86745644,65000
3973.309584,CROMER KNOLL GP.,Roedby Fm.,12.32085323,2.51244092,2.405805349,2.63363862,27.57978249,65000
3973.461584,CROMER KNOLL GP.,Roedby Fm.,12.33803558,2.653633595,2.503537655,2.640866041,24.43834114,65000
3973.613584,CROMER KNOLL GP.,Roedby Fm.,12.33776569,2.817710161,2.650514364,2.629800081,26.10449028,65000
3973.765584,CROMER KNOLL GP.,Roedby Fm.,12.32407951,2.924113035,2.820115805,2.637300491,28.71934509,70000
3973.917584,CROMER KNOLL GP.,Roedby Fm.,12.32386017,3.143520594,3.060734034,2.662297726,28.18939781,70000
3974.069584,CROMER KNOLL GP.,Roedby Fm.,12.30830002,3.186739683,3.210419893,2.667775393,26.35819244,70000
3974.221584,CROMER KNOLL GP.,Roedby Fm.,12.31351185,2.656746149,2.628372431,2.644725084,28.90001869,70000
3974.373584,CROMER KNOLL GP.,Roedby Fm.,12.33265972,2.423256874,2.397160292,2.61128974,32.46707916,70000
3974.525584,CROMER KNOLL GP.,Roedby Fm.,12.33808231,2.242873669,2.220085383,2.599700213,33.8815918,70000
3974.677584,CROMER KNOLL GP.,Roedby Fm.,12.32230091,2.246139526,2.212749243,2.593238592,31.9797039,65030
3974.829584,CROMER KNOLL GP.,Roedby Fm.,12.32729054,2.300024509,2.308815241,2.584408999,32.41053772,65030
3974.981584,CROMER KNOLL GP.,Roedby Fm.,12.34648705,2.402558565,2.378371477,2.586236,32.24010849,65030
3975.133584,CROMER KNOLL GP.,Roedby Fm.,12.35710049,2.50371623,2.483261347,2.5978477,31.3202858,65030
3975.285584,CROMER KNOLL GP.,Roedby Fm.,12.35063839,2.445192337,2.429736137,2.610956907,28.37177277,65000
3975.437584,CROMER KNOLL GP.,Roedby Fm.,12.32602882,2.366493225,2.340934753,2.613526344,28.59440613,65000
3975.589584,CROMER KNOLL GP.,Roedby Fm.,12.31530094,2.382765293,2.37516427,2.608466864,29.98159599,65000
3975.741584,CROMER KNOLL GP.,Roedby Fm.,12.31451798,2.562816382,2.546078682,2.59640193,30.87817001,65000
3975.893584,CROMER KNOLL GP.,Roedby Fm.,12.31873989,2.734949589,2.720458984,2.603699923,30.40464401,65000
3976.045584,CROMER KNOLL GP.,Roedby Fm.,12.33865452,2.932254076,2.89528656,2.60672307,28.38801575,65000
3976.197584,CROMER KNOLL GP.,Roedby Fm.,12.32453919,2.786152124,2.761224747,2.616244078,30.68310738,65000
3976.349584,CROMER KNOLL GP.,Roedby Fm.,12.33938694,2.541767836,2.508678675,2.611896277,31.29986572,65000
3976.501584,CROMER KNOLL GP.,Roedby Fm.,12.36995792,2.38650012,2.388803005,2.615216732,32.67227554,65000
3976.653584,CROMER KNOLL GP.,Roedby Fm.,12.39046288,2.339783192,2.350295067,2.619857788,31.66496849,65000
3976.805584,CROMER KNOLL GP.,Roedby Fm.,12.38213539,2.304019213,2.300917149,2.620270014,31.78191948,65000
3976.957584,CROMER KNOLL GP.,Roedby Fm.,12.3738327,2.2040236,2.202121496,2.616536617,31.16024971,65000
3977.109584,CROMER KNOLL GP.,Roedby Fm.,12.38500023,2.120178223,2.108517408,2.625261307,31.70886421,65000
3977.261584,CROMER KNOLL GP.,Roedby Fm.,12.3836174,2.120025158,2.096105576,2.639040709,30.73021126,65030
3977.413584,CROMER KNOLL GP.,Roedby Fm.,12.37394619,2.191090107,2.152790308,2.643883944,31.36905479,65030
3977.565584,CROMER KNOLL GP.,Roedby Fm.,12.35710049,2.257972002,2.213946104,2.634702444,30.88336945,65030
3977.717584,CROMER KNOLL GP.,Roedby Fm.,12.3623867,2.286440849,2.241609335,2.622334719,32.66067886,65030
3977.869584,CROMER KNOLL GP.,Roedby Fm.,12.38109398,2.283227205,2.241948843,2.631217718,33.60761643,65030
3978.021584,CROMER KNOLL GP.,Roedby Fm.,12.36793232,2.28748703,2.251581907,2.645223618,32.56495285,65030
3978.173584,CROMER KNOLL GP.,Roedby Fm.,12.37931347,2.41771698,2.387801647,2.66078043,29.03671455,65030
3978.325584,CROMER KNOLL GP.,Roedby Fm.,12.35359955,2.506714582,2.491070986,2.649882555,26.90596962,65030
3978.477584,CROMER KNOLL GP.,Roedby Fm.,12.35359955,2.482498169,2.454204559,2.636397839,26.31168747,65030
3978.629584,CROMER KNOLL GP.,Roedby Fm.,12.35359955,2.477035761,2.445867062,2.620721579,28.64395142,65030
3978.781584,CROMER KNOLL GP.,Roedby Fm.,12.36072445,2.517190218,2.459963799,2.619161129,29.6637001,65030
3978.933584,CROMER KNOLL GP.,Roedby Fm.,12.39365006,2.554746866,2.474287033,2.617882252,30.46321869,65030
3979.085584,CROMER KNOLL GP.,Roedby Fm.,12.38383865,2.595787764,2.48594141,2.619291544,31.04593468,65030
3979.237584,CROMER KNOLL GP.,Roedby Fm.,12.37685585,2.625428677,2.535978556,2.629071236,31.4651413,65030
3979.389584,CROMER KNOLL GP.,Roedby Fm.,12.37323761,2.590443134,2.529256821,2.627276659,30.97024918,65030
3979.541584,CROMER KNOLL GP.,Roedby Fm.,12.3833456,2.504512548,2.459179878,2.621699333,31.11262322,65030
3979.693584,CROMER KNOLL GP.,Roedby Fm.,12.37613106,2.445273161,2.418395519,2.610114574,30.90992355,65030
3979.845584,CROMER KNOLL GP.,Roedby Fm.,12.38605499,2.377557278,2.362365246,2.614107132,30.63722038,65030
3979.997584,CROMER KNOLL GP.,Roedby Fm.,12.39087009,2.360310555,2.366621733,2.614715099,29.93972778,65030
3980.149584,CROMER KNOLL GP.,Roedby Fm.,12.38345718,2.38771677,2.416661024,2.614315033,29.42928505,65030
3980.301584,CROMER KNOLL GP.,Roedby Fm.,12.36694717,2.443989277,2.520667315,2.612324715,31.53759193,65030
3980.453584,CROMER KNOLL GP.,Roedby Fm.,12.3282547,2.799234867,2.889471769,2.618026018,30.35936737,65030
3980.605584,CROMER KNOLL GP.,Roedby Fm.,12.36506653,3.157380819,3.230184794,2.622594118,29.43820763,65030
3980.757584,CROMER KNOLL GP.,Roedby Fm.,12.37100029,3.05434227,3.120571375,2.618477821,27.35763359,65030
3980.909584,CROMER KNOLL GP.,Roedby Fm.,12.37007523,2.744123697,2.771993399,2.606752396,29.18056488,65030
3981.061584,CROMER KNOLL GP.,Roedby Fm.,12.36685562,2.746729851,2.740395308,2.597057343,31.57697296,70000
3981.213584,CROMER KNOLL GP.,Roedby Fm.,12.38409519,2.641787529,2.588489294,2.595433712,31.94441795,70000
3981.365584,CROMER KNOLL GP.,Roedby Fm.,12.37974739,2.681820154,2.590404034,2.601233482,32.18892288,70000
3981.517584,CROMER KNOLL GP.,Roedby Fm.,12.3858881,2.438350678,2.349223614,2.61375165,33.91637039,65000
3981.669584,CROMER KNOLL GP.,Roedby Fm.,12.34656906,2.298874855,2.157808542,2.626463652,34.32788849,65000
3981.821584,CROMER KNOLL GP.,Roedby Fm.,12.36769962,2.146943092,2.080210447,2.621091604,37.31441498,65000
3981.973584,CROMER KNOLL GP.,Roedby Fm.,12.34158897,2.082959652,2.033071995,2.602456331,36.98165131,65000
3982.125584,CROMER KNOLL GP.,Roedby Fm.,12.33391571,2.056815863,2.048809528,2.584917784,35.80852509,65000
3982.277584,CROMER KNOLL GP.,Roedby Fm.,12.3679266,2.061068773,2.065565825,2.583064795,35.09669495,65000
3982.429584,CROMER KNOLL GP.,Roedby Fm.,12.34470558,2.077173472,2.067896366,2.585837603,33.11854172,65000
3982.581584,CROMER KNOLL GP.,Roedby Fm.,12.35635948,2.097925425,2.079625607,2.584965944,37.07915878,65000
3982.733584,CROMER KNOLL GP.,Roedby Fm.,12.35259247,2.147293806,2.112424612,2.590841532,36.24019241,65000
3982.885584,CROMER KNOLL GP.,Roedby Fm.,12.37623882,2.19177556,2.142217636,2.610867739,35.11491013,65000
3983.037584,CROMER KNOLL GP.,Roedby Fm.,12.389184,2.247131825,2.17290926,2.642395496,31.73180199,65000
3983.189584,CROMER KNOLL GP.,Roedby Fm.,12.36509132,2.273219824,2.191014767,2.689443588,31.218647,65000
3983.341584,CROMER KNOLL GP.,Roedby Fm.,12.37354851,2.309577465,2.21739459,2.714996576,32.04559708,65000
3983.493584,CROMER KNOLL GP.,Roedby Fm.,12.36410046,2.32792306,2.261991024,2.705195904,34.41489029,65000
3983.645584,CROMER KNOLL GP.,Roedby Fm.,12.36591911,2.314029455,2.272274017,2.652509451,33.05001831,65000
3983.797584,CROMER KNOLL GP.,Roedby Fm.,12.38323116,2.307117701,2.279534578,2.612936735,32.64525604,65000
3983.949584,CROMER KNOLL GP.,Roedby Fm.,12.36635017,2.330549717,2.338979721,2.606003523,32.53488922,65030
3984.101584,CROMER KNOLL GP.,Roedby Fm.,12.39025497,2.319359779,2.343136311,2.634314776,33.30233383,65030
3984.253584,CROMER KNOLL GP.,Roedby Fm.,12.3715353,2.276278019,2.315574408,2.646054745,30.96978378,65030
3984.405584,CROMER KNOLL GP.,Roedby Fm.,12.38161945,2.479934931,2.521263838,2.642468453,28.55005264,65030
3984.557584,CROMER KNOLL GP.,Roedby Fm.,12.42529964,2.824594736,2.977190256,2.618982792,26.81797028,65030
3984.709584,CROMER KNOLL GP.,Roedby Fm.,12.40636921,3.23948431,3.318878412,2.612735033,27.2894268,65030
3984.861584,CROMER KNOLL GP.,Roedby Fm.,12.41188526,3.236446142,3.229137421,2.637782574,28.36129189,70000
3985.013584,CROMER KNOLL GP.,Roedby Fm.,12.39934349,3.207833767,3.118929386,2.656336546,27.89953423,70000
3985.165584,CROMER KNOLL GP.,Roedby Fm.,12.40632248,3.081970453,3.007304192,2.66070652,29.83000755,70000
3985.317584,CROMER KNOLL GP.,Roedby Fm.,12.41260147,2.955688715,2.896050453,2.652242899,28.76995659,70000
3985.469584,CROMER KNOLL GP.,Roedby Fm.,12.40915966,3.012213469,2.937009811,2.663649559,31.0015049,70000
3985.621584,CROMER KNOLL GP.,Roedby Fm.,12.4042387,3.104531527,3.00069046,2.678094149,31.54846001,70000
3985.773584,CROMER KNOLL GP.,Roedby Fm.,12.37238693,2.957896709,2.895927668,2.675021887,30.96376991,65030
3985.925584,CROMER KNOLL GP.,Roedby Fm.,12.33351421,2.638376713,2.603608847,2.652104616,31.37980652,65030
3986.077584,CROMER KNOLL GP.,Roedby Fm.,12.35041142,2.442638397,2.414682865,2.635499239,31.85145378,65030
3986.229584,CROMER KNOLL GP.,Roedby Fm.,12.35680485,2.449481487,2.422823906,2.626675844,33.81752014,65030
3986.381584,CROMER KNOLL GP.,Roedby Fm.,12.349823,2.439231873,2.420087576,2.621247768,32.33473969,65030
3986.533584,CROMER KNOLL GP.,Roedby Fm.,12.34398747,2.420264721,2.39499712,2.612381458,30.94979096,65030
3986.685584,CROMER KNOLL GP.,Roedby Fm.,12.36457157,2.405864477,2.373747587,2.601598263,31.1684742,65030
3986.837584,CROMER KNOLL GP.,Roedby Fm.,12.37954426,2.383162975,2.350404501,2.598757029,31.59431267,65030
3986.989584,CROMER KNOLL GP.,Roedby Fm.,12.42707157,2.328113318,2.290677786,2.60046196,31.78992653,65030
3987.141584,CROMER KNOLL GP.,Roedby Fm.,12.43631268,2.267132759,2.235043287,2.599180937,30.58420944,65030
3987.293584,CROMER KNOLL GP.,Roedby Fm.,12.44555378,2.316943169,2.281515122,2.598690748,31.6292038,65030
3987.445584,CROMER KNOLL GP.,Roedby Fm.,12.45401478,2.398642778,2.358074188,2.607126474,32.2225914,65030
3987.597584,CROMER KNOLL GP.,Roedby Fm.,12.42622757,2.405299902,2.375616312,2.62724781,32.84666824,65030
3987.749584,CROMER KNOLL GP.,Roedby Fm.,12.39843941,2.405098915,2.381584644,2.640035152,31.43266487,65030
3987.901584,CROMER KNOLL GP.,Roedby Fm.,12.37104416,2.39308238,2.374753237,2.63002038,33.93216324,65030
3988.053584,CROMER KNOLL GP.,Roedby Fm.,12.37439251,2.391655445,2.378913641,2.615847349,33.48189926,65030
3988.205584,CROMER KNOLL GP.,Roedby Fm.,12.36410046,2.387299061,2.380230904,2.601310492,33.22906494,65030
3988.357584,CROMER KNOLL GP.,Roedby Fm.,12.36416149,2.37498951,2.383964777,2.602568388,27.99257278,65030
3988.509584,CROMER KNOLL GP.,Roedby Fm.,12.37445068,2.373175383,2.377971649,2.597201586,30.31341171,65030
3988.661584,CROMER KNOLL GP.,Roedby Fm.,12.35010529,2.361002922,2.363903284,2.597999811,31.75605011,65030
3988.813584,CROMER KNOLL GP.,Roedby Fm.,12.37793064,2.349429131,2.344149351,2.594808102,36.1964798,65030
3988.965584,CROMER KNOLL GP.,Roedby Fm.,12.37800026,2.337954521,2.326384544,2.597288132,33.88708496,65030
3989.117584,CROMER KNOLL GP.,Roedby Fm.,12.38495159,2.326977015,2.306241512,2.597399235,33.49260712,65030
3989.269584,CROMER KNOLL GP.,Roedby Fm.,12.36432743,2.470820904,2.443987131,2.600763083,28.03871155,65030
3989.421584,CROMER KNOLL GP.,Roedby Fm.,12.35719204,2.682209253,2.623137236,2.605142355,27.6281662,65030
3989.573584,CROMER KNOLL GP.,Roedby Fm.,12.43251991,2.779523134,2.710176945,2.605692387,28.66699791,65030
3989.725584,CROMER KNOLL GP.,Roedby Fm.,12.44745255,2.79937005,2.71759057,2.601967096,31.59845543,65030
3989.877584,CROMER KNOLL GP.,Roedby Fm.,12.41185665,2.797253609,2.7004776,2.589766026,32.2016182,65030
3990.029584,CROMER KNOLL GP.,Roedby Fm.,12.37536907,2.804717064,2.750474215,2.592135906,26.83361244,65030
3990.181584,CROMER KNOLL GP.,Roedby Fm.,12.37450028,2.678476334,2.634236813,2.606809855,27.32205963,65030
3990.333584,CROMER KNOLL GP.,Roedby Fm.,12.35078907,2.549940825,2.519350767,2.621387243,25.43021584,65030
3990.485584,CROMER KNOLL GP.,Roedby Fm.,12.35009956,2.422018528,2.410402536,2.622187138,31.1245594,65030
3990.637584,CROMER KNOLL GP.,Roedby Fm.,12.3434372,2.306660891,2.279824734,2.614958048,32.53815079,65030
3990.789584,CROMER KNOLL GP.,Roedby Fm.,12.373353,2.245090962,2.211718321,2.609305382,33.86528397,65030
3990.941584,CROMER KNOLL GP.,Roedby Fm.,12.38459206,2.269234181,2.219199419,2.607273817,31.45578766,65030
3991.093584,CROMER KNOLL GP.,Roedby Fm.,12.36496067,2.343076468,2.278377295,2.60556984,31.5038681,65030
3991.245584,CROMER KNOLL GP.,Roedby Fm.,12.3441391,2.4584198,2.365040779,2.611516953,29.93052864,65030
3991.397584,CROMER KNOLL GP.,Roedby Fm.,12.36311245,2.600607634,2.507908344,2.623137474,30.28045273,65030
3991.549584,CROMER KNOLL GP.,Roedby Fm.,12.32437134,2.598655701,2.519932509,2.636151314,28.96028328,65030
3991.701584,CROMER KNOLL GP.,Roedby Fm.,12.34866047,2.554581881,2.495640993,2.635662317,33.47361755,65030
3991.853584,CROMER KNOLL GP.,Roedby Fm.,12.31062222,2.507433176,2.500155449,2.624266625,34.31248093,65030
3992.005584,CROMER KNOLL GP.,Roedby Fm.,12.34767914,2.501973867,2.542800427,2.607113361,35.12753677,65030
3992.157584,CROMER KNOLL GP.,Roedby Fm.,12.3239727,2.52200675,2.574253321,2.605630159,32.0710907,65030
3992.309584,CROMER KNOLL GP.,Roedby Fm.,12.35164642,2.462637901,2.509249926,2.610944271,31.67363167,65030
3992.461584,CROMER KNOLL GP.,Roedby Fm.,12.34388733,2.511081696,2.63142848,2.618303537,30.27607727,65030
3992.613584,CROMER KNOLL GP.,Roedby Fm.,12.35614777,2.560814858,2.64850378,2.619545221,32.66746521,65030
3992.765584,CROMER KNOLL GP.,Roedby Fm.,12.33767891,2.602948427,2.632002354,2.62322402,31.4719162,65030
3992.917584,CROMER KNOLL GP.,Roedby Fm.,12.34268856,2.5779984,2.591396809,2.607000113,31.22729874,65030
3993.069584,CROMER KNOLL GP.,Roedby Fm.,12.35605431,2.413976193,2.367017746,2.589147806,28.66716194,65030
3993.221584,CROMER KNOLL GP.,Roedby Fm.,12.35710049,2.316254616,2.250179291,2.574998379,29.04524803,65030
3993.373584,CROMER KNOLL GP.,Roedby Fm.,12.35066986,2.316073179,2.245282412,2.581891775,32.35713959,65030
3993.525584,CROMER KNOLL GP.,Roedby Fm.,12.33094883,2.368931055,2.293799162,2.593962669,33.60935974,65030
3993.677584,CROMER KNOLL GP.,Roedby Fm.,12.33239937,2.42013526,2.319955111,2.605877399,31.17855644,65030
3993.829584,CROMER KNOLL GP.,Roedby Fm.,12.335886,2.379983425,2.311621904,2.609540224,27.89909363,65030
3993.981584,CROMER KNOLL GP.,Roedby Fm.,12.31086826,2.329203129,2.260298729,2.619242668,28.95082092,65030
3994.133584,CROMER KNOLL GP.,Roedby Fm.,12.30830002,2.309193611,2.245237112,2.634328842,29.08490181,65030
3994.285584,CROMER KNOLL GP.,Roedby Fm.,12.30830002,2.410773993,2.36779213,2.668866158,28.84880066,65030
3994.437584,CROMER KNOLL GP.,Roedby Fm.,12.28949547,2.536248446,2.487800598,2.686166287,25.00631142,65030
3994.589584,CROMER KNOLL GP.,Roedby Fm.,12.29368115,2.687458754,2.648926735,2.694340229,26.87010193,65030
3994.741584,CROMER KNOLL GP.,Roedby Fm.,12.31937313,2.779560804,2.729998112,2.68203187,27.89935112,65030
3994.893584,CROMER KNOLL GP.,Roedby Fm.,12.32230091,2.690110922,2.651431799,2.655590296,31.96164322,65030
3995.045584,CROMER KNOLL GP.,Roedby Fm.,12.32230091,2.650157929,2.583213329,2.626684666,31.87201119,65030
3995.197584,CROMER KNOLL GP.,Roedby Fm.,12.33462811,2.640225649,2.560224533,2.607003689,32.73389816,65030
3995.349584,CROMER KNOLL GP.,Roedby Fm.,12.33619976,2.666375637,2.562710524,2.607641935,31.54512787,65030
3995.501584,CROMER KNOLL GP.,Roedby Fm.,12.34846211,2.69539547,2.580502749,2.613116741,30.99001694,65030
3995.653584,CROMER KNOLL GP.,Roedby Fm.,12.34402847,2.733293533,2.636476278,2.618991613,31.6085968,65030
3995.805584,CROMER KNOLL GP.,Roedby Fm.,12.35231304,2.754473925,2.707768202,2.620313406,32.25722504,65030
3995.957584,CROMER KNOLL GP.,Roedby Fm.,12.33839512,2.787383795,2.801298618,2.617079496,34.37147141,65030
3996.109584,CROMER KNOLL GP.,Roedby Fm.,12.35441589,2.916956902,2.934386015,2.61259079,32.71265793,65030
3996.261584,CROMER KNOLL GP.,Roedby Fm.,12.34501648,2.511003256,2.620906115,2.610696077,31.31931114,65030
3996.413584,CROMER KNOLL GP.,Roedby Fm.,12.34319973,2.168888569,2.224660635,2.618377686,29.06701851,65030
3996.565584,CROMER KNOLL GP.,Roedby Fm.,12.32516003,2.305071592,2.403358221,2.626246691,27.55407906,65000
3996.717584,CROMER KNOLL GP.,Roedby Fm.,12.33426666,2.583946705,2.691507578,2.625233889,26.17948723,65000
3996.869584,CROMER KNOLL GP.,Roedby Fm.,12.34221077,2.457043171,2.502231121,2.614338398,24.97130776,65000
3997.021584,CROMER KNOLL GP.,Roedby Fm.,12.36109924,2.328441858,2.323689461,2.601723433,25.51791573,65000
3997.173584,CROMER KNOLL GP.,Roedby Fm.,12.36998463,2.252742052,2.23272872,2.611583471,29.91636086,65000
3997.325584,CROMER KNOLL GP.,Roedby Fm.,12.3591814,2.199914455,2.179689884,2.625419378,35.69638443,65000
3997.477584,CROMER KNOLL GP.,Roedby Fm.,12.36303711,2.223693132,2.193431854,2.621478796,38.74414444,65000
3997.629584,CROMER KNOLL GP.,Roedby Fm.,12.36410046,2.263131857,2.239151478,2.606275082,39.19488907,65000
3997.781584,CROMER KNOLL GP.,Roedby Fm.,12.35230923,2.302987576,2.296152353,2.586940527,32.96350861,65000
3997.933584,CROMER KNOLL GP.,Roedby Fm.,12.35597801,2.350192547,2.339490891,2.59186101,31.0820694,65000
3998.085584,CROMER KNOLL GP.,Roedby Fm.,12.34545994,2.39174819,2.391388416,2.598257065,27.03383446,65000
3998.237584,CROMER KNOLL GP.,Roedby Fm.,12.31989956,2.38802743,2.408551693,2.617406607,29.01298332,65000
3998.389584,CROMER KNOLL GP.,Roedby Fm.,12.32112217,2.292779923,2.315732718,2.627652645,28.14405632,65000
3998.541584,CROMER KNOLL GP.,Roedby Fm.,12.33962727,2.180548668,2.252162695,2.625849724,30.84874535,65000
3998.693584,CROMER KNOLL GP.,Roedby Fm.,12.35469246,2.168823719,2.199675798,2.612963438,31.90854645,65000
3998.845584,CROMER KNOLL GP.,Roedby Fm.,12.36287212,2.169163227,2.175263405,2.601660013,30.83846855,65000
3998.997584,CROMER KNOLL GP.,Roedby Fm.,12.36410046,2.157305718,2.144782543,2.602020264,29.3709774,65000
3999.149584,CROMER KNOLL GP.,Roedby Fm.,12.36410046,2.198683024,2.163379669,2.603973627,30.49559403,65000
3999.301584,CROMER KNOLL GP.,Roedby Fm.,12.35838699,2.168815851,2.104077816,2.617113829,31.43903923,65000
3999.453584,CROMER KNOLL GP.,Roedby Fm.,12.33724022,2.099914789,2.047502041,2.635871172,32.78591156,65000
3999.605584,CROMER KNOLL GP.,Roedby Fm.,12.34966278,2.068099976,2.017689705,2.653703928,34.09328461,65000
3999.757584,CROMER KNOLL GP.,Roedby Fm.,12.33670998,2.061717987,2.042010784,2.657323122,35.64791107,65000
3999.909584,CROMER KNOLL GP.,Roedby Fm.,12.36637211,2.03228116,2.050833225,2.647411346,36.97977066,65000
4000.061584,CROMER KNOLL GP.,Roedby Fm.,12.35771084,1.977504611,2.020132542,2.627970457,35.0159874,65000
4000.213584,CROMER KNOLL GP.,Roedby Fm.,12.35640431,1.974451184,2.018908262,2.615709543,33.34102631,65000
4000.365584,CROMER KNOLL GP.,Roedby Fm.,12.37376785,2.045583248,2.087170363,2.61035037,29.68744087,65000
4000.517584,CROMER KNOLL GP.,Roedby Fm.,12.37243557,2.125262022,2.146627665,2.614507914,31.88620567,65000
4000.669584,CROMER KNOLL GP.,Roedby Fm.,12.37100029,2.189334869,2.182489395,2.620397329,32.84236145,65000
4000.821584,CROMER KNOLL GP.,Roedby Fm.,12.37653351,2.237072945,2.215952635,2.617885113,35.56282806,65000
4000.973584,CROMER KNOLL GP.,Roedby Fm.,12.38351727,2.279186726,2.248241901,2.615717888,35.40745544,65000
4001.125584,CROMER KNOLL GP.,Roedby Fm.,12.38500023,2.38882494,2.285521984,2.612339973,33.84754181,65000
4001.277584,CROMER KNOLL GP.,Roedby Fm.,12.36865616,2.491105318,2.401819706,2.621587992,33.48719025,65000
4001.429584,CROMER KNOLL GP.,Roedby Fm.,12.36948109,2.416144133,2.360473156,2.632353544,33.55980682,65000
4001.581584,CROMER KNOLL GP.,Roedby Fm.,12.37100029,2.267263413,2.23043704,2.631878614,36.87751389,65000
4001.733584,CROMER KNOLL GP.,Roedby Fm.,12.34948254,2.116761684,2.095900774,2.624211311,38.80549622,65000
4001.885584,CROMER KNOLL GP.,Roedby Fm.,12.35392284,1.97947824,1.960041165,2.615103006,39.02216339,65000
4002.037584,CROMER KNOLL GP.,Roedby Fm.,12.38655758,1.929879069,1.898934126,2.622844935,37.03665543,65000
4002.189584,CROMER KNOLL GP.,Roedby Fm.,12.37937164,1.94912374,1.923129439,2.628023863,36.28879166,65000
4002.341584,CROMER KNOLL GP.,Roedby Fm.,12.39045429,2.004336596,1.976103425,2.626104355,36.31879425,65000
4002.493584,CROMER KNOLL GP.,Roedby Fm.,12.37158775,2.07349515,2.036872149,2.612823486,38.75608826,65000
4002.645584,CROMER KNOLL GP.,Roedby Fm.,12.40104008,2.118513346,2.079941034,2.607534647,39.03233337,65000
4002.797584,CROMER KNOLL GP.,Roedby Fm.,12.40228748,2.128685713,2.085194349,2.607477903,36.40112305,65000
4002.949584,CROMER KNOLL GP.,Roedby Fm.,12.40936375,2.028300762,1.994793773,2.609632492,34.17575073,65000
4003.101584,CROMER KNOLL GP.,Roedby Fm.,12.39194584,2.092868567,2.061218262,2.605949163,31.84662056,65000
4003.253584,CROMER KNOLL GP.,Roedby Fm.,12.38500023,2.289710522,2.28089428,2.604275465,30.43428993,65000
4003.405584,CROMER KNOLL GP.,Roedby Fm.,12.3927536,2.471185923,2.439566135,2.598234892,29.21880722,65000
4003.557584,CROMER KNOLL GP.,Roedby Fm.,12.38766861,2.478518248,2.420361042,2.59136796,31.04208756,65000
4003.709584,CROMER KNOLL GP.,Roedby Fm.,12.39269447,2.475819111,2.377268314,2.588886023,34.76719666,65000
4003.861584,CROMER KNOLL GP.,Roedby Fm.,12.39797974,2.515546799,2.387273789,2.589853287,34.25330734,65000
4004.013584,CROMER KNOLL GP.,Roedby Fm.,12.37839317,2.547536612,2.425017119,2.590961695,31.05605316,65000
4004.165584,CROMER KNOLL GP.,Roedby Fm.,12.36594486,2.541430473,2.431950092,2.593544722,29.5890522,65000
4004.317584,CROMER KNOLL GP.,Roedby Fm.,12.38437462,2.513434649,2.434629917,2.594910383,32.02915955,65000
4004.469584,CROMER KNOLL GP.,Roedby Fm.,12.3817997,2.475153446,2.435473442,2.60490942,34.38720322,65000
4004.621584,CROMER KNOLL GP.,Roedby Fm.,12.37800026,2.409237385,2.402965546,2.607513428,34.64119339,65000
4004.773584,CROMER KNOLL GP.,Roedby Fm.,12.36796284,2.33351922,2.345856428,2.615332127,33.47196198,65000
4004.925584,CROMER KNOLL GP.,Roedby Fm.,12.37912178,2.250519276,2.280230999,2.617637634,33.20653915,65000
4005.077584,CROMER KNOLL GP.,Roedby Fm.,12.38500023,2.193865061,2.227719545,2.619877577,33.87417984,65000
4005.229584,CROMER KNOLL GP.,Roedby Fm.,12.37500763,2.183212519,2.201409817,2.616403341,36.68488312,65000
4005.381584,CROMER KNOLL GP.,Roedby Fm.,12.38096142,2.2114923,2.225371122,2.614457607,37.87586975,65000
4005.533584,CROMER KNOLL GP.,Roedby Fm.,12.38500023,2.197705984,2.200390816,2.612272263,36.80532455,65000
4005.685584,CROMER KNOLL GP.,Roedby Fm.,12.37024784,2.09418726,2.084999561,2.61422348,35.20751953,65000
4005.837584,CROMER KNOLL GP.,Roedby Fm.,12.37879562,2.00144124,1.963114977,2.610407829,36.37508774,65000
4005.989584,CROMER KNOLL GP.,Roedby Fm.,12.39964771,1.927116633,1.892715097,2.603954554,36.17594528,65000
4006.141584,CROMER KNOLL GP.,Roedby Fm.,12.38151932,1.904121995,1.894565105,2.601750612,37.58637238,65000
4006.293584,CROMER KNOLL GP.,Roedby Fm.,12.38073349,1.917187572,1.924277902,2.604798079,37.0327034,65000
4006.445584,CROMER KNOLL GP.,Roedby Fm.,12.36567974,1.938127041,1.945218325,2.626559258,36.99587631,65000
4006.597584,CROMER KNOLL GP.,Roedby Fm.,12.38111973,1.950459838,1.952132583,2.635876179,36.80699539,65000
4006.749584,CROMER KNOLL GP.,Roedby Fm.,12.39430714,1.965796351,1.953275204,2.636687994,36.61012268,65000
4006.901584,CROMER KNOLL GP.,Roedby Fm.,12.3834877,1.989947915,1.960383177,2.630290747,36.50546646,65000
4007.053584,CROMER KNOLL GP.,Roedby Fm.,12.3827734,2.011900663,1.978600979,2.63163209,35.1499176,65000
4007.205584,CROMER KNOLL GP.,Roedby Fm.,12.3612814,2.051500559,2.004968882,2.634175539,35.55540466,65000
4007.357584,CROMER KNOLL GP.,Roedby Fm.,12.34542561,2.068216085,2.019112587,2.627558708,35.32288361,65000
4007.509584,CROMER KNOLL GP.,Roedby Fm.,12.36433029,2.053240299,2.014883995,2.6184268,34.12872696,65000
4007.661584,CROMER KNOLL GP.,Roedby Fm.,12.38853931,2.012950897,1.988322735,2.617883921,33.42844391,65000
4007.813584,CROMER KNOLL GP.,Roedby Fm.,12.38141823,1.959704995,1.944588423,2.613848925,37.818573,65000
4007.965584,CROMER KNOLL GP.,Roedby Fm.,12.3907671,1.899896741,1.88899684,2.60509944,40.48466873,65000
4008.117584,CROMER KNOLL GP.,Roedby Fm.,12.38501263,1.840860486,1.824880362,2.591235638,39.16149139,65000
4008.269584,CROMER KNOLL GP.,Roedby Fm.,12.39181709,1.78474021,1.751194954,2.590956926,36.14408493,65000
4008.421584,CROMER KNOLL GP.,Roedby Fm.,12.37598991,1.720474005,1.674536347,2.615786314,37.08811569,65000
4008.573584,CROMER KNOLL GP.,Roedby Fm.,12.35038757,1.659240365,1.584693551,2.651312828,39.26593781,65000
4008.725584,CROMER KNOLL GP.,Roedby Fm.,12.32953548,1.606808186,1.498404741,2.69364953,37.20785141,65000
4008.877584,CROMER KNOLL GP.,Roedby Fm.,12.34038448,1.56432426,1.41855228,2.714409113,33.88483429,65000
4009.029584,CROMER KNOLL GP.,Roedby Fm.,12.35009956,1.533117175,1.349051595,2.697214842,33.26655197,65000
4009.181584,CROMER KNOLL GP.,Roedby Fm.,12.33660984,1.525113702,1.310973406,2.65193224,34.81549835,65000
4009.333584,CROMER KNOLL GP.,Roedby Fm.,12.33820438,1.710471749,1.417312384,2.604891777,37.30976105,65000
4009.485584,CROMER KNOLL GP.,Roedby Fm.,12.34986591,2.175706148,1.728150487,2.588594914,38.42661667,65000
4009.637584,CROMER KNOLL GP.,Roedby Fm.,12.3469677,2.24005127,1.807997942,2.596043348,38.13438034,65000
4009.789584,CROMER KNOLL GP.,Roedby Fm.,12.33653355,2.04333806,1.74632287,2.621132135,37.20106888,65000
4009.941584,CROMER KNOLL GP.,Roedby Fm.,12.3525629,1.945046425,1.794586301,2.637554407,35.84604263,65000
4010.093584,CROMER KNOLL GP.,Roedby Fm.,12.36844921,2.010376453,2.00884223,2.630808115,35.8348465,65000
4010.245584,CROMER KNOLL GP.,Roedby Fm.,12.36228466,2.118858814,2.374674082,2.608870983,34.4798317,65000
4010.397584,CROMER KNOLL GP.,Roedby Fm.,12.34842396,2.268380165,2.73115778,2.599661827,34.41027832,65000
4010.549584,CROMER KNOLL GP.,Roedby Fm.,12.36484432,2.372513294,2.966338873,2.617290258,34.31333542,65000
4010.701584,CROMER KNOLL GP.,Roedby Fm.,12.36938667,2.386167765,3.01129818,2.630774498,35.09359741,65000
4010.853584,CROMER KNOLL GP.,Roedby Fm.,12.35121632,2.339381456,2.869827747,2.632415056,35.00769806,65000
4011.005584,CROMER KNOLL GP.,Roedby Fm.,12.34958077,2.263661385,2.644800186,2.62702322,35.4118309,65000
4011.157584,CROMER KNOLL GP.,Roedby Fm.,12.35359955,2.201406002,2.445190668,2.630546808,35.59426117,65000
4011.309584,CROMER KNOLL GP.,Roedby Fm.,12.35999489,2.172929525,2.306613684,2.634047508,34.72895813,65000
4011.461584,CROMER KNOLL GP.,Roedby Fm.,12.35985279,2.200917244,2.253247261,2.617662191,34.02667236,65000
4011.613584,CROMER KNOLL GP.,Roedby Fm.,12.36548996,2.289335966,2.238604784,2.60395956,33.4275589,65000
4011.765584,CROMER KNOLL GP.,Roedby Fm.,12.37520504,2.384579659,2.232379913,2.619600773,32.45077515,65000
4011.917584,CROMER KNOLL GP.,Roedby Fm.,12.35089111,2.53429842,2.287775278,2.659446955,30.88319588,65030
4012.069584,CROMER KNOLL GP.,Roedby Fm.,12.32024002,2.690555573,2.401072741,2.707830191,30.41939163,65030
4012.221584,CROMER KNOLL GP.,Roedby Fm.,12.336586,2.741943359,2.492744207,2.718708992,31.1806469,65030
4012.373584,CROMER KNOLL GP.,Roedby Fm.,12.33513165,2.612496853,2.448784113,2.692278624,32.45589447,65030
4012.525584,CROMER KNOLL GP.,Roedby Fm.,12.32841301,2.457195044,2.380290031,2.646029234,32.44051361,65030
4012.677584,CROMER KNOLL GP.,Roedby Fm.,12.35108662,2.495019674,2.408967018,2.61455822,31.31340599,65030
4012.829584,CROMER KNOLL GP.,Roedby Fm.,12.35192871,2.577877998,2.474357128,2.608183384,31.31988525,65030
4012.981584,CROMER KNOLL GP.,Roedby Fm.,12.34719753,2.608464479,2.508981228,2.607404709,32.78182602,65030
4013.133584,CROMER KNOLL GP.,Roedby Fm.,12.33405495,2.56786561,2.480638266,2.608227491,35.48476791,65030
4013.285584,CROMER KNOLL GP.,Roedby Fm.,12.31626415,2.486143351,2.426871061,2.606555224,37.50695038,65030
4013.437584,CROMER KNOLL GP.,Roedby Fm.,12.31781387,2.458125114,2.423695326,2.603740931,37.48534012,65030
4013.589584,CROMER KNOLL GP.,Roedby Fm.,12.32230091,2.529228687,2.524545908,2.60025239,35.43180847,65030
4013.741584,CROMER KNOLL GP.,Roedby Fm.,12.32230091,2.683935881,2.698105097,2.60217905,31.85412979,65030
4013.893584,CROMER KNOLL GP.,Roedby Fm.,12.32619381,2.807540894,2.830253124,2.609080792,30.33581352,65030
4014.045584,CROMER KNOLL GP.,Roedby Fm.,12.34881496,2.803200245,2.834671736,2.615372181,30.28665543,65030
4014.197584,CROMER KNOLL GP.,Roedby Fm.,12.36410046,2.740952253,2.775249243,2.619956017,30.33233643,65030
4014.349584,CROMER KNOLL GP.,Roedby Fm.,12.35248089,2.718112946,2.753902912,2.619887829,30.1701622,65030
4014.501584,CROMER KNOLL GP.,Roedby Fm.,12.36246777,2.747772694,2.785404921,2.618212223,31.89093208,65030
4014.653584,CROMER KNOLL GP.,Roedby Fm.,12.36261559,2.778712273,2.818707705,2.611558676,32.3314743,65030
4014.805584,CROMER KNOLL GP.,Roedby Fm.,12.3539381,2.725983143,2.765654326,2.603878021,31.14151955,65030
4014.957584,CROMER KNOLL GP.,Roedby Fm.,12.35328293,2.593433142,2.624235392,2.601254702,30.25029182,65030
4015.109584,CROMER KNOLL GP.,Roedby Fm.,12.35390091,2.470510483,2.491455078,2.60834837,30.71181297,65030
4015.261584,CROMER KNOLL GP.,Roedby Fm.,12.36088562,2.457784653,2.479648829,2.613834858,31.81868744,65030
4015.413584,CROMER KNOLL GP.,Roedby Fm.,12.35657311,2.520954847,2.530762434,2.612884998,30.76197815,65030
4015.565584,CROMER KNOLL GP.,Roedby Fm.,12.34641075,2.560575485,2.56542325,2.615373373,30.02399635,65030
4015.717584,CROMER KNOLL GP.,Roedby Fm.,12.34319973,2.620742559,2.625435591,2.619510174,28.84416008,65030
4015.869584,CROMER KNOLL GP.,Roedby Fm.,12.33763313,2.825210571,2.829725266,2.619350433,28.13201332,65030
4016.021584,CROMER KNOLL GP.,Roedby Fm.,12.34927654,3.062575102,3.073091745,2.60639739,27.8114605,65030
4016.173584,CROMER KNOLL GP.,Roedby Fm.,12.3567524,2.945362091,2.939735889,2.590532303,29.14173698,65000
4016.325584,CROMER KNOLL GP.,Roedby Fm.,12.35009956,2.635785103,2.607666969,2.581538916,31.11856079,65000
4016.477584,CROMER KNOLL GP.,Roedby Fm.,12.3609581,2.50389576,2.467912674,2.576909065,31.58646011,65000
4016.629584,CROMER KNOLL GP.,Roedby Fm.,12.36381054,2.48800683,2.448310137,2.58453846,31.64774895,65000
4016.781584,CROMER KNOLL GP.,Roedby Fm.,12.36424732,2.481515408,2.443023443,2.615841389,32.31020355,65000
4016.933584,CROMER KNOLL GP.,Roedby Fm.,12.35142231,2.487927675,2.443058014,2.652623415,33.51864243,65030
4017.085584,CROMER KNOLL GP.,Roedby Fm.,12.34333611,2.558928728,2.493640184,2.669141054,34.15310669,65030
4017.237584,CROMER KNOLL GP.,Roedby Fm.,12.35537338,2.673001289,2.598162413,2.653768778,33.75422669,65030
4017.389584,CROMER KNOLL GP.,Roedby Fm.,12.36062527,2.714347363,2.650469065,2.625470877,33.70431519,65030
4017.541584,CROMER KNOLL GP.,Roedby Fm.,12.36410046,2.690389872,2.646600485,2.607943058,33.38059235,65030
4017.693584,CROMER KNOLL GP.,Roedby Fm.,12.35019875,2.681148529,2.659755707,2.600104332,31.82588005,65030
4017.845584,CROMER KNOLL GP.,Roedby Fm.,12.33619976,2.707144737,2.707122564,2.599345684,31.74787712,65030
4017.997584,CROMER KNOLL GP.,Roedby Fm.,12.33274365,2.758972883,2.779380083,2.59422183,31.76103592,65030
4018.149584,CROMER KNOLL GP.,Roedby Fm.,12.33263779,2.784567595,2.817254543,2.584719658,32.02293778,65030
4018.301584,CROMER KNOLL GP.,Roedby Fm.,12.33961582,2.707966566,2.741903067,2.576267242,32.43562698,65030
4018.453584,CROMER KNOLL GP.,Roedby Fm.,12.35669327,2.570933342,2.594220877,2.57678771,32.71675491,65030
4018.605584,CROMER KNOLL GP.,Roedby Fm.,12.36090279,2.538356304,2.539803982,2.585688591,32.3513031,65030
4018.757584,CROMER KNOLL GP.,Roedby Fm.,12.35009956,2.617482662,2.603337526,2.595485449,30.63988686,65030
4018.909584,CROMER KNOLL GP.,Roedby Fm.,12.36340904,2.696101904,2.666918516,2.604641914,29.58794022,65030
4019.061584,CROMER KNOLL GP.,Roedby Fm.,12.36807823,2.740166903,2.692201138,2.611847639,27.75780296,65030
4019.213584,CROMER KNOLL GP.,Roedby Fm.,12.35544586,2.772289276,2.713541031,2.621730566,26.14040566,65030
4019.365584,CROMER KNOLL GP.,Roedby Fm.,12.34871674,2.806218147,2.770917654,2.632111311,27.14703369,65030
4019.517584,CROMER KNOLL GP.,Roedby Fm.,12.3399353,2.844882011,2.834644079,2.642384052,29.75728416,65030
4019.669584,CROMER KNOLL GP.,Roedby Fm.,12.34590054,2.907860994,2.856052399,2.649395704,30.06964874,65030
4019.821584,CROMER KNOLL GP.,Roedby Fm.,12.3474474,2.832780123,2.827891827,2.647727966,28.93558502,65030
4019.973584,CROMER KNOLL GP.,Roedby Fm.,12.35219479,2.630555391,2.733183384,2.632896423,28.78207398,65030
4020.125584,CROMER KNOLL GP.,Roedby Fm.,12.36784935,2.617658854,2.695632935,2.609301567,29.11660004,65030
4020.277584,CROMER KNOLL GP.,Roedby Fm.,12.35462189,2.657264233,2.715152979,2.589967251,29.23029709,65030
4020.429584,CROMER KNOLL GP.,Roedby Fm.,12.34319973,2.590884686,2.671494722,2.584969521,26.58154488,65030
4020.581584,CROMER KNOLL GP.,Roedby Fm.,12.33851147,2.57480669,2.639028549,2.595665455,23.89926338,65030
4020.733584,CROMER KNOLL GP.,Roedby Fm.,12.32809448,2.628207922,2.606949091,2.611117125,23.19101334,65030
4020.885584,CROMER KNOLL GP.,Roedby Fm.,12.34081268,2.907914877,2.788722277,2.621706009,24.06390381,65030
4021.037584,CROMER KNOLL GP.,Roedby Fm.,12.36101627,3.079921484,2.91773057,2.626971245,25.64308929,65030
4021.189584,CROMER KNOLL GP.,Roedby Fm.,12.36626244,2.742034197,2.58156848,2.624415159,26.21294022,65030
4021.341584,CROMER KNOLL GP.,Roedby Fm.,12.3689003,2.478115797,2.331604004,2.619082689,26.95266342,65030
4021.493584,CROMER KNOLL GP.,Roedby Fm.,12.36310864,2.348853827,2.232972384,2.613744021,27.9226017,65030
4021.645584,CROMER KNOLL GP.,Roedby Fm.,12.36803341,2.21950078,2.168187857,2.609636068,28.62252045,65030
4021.797584,CROMER KNOLL GP.,Roedby Fm.,12.35811138,2.057506323,2.072713137,2.59890151,29.36380005,65030
4021.949584,CROMER KNOLL GP.,Roedby Fm.,12.35605621,1.987015009,2.044316053,2.586583138,30.50907898,65030
4022.101584,CROMER KNOLL GP.,Roedby Fm.,12.36114311,2.272304058,2.357328177,2.596991777,30.48947525,65000
4022.253584,CROMER KNOLL GP.,Roedby Fm.,12.34539986,2.83534193,2.918796301,2.625648499,29.36921501,65000
4022.405584,CROMER KNOLL GP.,Roedby Fm.,12.33503914,3.05674696,3.09010601,2.647255898,28.61884308,65000
4022.557584,CROMER KNOLL GP.,Roedby Fm.,12.34751415,2.840229988,2.834508658,2.648828268,29.16029167,65000
4022.709584,CROMER KNOLL GP.,Roedby Fm.,12.34931564,2.673089266,2.643901825,2.63558054,30.62573242,70000
4022.861584,CROMER KNOLL GP.,Roedby Fm.,12.36028481,2.549802065,2.523896933,2.622874022,30.66573906,70000
4023.013584,CROMER KNOLL GP.,Roedby Fm.,12.3765049,2.440937281,2.420142651,2.608975887,31.62334442,70000
4023.165584,CROMER KNOLL GP.,Roedby Fm.,12.36410046,2.338522434,2.323964834,2.602332115,30.66765976,70000
4023.317584,CROMER KNOLL GP.,Roedby Fm.,12.35988617,2.278056622,2.253582716,2.602925777,29.20038223,70000
4023.469584,CROMER KNOLL GP.,Roedby Fm.,12.35499287,2.239413261,2.195353508,2.605062008,28.81905556,70000
4023.621584,CROMER KNOLL GP.,Roedby Fm.,12.35987186,2.168005228,2.122294903,2.612514973,30.056633,65000
4023.773584,CROMER KNOLL GP.,Roedby Fm.,12.35859013,2.103999138,2.065756559,2.625136137,31.61528397,65000
4023.925584,CROMER KNOLL GP.,Roedby Fm.,12.35557842,2.072469473,2.037913084,2.624639034,32.38803482,65000
4024.077584,CROMER KNOLL GP.,Roedby Fm.,12.37221909,2.094290018,2.057825804,2.614171267,33.80393219,65000
4024.229584,CROMER KNOLL GP.,Roedby Fm.,12.37425232,2.148926735,2.103376627,2.598028183,35.42589569,65030
4024.381584,CROMER KNOLL GP.,Roedby Fm.,12.35710049,2.166449308,2.122734547,2.593438387,35.33080292,65030
4024.533584,CROMER KNOLL GP.,Roedby Fm.,12.37034893,2.141077757,2.095381737,2.587706566,32.85837555,65030
4024.685584,CROMER KNOLL GP.,Roedby Fm.,12.38929272,2.129974127,2.086829901,2.582999945,29.25068474,65030
4024.837584,CROMER KNOLL GP.,Roedby Fm.,12.39020634,2.139947891,2.097486019,2.588131905,26.95322228,65030
4024.989584,CROMER KNOLL GP.,Roedby Fm.,12.38594246,2.139997959,2.097901106,2.602508307,27.32069969,65030
4025.141584,CROMER KNOLL GP.,Roedby Fm.,12.37697887,2.134784937,2.096439362,2.612114906,29.22051048,65030
4025.293584,CROMER KNOLL GP.,Roedby Fm.,12.38865376,2.147145271,2.11397934,2.604198217,30.34721184,65030
4025.445584,CROMER KNOLL GP.,Roedby Fm.,12.37100029,2.180857182,2.152166367,2.584148407,30.71850014,65030
4025.597584,CROMER KNOLL GP.,Roedby Fm.,12.36344051,2.209431887,2.181872368,2.568599939,30.56853867,65030
4025.749584,CROMER KNOLL GP.,Roedby Fm.,12.3626442,2.210877657,2.183647871,2.566374302,30.88774872,65030
4025.901584,CROMER KNOLL GP.,Roedby Fm.,12.39993095,2.167224646,2.13969636,2.577672243,30.48775101,65030
4026.053584,CROMER KNOLL GP.,Roedby Fm.,12.41939354,2.09686923,2.07204175,2.588380575,31.92560768,65030
4026.205584,CROMER KNOLL GP.,Roedby Fm.,12.42057514,2.038631916,2.013898134,2.592794657,31.70088387,65030
4026.357584,CROMER KNOLL GP.,Roedby Fm.,12.44769955,2.020926952,1.995013356,2.5912745,32.0294838,65030
4026.509584,CROMER KNOLL GP.,Roedby Fm.,12.4356041,2.088339329,2.046508074,2.587621689,31.60541916,65030
4026.661584,CROMER KNOLL GP.,Roedby Fm.,12.41520596,2.156219006,2.108916044,2.585950136,32.45947266,65030
4026.813584,CROMER KNOLL GP.,Roedby Fm.,12.41979981,2.176833868,2.14811945,2.58982563,32.54172134,65030
4026.965584,CROMER KNOLL GP.,Roedby Fm.,12.41979981,2.168354988,2.153574944,2.597937822,30.04637528,65030
4027.117584,CROMER KNOLL GP.,Roedby Fm.,12.40810967,2.147454023,2.148720264,2.602965593,31.80735207,65030
4027.269584,CROMER KNOLL GP.,Roedby Fm.,12.38963032,2.116705895,2.131536245,2.602033615,34.26859665,65030
4027.421584,CROMER KNOLL GP.,Roedby Fm.,12.41268539,2.08801508,2.11387372,2.600765944,36.31667328,65030
4027.573584,CROMER KNOLL GP.,Roedby Fm.,12.42929936,2.073972464,2.097212315,2.600932837,33.90473938,65030
4027.725584,CROMER KNOLL GP.,Roedby Fm.,12.4059,2.09525466,2.109011412,2.601195097,29.58800888,65030
4027.877584,CROMER KNOLL GP.,Roedby Fm.,12.41488075,2.167331219,2.173865557,2.600759983,26.84080315,65030
4028.029584,CROMER KNOLL GP.,Roedby Fm.,12.43148899,2.278686285,2.271559954,2.599224091,25.8112812,65030
4028.181584,CROMER KNOLL GP.,Roedby Fm.,12.4234724,2.320622206,2.299491644,2.601411343,29.06176186,65030
4028.333584,CROMER KNOLL GP.,Roedby Fm.,12.4196043,2.194359303,2.163335323,2.606044054,32.07358933,65030
4028.485584,CROMER KNOLL GP.,Roedby Fm.,12.41589642,2.133800268,2.116551399,2.608224869,32.93703461,65030
4028.637584,CROMER KNOLL GP.,Roedby Fm.,12.38329029,2.21377635,2.1873312,2.608995438,28.77959633,65030
4028.789584,CROMER KNOLL GP.,Roedby Fm.,12.36410046,2.25121522,2.226738453,2.61426568,27.00089836,65030
4028.941584,CROMER KNOLL GP.,Roedby Fm.,12.36619854,2.170285225,2.152161121,2.622331619,27.50698853,65030
4029.093584,CROMER KNOLL GP.,Roedby Fm.,12.38467121,2.053349972,2.043523073,2.614341021,31.01389504,65030
4029.245584,CROMER KNOLL GP.,Roedby Fm.,12.41944027,1.984130025,1.979210258,2.596221685,32.82454681,65030
4029.397584,CROMER KNOLL GP.,Roedby Fm.,12.42061997,1.985215545,1.980281711,2.582761049,33.58826065,65030
4029.549584,CROMER KNOLL GP.,Roedby Fm.,12.39565945,2.029150009,2.025495529,2.591828823,34.08613968,65030
4029.701584,CROMER KNOLL GP.,Roedby Fm.,12.37100029,2.119497061,2.117892027,2.597817659,33.54880142,65030
4029.853584,CROMER KNOLL GP.,Roedby Fm.,12.37904739,2.184617996,2.185227633,2.592938423,33.09378815,65030
4030.005584,CROMER KNOLL GP.,Roedby Fm.,12.39493752,2.118304014,2.116102219,2.582205057,31.85111237,65030
4030.157584,CROMER KNOLL GP.,Roedby Fm.,12.38500023,2.035273552,2.021413803,2.581846952,33.03199005,65030
4030.309584,CROMER KNOLL GP.,Roedby Fm.,12.3888998,1.987353921,1.975914598,2.59666729,35.51689148,65030
4030.461584,CROMER KNOLL GP.,Roedby Fm.,12.39210892,1.97214675,1.958417416,2.599224329,38.12250137,65030
4030.613584,CROMER KNOLL GP.,Roedby Fm.,12.37739372,1.976832151,1.963854194,2.588202477,37.55020142,65030
4030.765584,CROMER KNOLL GP.,Roedby Fm.,12.3906889,2.01051712,1.982594132,2.570304871,36.05849457,65030
4030.917584,CROMER KNOLL GP.,Roedby Fm.,12.40212059,2.035592079,2.001749039,2.564493656,34.22977448,65030
4031.069584,CROMER KNOLL GP.,Roedby Fm.,12.38258553,2.049057484,2.016297102,2.568589211,35.10300064,65030
4031.221584,CROMER KNOLL GP.,Roedby Fm.,12.35895538,2.107791901,2.077937126,2.578659296,34.73269653,65030
4031.373584,CROMER KNOLL GP.,Roedby Fm.,12.36773586,2.151575327,2.131404638,2.589896917,34.01299667,65030
4031.525584,CROMER KNOLL GP.,Roedby Fm.,12.38523388,2.095505953,2.122028828,2.595270395,33.26755142,65030
4031.677584,CROMER KNOLL GP.,Roedby Fm.,12.40857315,2.062196255,2.115142107,2.591049433,31.98735237,65030
4031.829584,CROMER KNOLL GP.,Roedby Fm.,12.42782307,2.103685141,2.168334007,2.582393408,31.50429726,65030
4031.981584,CROMER KNOLL GP.,Roedby Fm.,12.46247196,2.158732176,2.149026871,2.571420431,31.08091736,65030
4032.133584,CROMER KNOLL GP.,Roedby Fm.,12.46593952,2.175243378,2.161192656,2.568644285,32.42586517,65030
4032.285584,CROMER KNOLL GP.,Roedby Fm.,12.46940613,2.270765066,2.247260094,2.572785616,32.43936539,65030
4032.437584,CROMER KNOLL GP.,Roedby Fm.,12.47287369,2.572797298,2.515799046,2.578070402,33.49801254,65030
4032.589584,CROMER KNOLL GP.,Roedby Fm.,12.46625042,2.988125324,2.914994717,2.584954977,30.66659737,70000
4032.741584,CROMER KNOLL GP.,Roedby Fm.,12.43305683,3.167478085,3.081776142,2.585119009,30.09803772,70000
4032.893584,CROMER KNOLL GP.,Roedby Fm.,12.4263773,2.748143911,2.695029259,2.58827877,27.91399956,65030
4033.045584,CROMER KNOLL GP.,Roedby Fm.,12.44931126,2.270498753,2.250865698,2.595649242,28.94483376,65030
4033.197584,CROMER KNOLL GP.,Roedby Fm.,12.44494915,2.072210789,2.051109314,2.608893156,31.75643921,65030
4116.493584,CROMER KNOLL GP.,Aasgard Fm.,10.05959988,1.563202739,1.506588817,2.543559074,77.90875244,65000
4116.645584,CROMER KNOLL GP.,Aasgard Fm.,10.05644131,1.680992842,1.615575194,2.542020798,78.72844696,65000
4116.797584,CROMER KNOLL GP.,Aasgard Fm.,10.04930592,1.70760107,1.641195893,2.54498291,77.40733337,65000
4116.949584,CROMER KNOLL GP.,Aasgard Fm.,10.04759979,1.710692883,1.644536018,2.549430132,76.99845123,65000
4117.101584,CROMER KNOLL GP.,Aasgard Fm.,10.05636025,1.735600472,1.669400454,2.551338673,75.58213043,65000
4117.253584,CROMER KNOLL GP.,Aasgard Fm.,10.05942345,2.010888338,1.924722076,2.554407835,75.61697388,65000
4117.405584,CROMER KNOLL GP.,Aasgard Fm.,9.947225571,2.000766277,1.914176703,2.560488224,76.47529602,65000
4117.557584,CROMER KNOLL GP.,Aasgard Fm.,9.305228233,1.857637525,1.785487175,2.580997944,81.20000458,65000
4117.709584,CROMER KNOLL GP.,Aasgard Fm.,8.998244286,1.950486183,1.87412262,2.594309092,84.18801117,65000
4117.861584,CROMER KNOLL GP.,Aasgard Fm.,8.904956818,2.003295422,1.923901558,2.615410328,84.55212402,65000
4118.013584,CROMER KNOLL GP.,Aasgard Fm.,8.946371079,1.926452994,1.855434418,2.630654097,83.63320923,65000
4118.165584,CROMER KNOLL GP.,Aasgard Fm.,8.973234177,1.876719832,1.812441111,2.616657019,83.00808716,65000
4118.317584,CROMER KNOLL GP.,Aasgard Fm.,8.966892242,1.842062831,1.782030463,2.586288929,82.30335999,65000
4118.469584,CROMER KNOLL GP.,Aasgard Fm.,8.961572647,1.790051699,1.731938005,2.569219828,81.97277832,65000
4118.621584,CROMER KNOLL GP.,Aasgard Fm.,8.966246605,1.796320915,1.74026072,2.574620724,80.36120606,65000
4118.773584,CROMER KNOLL GP.,Aasgard Fm.,8.971092224,1.775122047,1.721054912,2.590120792,79.56280518,65000
4118.925584,CROMER KNOLL GP.,Aasgard Fm.,8.959994316,1.789860487,1.733403206,2.61144352,79.1894455,65000
4119.077584,CROMER KNOLL GP.,Aasgard Fm.,9.017396927,1.835032821,1.774409294,2.607504368,75.67377472,65000
4119.229584,CROMER KNOLL GP.,Aasgard Fm.,8.952968597,1.866125226,1.800998211,2.537397862,68.80101776,65000
4119.381584,CROMER KNOLL GP.,Aasgard Fm.,8.903051376,1.840225697,1.781122565,2.438748121,67.55184174,65000
4119.533584,CROMER KNOLL GP.,Aasgard Fm.,8.898758888,1.915172815,1.849030972,2.361953735,72.84942627,65000
4119.685584,CROMER KNOLL GP.,Aasgard Fm.,8.896850586,1.952284336,1.888536215,2.345306158,81.14472199,65000
4119.837584,CROMER KNOLL GP.,Aasgard Fm.,8.901680946,1.84023428,1.779563546,2.334378481,83.03155518,65000
4119.989584,CROMER KNOLL GP.,Aasgard Fm.,8.899695396,1.790278316,1.731150985,2.32890749,84.96011353,65000
4120.141584,CROMER KNOLL GP.,Aasgard Fm.,8.89352417,1.784908056,1.721020341,2.328911305,86.68984985,65000
4120.293584,CROMER KNOLL GP.,Aasgard Fm.,8.891799927,1.792768002,1.730172873,2.341555595,86.07680512,65000
4120.445584,CROMER KNOLL GP.,Aasgard Fm.,8.90349102,1.863240838,1.797774315,2.345474005,83.64931488,65000
4120.597584,CROMER KNOLL GP.,Aasgard Fm.,8.893396378,2.084795952,1.997736096,2.358188391,79.72286987,65000
4120.749584,CROMER KNOLL GP.,Aasgard Fm.,8.884925842,1.864508987,1.795284867,2.397540808,77.56503296,65000
4120.901584,CROMER KNOLL GP.,Aasgard Fm.,8.877999306,1.72572577,1.66953373,2.459556341,78.9609375,65000
4121.053584,CROMER KNOLL GP.,Aasgard Fm.,8.829866409,1.618394375,1.570676208,2.516994238,81.9461441,65000
4121.205584,CROMER KNOLL GP.,Aasgard Fm.,8.802960396,1.647817016,1.596327543,2.560267925,85.52202606,65000
4121.357584,CROMER KNOLL GP.,Aasgard Fm.,8.732887268,1.670592308,1.614689708,2.580467463,86.06165314,65000
4121.509584,CROMER KNOLL GP.,Aasgard Fm.,8.718045235,1.707746387,1.649944186,2.590393543,86.11734009,65000
4121.661584,CROMER KNOLL GP.,Aasgard Fm.,8.711921692,1.699681401,1.642297745,2.590462446,90.41724396,65000
4121.813584,CROMER KNOLL GP.,Aasgard Fm.,8.704389572,1.58853209,1.537715197,2.586097717,91.91496277,65000
4121.965584,CROMER KNOLL GP.,Aasgard Fm.,8.700407028,1.497558713,1.452919245,2.568782568,91.93956757,65000
4122.117584,CROMER KNOLL GP.,Aasgard Fm.,8.750484467,1.518950701,1.471125245,2.509225607,85.93216705,65000
4122.269584,CROMER KNOLL GP.,Aasgard Fm.,8.757968903,1.531958818,1.479703665,2.419120312,82.33839417,65000
4122.421584,CROMER KNOLL GP.,Aasgard Fm.,8.817854881,1.490492463,1.444717884,2.358539343,78.00524902,65000
4122.573584,CROMER KNOLL GP.,Aasgard Fm.,8.894631386,1.524197817,1.474778771,2.3811028,80.02529907,65000
4122.725584,CROMER KNOLL GP.,Aasgard Fm.,8.811302185,1.521885037,1.472577214,2.454665661,82.65120697,65000
4122.877584,CROMER KNOLL GP.,Aasgard Fm.,8.724980354,1.507738948,1.455495238,2.499326229,85.14403534,65000
4123.029584,CROMER KNOLL GP.,Aasgard Fm.,9.316961289,1.478391171,1.432812691,2.493863583,84.42414093,65000
4123.181584,CROMER KNOLL GP.,Aasgard Fm.,9.528786659,1.40691483,1.360270023,2.472068548,85.41579437,65000
4123.333584,CROMER KNOLL GP.,Aasgard Fm.,9.54028225,1.318740487,1.272604585,2.46352005,89.09096527,65000
4123.485584,CROMER KNOLL GP.,Aasgard Fm.,9.567633629,1.271842241,1.229626417,2.466592789,93.10896301,65000
4123.637584,CROMER KNOLL GP.,Aasgard Fm.,10.04803562,1.301675797,1.256727815,2.454214335,91.11542511,65000
4123.789584,CROMER KNOLL GP.,Aasgard Fm.,10.41817665,1.356645227,1.307144284,2.449000597,87.0839386,65000
4123.941584,CROMER KNOLL GP.,Aasgard Fm.,10.7970438,1.382974386,1.330446243,2.460534096,78.84938812,65000
4124.093584,CROMER KNOLL GP.,Aasgard Fm.,10.07466888,1.476951599,1.421365738,2.472788572,75.18177033,65000
4124.245584,CROMER KNOLL GP.,Aasgard Fm.,9.639468193,1.634127736,1.56957233,2.464946032,72.84745789,65000
4124.397584,CROMER KNOLL GP.,Aasgard Fm.,9.633076668,1.818927646,1.743617415,2.476401806,75.04527283,65000
4124.549584,CROMER KNOLL GP.,Aasgard Fm.,9.634041786,1.828148603,1.75614512,2.500299931,75.01730347,65000
4124.701584,CROMER KNOLL GP.,Aasgard Fm.,9.630397797,1.710455895,1.646606803,2.508589983,79.01156616,65000
4124.853584,CROMER KNOLL GP.,Aasgard Fm.,9.666238785,1.575546622,1.518552184,2.504977465,82.52180481,65000
4125.005584,CROMER KNOLL GP.,Aasgard Fm.,10.1637001,1.455295801,1.404182196,2.514262915,88.54776001,65000
4125.157584,CROMER KNOLL GP.,Aasgard Fm.,10.72560978,1.364866495,1.319269419,2.528670788,89.77059937,65000
4125.309584,CROMER KNOLL GP.,Aasgard Fm.,11.19210434,1.30576992,1.262554526,2.536020994,88.83995819,65000
4125.461584,CROMER KNOLL GP.,Aasgard Fm.,11.19015408,1.356310964,1.309349895,2.538877726,86.59128571,65000
4125.613584,CROMER KNOLL GP.,Aasgard Fm.,10.92839623,1.402912259,1.354285121,2.578623772,86.13869476,65000
4125.765584,CROMER KNOLL GP.,Aasgard Fm.,10.66853428,1.422824383,1.373509407,2.600265741,82.81571198,65000
4125.917584,CROMER KNOLL GP.,Aasgard Fm.,10.20666122,1.443319321,1.392222166,2.587361574,79.39961243,65000
4126.069584,CROMER KNOLL GP.,Aasgard Fm.,10.12217712,1.479212999,1.426473022,2.540960789,78.69664764,65000
4126.221584,CROMER KNOLL GP.,Aasgard Fm.,10.23518944,1.511172772,1.456062079,2.512268066,82.01424408,65000
4126.373584,CROMER KNOLL GP.,Aasgard Fm.,10.25878811,1.52049768,1.465106368,2.514350176,83.20874023,65000
4126.525584,CROMER KNOLL GP.,Aasgard Fm.,10.37224674,1.550491333,1.494599581,2.519583702,80.94062042,65000
4126.677584,CROMER KNOLL GP.,Aasgard Fm.,10.57226372,1.582719564,1.522390485,2.519256115,80.32811737,65000
4126.829584,CROMER KNOLL GP.,Aasgard Fm.,9.954688072,1.543033719,1.481687427,2.523345947,83.64422607,65000
4126.981584,CROMER KNOLL GP.,Aasgard Fm.,9.592597008,1.502561331,1.439547658,2.525887013,89.95540619,65000
4127.133584,CROMER KNOLL GP.,Aasgard Fm.,9.778138161,1.451042533,1.388939023,2.525987148,94.22769165,65000
4127.285584,CROMER KNOLL GP.,Aasgard Fm.,9.813545227,1.398550987,1.344104767,2.521578074,94.50348663,65000
4127.437584,CROMER KNOLL GP.,Aasgard Fm.,9.931168556,1.399544478,1.345606685,2.520249128,94.12306976,65000
4127.589584,CROMER KNOLL GP.,Aasgard Fm.,10.06815243,1.385845065,1.329344511,2.529992342,96.21456146,65000
4127.741584,CROMER KNOLL GP.,Aasgard Fm.,10.02479744,1.319856048,1.266089082,2.541027546,95.42909241,65000
4127.893584,CROMER KNOLL GP.,Aasgard Fm.,9.172839165,1.321624875,1.266067863,2.547760725,97.27497101,65000
4128.045584,CROMER KNOLL GP.,Aasgard Fm.,8.579253197,1.425958753,1.357581019,2.543127537,100.1597977,65000
4128.197584,CROMER KNOLL GP.,Aasgard Fm.,8.444548607,1.484906077,1.408559084,2.532995939,100.5516205,65000
4128.349584,CROMER KNOLL GP.,Aasgard Fm.,8.353758812,1.466434121,1.392087221,2.526252031,98.27458954,65000
4128.501584,CROMER KNOLL GP.,Aasgard Fm.,8.343346596,1.428750515,1.358416677,2.525780678,94.83838654,65000
4128.653584,CROMER KNOLL GP.,Aasgard Fm.,8.350654602,1.392716765,1.325371385,2.527656317,95.0721283,65000
4128.805584,CROMER KNOLL GP.,Aasgard Fm.,8.347044945,1.37061739,1.304665208,2.527852297,98.3160553,65000
4128.957584,CROMER KNOLL GP.,Aasgard Fm.,8.323928833,1.351563215,1.28684473,2.536029339,98.54229736,65000
4129.109584,CROMER KNOLL GP.,Aasgard Fm.,8.379481316,1.340822339,1.276074648,2.545535564,95.25234222,65000
4129.261584,CROMER KNOLL GP.,Aasgard Fm.,8.409620285,1.361867786,1.292958856,2.553900242,90.03675079,65000
4129.413584,CROMER KNOLL GP.,Aasgard Fm.,8.38501358,1.393277407,1.319680333,2.562408209,87.32032013,65000
4129.565584,CROMER KNOLL GP.,Aasgard Fm.,8.391797066,1.402881384,1.326531053,2.569478273,87.35774231,65000
4129.717584,CROMER KNOLL GP.,Aasgard Fm.,8.388601303,1.449405432,1.364995837,2.576224089,87.43939209,65000
4129.869584,CROMER KNOLL GP.,Aasgard Fm.,8.348836899,1.493295431,1.405189276,2.570186377,89.55781555,65000
4130.021584,CROMER KNOLL GP.,Aasgard Fm.,8.325900078,1.458778143,1.378275752,2.563311577,91.01267242,65000
4130.173584,CROMER KNOLL GP.,Aasgard Fm.,8.319227219,1.381544948,1.309726358,2.557283163,94.74451447,65000
4130.325584,CROMER KNOLL GP.,Aasgard Fm.,8.316115379,1.314195991,1.247002125,2.55904603,98.69747925,65000
4130.477584,CROMER KNOLL GP.,Aasgard Fm.,8.311280251,1.263265491,1.200178623,2.565999508,100.486763,65000
4130.629584,CROMER KNOLL GP.,Aasgard Fm.,8.313810349,1.237375855,1.17619133,2.570376158,100.0088425,65000
4130.781584,CROMER KNOLL GP.,Aasgard Fm.,8.318986893,1.240557194,1.178017736,2.568249941,98.36794281,65000
4130.933584,CROMER KNOLL GP.,Aasgard Fm.,8.309183121,1.292381883,1.222607613,2.563419342,97.37265778,65000
4131.085584,CROMER KNOLL GP.,Aasgard Fm.,8.31709671,1.364601255,1.287716508,2.595914602,96.09874725,65000
4131.237584,CROMER KNOLL GP.,Aasgard Fm.,8.340312004,1.403773308,1.325104713,2.661635399,95.41379547,65000
4131.389584,CROMER KNOLL GP.,Aasgard Fm.,8.349628449,1.432000518,1.352244854,2.740002871,95.01198578,65000
4131.541584,CROMER KNOLL GP.,Aasgard Fm.,8.34360981,1.472985506,1.390142202,2.781005383,92.95426941,65000
4131.693584,CROMER KNOLL GP.,Aasgard Fm.,8.338000298,1.555181027,1.463705063,2.790762425,86.72038269,65000
4131.845584,CROMER KNOLL GP.,Aasgard Fm.,8.323162079,1.62008369,1.522889376,2.814436436,79.79988861,65000
4131.997584,CROMER KNOLL GP.,Aasgard Fm.,8.325516701,1.60266304,1.511189222,2.828289747,74.57408142,65000
4132.149584,CROMER KNOLL GP.,Aasgard Fm.,8.321955681,1.624277353,1.528034568,2.775116444,74.96878815,65000
4132.301584,CROMER KNOLL GP.,Aasgard Fm.,8.307985306,1.603379607,1.504539371,2.670443535,81.46393585,65000
4132.453584,CROMER KNOLL GP.,Aasgard Fm.,8.343115807,1.509383321,1.420108438,2.572759867,89.61695099,65000
4132.605584,CROMER KNOLL GP.,Aasgard Fm.,8.341128349,1.526084781,1.431759358,2.516338825,93.60588837,65000
4132.757584,CROMER KNOLL GP.,Aasgard Fm.,8.305400848,1.579831362,1.478914142,2.482384682,91.0888443,65000
4132.909584,CROMER KNOLL GP.,Aasgard Fm.,8.305580139,1.498246193,1.40434587,2.457565785,88.37719727,65000
4133.061584,CROMER KNOLL GP.,Aasgard Fm.,8.324141502,1.374568939,1.292708039,2.420006752,89.74099731,65000
4133.213584,CROMER KNOLL GP.,Aasgard Fm.,8.704506874,1.34033823,1.264080524,2.381593227,90.76282501,65000
4133.365584,CROMER KNOLL GP.,Aasgard Fm.,8.840626717,1.353390575,1.275286079,2.375600815,88.77412415,65000
4133.517584,CROMER KNOLL GP.,Aasgard Fm.,8.64300251,1.370700717,1.290500522,2.39775157,87.71720886,65000
4133.669584,CROMER KNOLL GP.,Aasgard Fm.,8.671070099,1.378753424,1.29670918,2.428184748,91.28744507,65000
4133.821584,CROMER KNOLL GP.,Aasgard Fm.,8.663235664,1.377266049,1.294367671,2.449600458,98.01004791,65000
4133.973584,CROMER KNOLL GP.,Aasgard Fm.,8.652959824,1.368849039,1.285996079,2.46005559,98.55540466,65000
4134.125584,CROMER KNOLL GP.,Aasgard Fm.,8.660902023,1.362858534,1.280402422,2.458760977,96.45080566,65000
4134.277584,CROMER KNOLL GP.,Aasgard Fm.,8.637869835,1.364357233,1.282254338,2.461953878,95.84034729,65000
4134.429584,CROMER KNOLL GP.,Aasgard Fm.,8.599119186,1.368884563,1.285773039,2.469737768,93.00206757,65000
4134.581584,CROMER KNOLL GP.,Aasgard Fm.,8.677676201,1.386314631,1.299946189,2.485247374,93.21286011,65000
4134.733584,CROMER KNOLL GP.,Aasgard Fm.,8.86552906,1.393088579,1.305781245,2.513141632,95.01953888,65000
4134.885584,CROMER KNOLL GP.,Aasgard Fm.,9.065545082,1.39452982,1.307247877,2.542006254,96.27772522,65000
4135.037584,CROMER KNOLL GP.,Aasgard Fm.,9.199268341,1.380971313,1.295953393,2.556391001,98.02618408,65000
4135.189584,CROMER KNOLL GP.,Aasgard Fm.,9.222001076,1.323005199,1.246752739,2.557508946,96.50286102,65000
4135.341584,CROMER KNOLL GP.,Aasgard Fm.,9.207317352,1.248742461,1.183241129,2.547641277,93.61019898,65000
4135.493584,CROMER KNOLL GP.,Aasgard Fm.,9.192633629,1.22595048,1.164668322,2.536710501,90.95040131,65000
4135.645584,CROMER KNOLL GP.,Aasgard Fm.,9.177950859,1.265325189,1.200554848,2.535319805,88.17719269,65000
4135.797584,CROMER KNOLL GP.,Aasgard Fm.,9.163267136,1.276973367,1.212406755,2.538804531,89.17501831,65000
4135.949584,CROMER KNOLL GP.,Aasgard Fm.,9.148583412,1.265168548,1.201711059,2.542295456,91.56230164,65000
4136.101584,CROMER KNOLL GP.,Aasgard Fm.,9.032427788,1.271207094,1.208800435,2.575234175,92.14148712,65000
4136.253584,CROMER KNOLL GP.,Aasgard Fm.,8.712507248,1.29100132,1.229595184,2.653998137,89.09925079,65000
4136.405584,CROMER KNOLL GP.,Aasgard Fm.,8.462639809,1.350758433,1.28542769,2.700464249,81.66647339,65000
4136.557584,CROMER KNOLL GP.,Aasgard Fm.,8.436518669,1.474318147,1.402311921,2.626736641,77.3853302,65000
4136.709584,CROMER KNOLL GP.,Aasgard Fm.,8.546300888,1.541674733,1.465276003,2.505394697,81.24694824,70000
4136.861584,CROMER KNOLL GP.,Aasgard Fm.,8.701601982,1.538207173,1.46091044,2.464437485,91.54646301,70000
4137.013584,CROMER KNOLL GP.,Aasgard Fm.,8.689742088,1.451997757,1.38279295,2.505610466,99.76968384,70000
4137.165584,CROMER KNOLL GP.,Aasgard Fm.,8.589747429,1.279330254,1.224882245,2.540086269,100.5014877,65000
4137.317584,CROMER KNOLL GP.,Aasgard Fm.,8.472276688,1.200901866,1.153298378,2.547485113,101.6492462,65000
4137.469584,CROMER KNOLL GP.,Aasgard Fm.,8.415694237,1.157503247,1.114273429,2.547734261,106.1539917,65000
4137.621584,CROMER KNOLL GP.,Aasgard Fm.,8.396339417,1.108662367,1.06836164,2.546799421,108.1905136,65000
4137.773584,CROMER KNOLL GP.,Aasgard Fm.,8.380404472,1.092998505,1.052353621,2.552306891,107.9875031,65000
4137.925584,CROMER KNOLL GP.,Aasgard Fm.,8.369664192,1.126398683,1.081920981,2.560218573,109.0204544,65000
4138.077584,CROMER KNOLL GP.,Aasgard Fm.,8.354366303,1.15844357,1.109459162,2.562174082,110.6971817,65000
4138.229584,CROMER KNOLL GP.,Aasgard Fm.,8.344527245,1.174582124,1.122221708,2.568968535,109.0452347,65000
4138.381584,CROMER KNOLL GP.,Aasgard Fm.,8.339660645,1.19456315,1.139748097,2.582269192,106.2163773,65000
4138.533584,CROMER KNOLL GP.,Aasgard Fm.,8.350296021,1.213257194,1.156825304,2.587176085,104.5537872,65000
4138.685584,CROMER KNOLL GP.,Aasgard Fm.,8.355490685,1.234995484,1.176479697,2.585275888,106.1942062,65000
4138.837584,CROMER KNOLL GP.,Aasgard Fm.,8.345346451,1.246559978,1.186751723,2.577533484,107.8118362,65000
4138.989584,CROMER KNOLL GP.,Aasgard Fm.,8.345047951,1.249993324,1.1899575,2.5826478,108.7807007,65000
4139.141584,CROMER KNOLL GP.,Aasgard Fm.,8.349204063,1.249764204,1.190264225,2.616339684,107.1746826,65000
4139.293584,CROMER KNOLL GP.,Aasgard Fm.,8.34603405,1.25537622,1.195955873,2.644674063,104.0663376,65000
4139.445584,CROMER KNOLL GP.,Aasgard Fm.,8.338118553,1.25860095,1.199261308,2.635602236,103.5106506,65000
4139.597584,CROMER KNOLL GP.,Aasgard Fm.,8.36715889,1.271737695,1.211628914,2.590950251,106.3062668,65000
4139.749584,CROMER KNOLL GP.,Aasgard Fm.,8.394330978,1.290044785,1.228374958,2.563916922,108.1629562,65000
4139.901584,CROMER KNOLL GP.,Aasgard Fm.,8.377429009,1.292559862,1.230315566,2.562816858,108.6117554,65000
4140.053584,CROMER KNOLL GP.,Aasgard Fm.,8.376950264,1.291074038,1.229886651,2.564896107,107.0019302,65000
4140.205584,CROMER KNOLL GP.,Aasgard Fm.,8.384079933,1.292798519,1.233933926,2.56836009,107.3117294,65000
4140.357584,CROMER KNOLL GP.,Aasgard Fm.,8.378100395,1.313587546,1.254680872,2.582867622,108.0998535,65000
4140.509584,CROMER KNOLL GP.,Aasgard Fm.,8.381115913,1.37012732,1.306919217,2.625758886,105.2312622,65000
4140.661584,CROMER KNOLL GP.,Aasgard Fm.,8.372271538,1.449898958,1.381575584,2.662960291,97.85783386,65000
4140.813584,CROMER KNOLL GP.,Aasgard Fm.,8.346518517,1.537154317,1.462889791,2.654149056,92.35301209,65000
4140.965584,CROMER KNOLL GP.,Aasgard Fm.,8.337556839,1.562824845,1.489294052,2.614008904,97.35067749,65000
4141.117584,CROMER KNOLL GP.,Aasgard Fm.,8.331471443,1.534365296,1.466749191,2.595323086,106.699501,65000
4141.269584,CROMER KNOLL GP.,Aasgard Fm.,8.344276428,1.514490604,1.445471644,2.608192444,112.8415222,65000
4141.421584,CROMER KNOLL GP.,Aasgard Fm.,8.355666161,1.511915088,1.442314029,2.606119394,109.6923904,65000
4141.573584,CROMER KNOLL GP.,Aasgard Fm.,8.344976425,1.481926799,1.417138934,2.590401888,105.1517181,65000
4141.725584,CROMER KNOLL GP.,Aasgard Fm.,8.345999718,1.469212532,1.406544328,2.570713282,102.830925,65000
4141.877584,CROMER KNOLL GP.,Aasgard Fm.,8.343172073,1.464331508,1.403001308,2.57438755,107.1221771,65000
4142.029584,CROMER KNOLL GP.,Aasgard Fm.,8.336875916,1.456698299,1.394468546,2.584474325,112.9923554,65000
4142.181584,CROMER KNOLL GP.,Aasgard Fm.,8.335916519,1.455834866,1.393246174,2.598665714,114.3287354,65000
4142.333584,CROMER KNOLL GP.,Aasgard Fm.,8.353291512,1.465461254,1.401718617,2.61789608,113.4177246,65000
4142.485584,CROMER KNOLL GP.,Aasgard Fm.,8.372420311,1.470918298,1.405994892,2.62973547,113.2045364,65000
4142.637584,CROMER KNOLL GP.,Aasgard Fm.,8.354000092,1.474373817,1.408895135,2.61828351,113.6055069,65000
4142.789584,CROMER KNOLL GP.,Aasgard Fm.,8.360833168,1.456462383,1.392732382,2.59368062,106.1466217,65000
4142.941584,CROMER KNOLL GP.,Aasgard Fm.,8.371406555,1.444855452,1.381926894,2.586411715,99.50117493,65000
4143.093584,CROMER KNOLL GP.,Aasgard Fm.,8.364770889,1.434969664,1.372903347,2.601413965,99.26660919,65000
4143.245584,CROMER KNOLL GP.,Aasgard Fm.,8.362627983,1.437290788,1.374133945,2.613497973,105.5172653,65000
4143.397584,CROMER KNOLL GP.,Aasgard Fm.,8.363175392,1.448028565,1.382764697,2.609999895,107.6502533,65000
4143.549584,CROMER KNOLL GP.,Aasgard Fm.,8.356859207,1.448694348,1.382996559,2.59236598,108.8432236,65000
4143.701584,CROMER KNOLL GP.,Aasgard Fm.,8.344706535,1.42460072,1.359864235,2.570848703,110.7842178,65000
4143.853584,CROMER KNOLL GP.,Aasgard Fm.,8.343283653,1.370943546,1.310216188,2.565000296,111.0419006,65000
4144.005584,CROMER KNOLL GP.,Aasgard Fm.,8.351640701,1.309815049,1.254231691,2.562081575,105.671051,65000
4144.157584,CROMER KNOLL GP.,Aasgard Fm.,8.359378815,1.269921422,1.218284607,2.569082499,99.97148132,65000
4144.309584,CROMER KNOLL GP.,Aasgard Fm.,8.348755837,1.266549826,1.215703011,2.575720787,100.6967926,65000
4144.461584,CROMER KNOLL GP.,Aasgard Fm.,8.348469734,1.256454229,1.207733512,2.585584641,105.106041,65000
4144.613584,CROMER KNOLL GP.,Aasgard Fm.,8.355502129,1.253702164,1.20677805,2.591435432,105.2525559,65000
4144.765584,CROMER KNOLL GP.,Aasgard Fm.,8.357409477,1.277970552,1.231457591,2.599640846,103.1826477,65000
4144.917584,CROMER KNOLL GP.,Aasgard Fm.,8.355237961,1.308912635,1.261097312,2.624413729,100.5415192,65000
4145.069584,CROMER KNOLL GP.,Aasgard Fm.,8.361696243,1.36167717,1.310508609,2.651925325,101.7058106,65000
4145.221584,CROMER KNOLL GP.,Aasgard Fm.,8.368196487,1.42314136,1.368065476,2.665371418,103.8742828,65000
4145.373584,CROMER KNOLL GP.,Aasgard Fm.,8.364408493,1.430975556,1.375602126,2.682366848,100.8372345,65000
4145.525584,CROMER KNOLL GP.,Aasgard Fm.,8.367268562,1.440884233,1.385440111,2.731490612,98.38110352,65000
4145.677584,CROMER KNOLL GP.,Aasgard Fm.,8.370100021,1.513617516,1.453045011,2.767411232,102.995224,65000
4145.829584,CROMER KNOLL GP.,Aasgard Fm.,8.368274689,1.513930202,1.45287323,2.705830097,106.9100952,65000
4145.981584,CROMER KNOLL GP.,Aasgard Fm.,8.366642952,1.494974971,1.435104847,2.623163939,106.1680603,65000
4146.133584,CROMER KNOLL GP.,Aasgard Fm.,8.377468109,1.436566353,1.381526113,2.577654362,102.5427551,65000
4146.285584,CROMER KNOLL GP.,Aasgard Fm.,8.367109299,1.402163625,1.350473881,2.581213951,103.734932,65000
4146.437584,CROMER KNOLL GP.,Aasgard Fm.,8.316795349,1.450364113,1.39506793,2.583934307,107.0136871,65000
4146.589584,CROMER KNOLL GP.,Aasgard Fm.,8.326227188,1.562841415,1.497728109,2.580733061,106.4277344,65000
4146.741584,CROMER KNOLL GP.,Aasgard Fm.,8.359768868,1.710849881,1.634299517,2.573889017,105.0388336,65000
4146.893584,CROMER KNOLL GP.,Aasgard Fm.,8.357775688,1.803303361,1.720538139,2.575522423,103.9000168,65000
4147.045584,CROMER KNOLL GP.,Aasgard Fm.,8.344944,1.742931843,1.668854117,2.577746153,106.8182221,65000
4147.197584,CROMER KNOLL GP.,Aasgard Fm.,8.345140457,1.738272309,1.663409472,2.589900732,102.7963867,65000
4147.349584,CROMER KNOLL GP.,Aasgard Fm.,8.351923943,1.797493815,1.719740152,2.627039433,97.77682495,65000
4147.501584,CROMER KNOLL GP.,Aasgard Fm.,8.348057747,1.768690467,1.697847486,2.670440912,90.20396423,65000
4147.653584,CROMER KNOLL GP.,Aasgard Fm.,8.347881317,1.791791439,1.7155478,2.670595884,87.85255432,65000
4147.805584,CROMER KNOLL GP.,Aasgard Fm.,8.338110924,1.864170909,1.780021906,2.614779472,88.38336945,65000
4147.957584,CROMER KNOLL GP.,Aasgard Fm.,8.357666969,1.711645484,1.638451815,2.57011795,91.37477112,65000
4148.109584,CROMER KNOLL GP.,Aasgard Fm.,8.345786095,1.530236721,1.471080542,2.560571671,98.86299133,65000
4148.261584,CROMER KNOLL GP.,Aasgard Fm.,8.350000382,1.398325563,1.348610997,2.567729473,105.6956787,65000
4148.413584,CROMER KNOLL GP.,Aasgard Fm.,8.352910042,1.375119567,1.328650832,2.562824249,108.8061447,65000
4148.565584,CROMER KNOLL GP.,Aasgard Fm.,8.375081062,1.364455819,1.321979046,2.557971716,106.9710541,65000
4148.717584,CROMER KNOLL GP.,Aasgard Fm.,8.41983223,1.359354734,1.312131047,2.563452721,99.60697174,65000
4148.869584,CROMER KNOLL GP.,Aasgard Fm.,8.424668312,1.372034907,1.324477911,2.569329023,97.45979309,65000
4149.021584,CROMER KNOLL GP.,Aasgard Fm.,8.390417099,1.358940244,1.310748577,2.564578295,96.41801453,65000
4149.173584,CROMER KNOLL GP.,Aasgard Fm.,8.356013298,1.353749991,1.306295872,2.557497978,97.47755432,65000
4149.325584,CROMER KNOLL GP.,Aasgard Fm.,8.414240837,1.365494728,1.317967773,2.560769081,97.5884552,65000
4149.477584,CROMER KNOLL GP.,Aasgard Fm.,8.406200409,1.394818544,1.34642899,2.569261313,95.97183228,65000
4149.629584,CROMER KNOLL GP.,Aasgard Fm.,8.402692795,1.431190968,1.381921172,2.570650578,94.67462158,65000
4149.781584,CROMER KNOLL GP.,Aasgard Fm.,8.390199661,1.474637508,1.422599912,2.566438675,89.92424011,65030
4149.933584,CROMER KNOLL GP.,Aasgard Fm.,8.393806458,1.555160642,1.498914838,2.564938545,89.19168854,65030
4150.085584,CROMER KNOLL GP.,Aasgard Fm.,8.411099434,1.670460463,1.607009769,2.553347111,97.34316254,65030
4150.237584,CROMER KNOLL GP.,Aasgard Fm.,8.417441368,1.780785322,1.7107656,2.543787003,133.1320496,65030
4150.389584,CROMER KNOLL GP.,Aasgard Fm.,8.375386238,1.922487855,1.84626925,2.556277037,147.8394775,65030
4150.541584,CROMER KNOLL GP.,Aasgard Fm.,8.343481064,2.091011524,2.005605698,2.593439579,142.9120941,65030
4150.693584,CROMER KNOLL GP.,Aasgard Fm.,8.347735405,1.975357056,1.902146936,2.632361174,121.2765579,65030
4150.845584,CROMER KNOLL GP.,Aasgard Fm.,8.341197968,1.941185117,1.874704361,2.641939879,100.7716065,65030
4150.997584,CROMER KNOLL GP.,Aasgard Fm.,8.338783264,2.042104244,1.97338891,2.64173913,87.91111755,65030
4151.149584,CROMER KNOLL GP.,Aasgard Fm.,8.349756241,2.153672218,2.081068277,2.64106822,83.63789368,65030
4151.301584,CROMER KNOLL GP.,Aasgard Fm.,8.376728058,2.075362444,2.010346174,2.636625052,82.90239716,65030
4151.453584,CROMER KNOLL GP.,Aasgard Fm.,8.350977898,1.847063422,1.801825643,2.629364014,80.6175766,65030
4151.605584,CROMER KNOLL GP.,Aasgard Fm.,8.346978188,1.747150779,1.704979897,2.613548279,83.93505859,65030
4151.757584,CROMER KNOLL GP.,Aasgard Fm.,8.394249916,1.633832574,1.605050325,2.602507114,84.5871048,65030
4151.909584,CROMER KNOLL GP.,Aasgard Fm.,8.425181389,1.600737453,1.569192529,2.599054575,88.58089447,65030
4152.061584,CROMER KNOLL GP.,Aasgard Fm.,8.407238007,1.517972946,1.487913728,2.594081879,90.13628388,65030
4152.213584,CROMER KNOLL GP.,Aasgard Fm.,8.425049782,1.422133088,1.393353939,2.568054438,103.5190353,65000
4152.365584,CROMER KNOLL GP.,Aasgard Fm.,8.395017624,1.267554998,1.239658833,2.558123827,119.6617737,65000
4152.517584,CROMER KNOLL GP.,Aasgard Fm.,8.371459007,0.915335,0.898901522,2.562581301,134.7226563,65000
4152.669584,CROMER KNOLL GP.,Aasgard Fm.,8.382141113,0.818204045,0.804545462,2.579636335,128.0830231,65000
4152.821584,CROMER KNOLL GP.,Aasgard Fm.,8.400215149,1.042679668,1.01855433,2.582945108,111.0889282,65000
4152.973584,CROMER KNOLL GP.,Aasgard Fm.,8.398046494,1.337049961,1.294088602,2.590082884,95.59538269,65000
4153.125584,CROMER KNOLL GP.,Aasgard Fm.,8.447341919,1.491029501,1.433851481,2.615470171,93.24232483,65000
4153.277584,CROMER KNOLL GP.,Aasgard Fm.,8.496091843,1.525921822,1.461329222,2.651487351,98.15804291,65000
4153.429584,CROMER KNOLL GP.,Aasgard Fm.,8.506102562,1.485444784,1.413760781,2.692322254,100.0788651,65000
4153.581584,CROMER KNOLL GP.,Aasgard Fm.,8.5145998,1.379338503,1.321840167,2.69855094,101.5230637,65000
4153.733584,CROMER KNOLL GP.,Aasgard Fm.,8.515789032,1.321270824,1.269242525,2.695713282,99.54545593,65000
4153.885584,CROMER KNOLL GP.,Aasgard Fm.,8.522951126,1.395514131,1.339841247,2.668304682,98.18401337,65000
4154.037584,CROMER KNOLL GP.,Aasgard Fm.,8.525345802,1.375583887,1.3238343,2.623470306,96.96682739,65000
4154.189584,CROMER KNOLL GP.,Aasgard Fm.,8.526719093,1.288524032,1.242561817,2.571369171,98.29188538,65000
4154.341584,CROMER KNOLL GP.,Aasgard Fm.,8.504113197,1.236325622,1.194364786,2.551704645,98.9221344,65000
4154.493584,CROMER KNOLL GP.,Aasgard Fm.,8.383578301,1.299674749,1.253363609,2.580017567,95.96760559,65000
4154.645584,CROMER KNOLL GP.,Aasgard Fm.,8.336491585,1.4545784,1.397323847,2.628287792,97.12013245,65000
4154.797584,CROMER KNOLL GP.,Aasgard Fm.,8.3084898,1.602436304,1.536173344,2.662472963,97.62392426,65000
4154.949584,CROMER KNOLL GP.,Aasgard Fm.,8.359119415,1.49905479,1.435628176,2.624380589,100.9180832,65000
4155.101584,CROMER KNOLL GP.,Aasgard Fm.,8.362584114,1.402714729,1.343652725,2.587346792,99.81070709,65000
4155.253584,CROMER KNOLL GP.,Aasgard Fm.,8.339474678,1.422428608,1.365888,2.570237637,103.532196,65000
4155.405584,CROMER KNOLL GP.,Aasgard Fm.,8.351653099,1.471978903,1.412013173,2.583274365,103.8062744,65000
4155.557584,CROMER KNOLL GP.,Aasgard Fm.,8.362078667,1.50755775,1.450888038,2.605855465,110.98806,65000
4155.709584,CROMER KNOLL GP.,Aasgard Fm.,8.348607063,1.536216736,1.480992675,2.624642372,109.4133606,65030
4155.861584,CROMER KNOLL GP.,Aasgard Fm.,8.339821816,1.547614932,1.496367812,2.634293556,115.8770447,65030
4156.013584,CROMER KNOLL GP.,Aasgard Fm.,8.355078697,1.557061315,1.508694768,2.636289358,110.9352799,65030
4156.165584,CROMER KNOLL GP.,Aasgard Fm.,8.36224556,1.600084782,1.552869797,2.639796495,109.797554,65030
4156.317584,CROMER KNOLL GP.,Aasgard Fm.,8.350841522,1.655562997,1.609177351,2.63645196,97.19322968,65030
4156.469584,CROMER KNOLL GP.,Aasgard Fm.,8.358099937,1.719235539,1.674069285,2.636676312,95.20814514,65030
4156.621584,CROMER KNOLL GP.,Aasgard Fm.,8.357692719,1.774121285,1.731249809,2.634243012,97.59298706,65030
4156.773584,CROMER KNOLL GP.,Aasgard Fm.,8.353222847,1.848936439,1.808544397,2.629517317,103.3775024,65030
4156.925584,CROMER KNOLL GP.,Aasgard Fm.,8.348285675,1.902684093,1.866330743,2.62280035,100.0923157,65030
4157.077584,CROMER KNOLL GP.,Aasgard Fm.,8.365932465,2.003076077,1.969094634,2.611066818,103.0412903,65030
4157.229584,CROMER KNOLL GP.,Aasgard Fm.,8.326626778,2.162699223,2.12930584,2.617148161,102.1574478,65030
4157.381584,CROMER KNOLL GP.,Aasgard Fm.,8.345872879,2.129907608,2.101248503,2.612389326,106.8155747,65030
4157.533584,CROMER KNOLL GP.,Aasgard Fm.,8.386769295,2.075713635,2.053705216,2.608423472,103.4386902,65030
4157.685584,CROMER KNOLL GP.,Aasgard Fm.,8.395485878,1.999456286,1.977862716,2.588193655,104.6329575,65030
4157.837584,CROMER KNOLL GP.,Aasgard Fm.,8.408317566,1.941111922,1.924960375,2.582775116,106.1602478,65030
4157.989584,CROMER KNOLL GP.,Aasgard Fm.,8.386016846,1.816913962,1.796363592,2.587966204,105.3801041,65030
4158.141584,CROMER KNOLL GP.,Aasgard Fm.,8.384786606,1.701369524,1.678277373,2.597653389,102.6484528,65030
4158.293584,CROMER KNOLL GP.,Aasgard Fm.,8.38381958,1.57770133,1.560930014,2.601914406,105.5121079,65030
4158.445584,CROMER KNOLL GP.,Aasgard Fm.,8.404811859,1.577113628,1.5589782,2.599292755,103.6869812,65030
4158.597584,CROMER KNOLL GP.,Aasgard Fm.,8.386372566,1.793157339,1.769143939,2.595866919,99.4953537,65030
4158.749584,CROMER KNOLL GP.,Aasgard Fm.,8.389211655,1.990987897,1.966081977,2.586827993,90.60521698,65030
4158.901584,CROMER KNOLL GP.,Aasgard Fm.,8.374099731,2.071578503,2.035541534,2.584016562,88.83708191,65030
4159.053584,CROMER KNOLL GP.,Aasgard Fm.,8.373644829,2.116504908,2.074837685,2.581861973,89.05318451,65030
4159.205584,CROMER KNOLL GP.,Aasgard Fm.,8.365439415,2.124066591,2.077813387,2.594341755,89.84354401,65030
4159.357584,CROMER KNOLL GP.,Aasgard Fm.,8.354424477,2.046982527,1.99837029,2.591500521,96.29463959,65030
4159.509584,CROMER KNOLL GP.,Aasgard Fm.,8.362700462,1.941279411,1.897964478,2.589584827,105.8627243,65030
4159.661584,CROMER KNOLL GP.,Aasgard Fm.,8.373333931,1.82927835,1.787874937,2.587600946,109.6121521,65030
4159.813584,CROMER KNOLL GP.,Aasgard Fm.,8.358099937,1.799010038,1.763427973,2.591198921,105.3076325,65030
4159.965584,CROMER KNOLL GP.,Aasgard Fm.,8.358617783,1.846031547,1.808636546,2.582463026,98.33037567,65030
4160.117584,CROMER KNOLL GP.,Aasgard Fm.,8.370251656,1.962391257,1.922686815,2.575011492,100.7993317,65030
4160.269584,CROMER KNOLL GP.,Aasgard Fm.,8.373530388,2.1407094,2.095880747,2.57591939,102.6630707,65030
4160.421584,CROMER KNOLL GP.,Aasgard Fm.,8.357963562,2.089853525,2.046970367,2.592853308,105.1065674,65030
4160.573584,CROMER KNOLL GP.,Aasgard Fm.,8.354301453,2.098958969,2.056586742,2.597359181,106.0268097,65030
4160.725584,CROMER KNOLL GP.,Aasgard Fm.,8.363884926,2.061946631,2.02048707,2.599113464,109.4004135,65030
4160.877584,CROMER KNOLL GP.,Aasgard Fm.,8.369994164,2.010488272,1.970433593,2.596136093,111.286644,65030
4161.029584,CROMER KNOLL GP.,Aasgard Fm.,8.365805626,1.918392897,1.879971147,2.593858481,113.1245194,65030
4161.181584,CROMER KNOLL GP.,Aasgard Fm.,8.354355812,1.913524151,1.874259353,2.596144915,112.887146,65030
4161.333584,CROMER KNOLL GP.,Aasgard Fm.,8.370020866,1.885654211,1.847851396,2.593820334,106.5166092,65030
4161.485584,CROMER KNOLL GP.,Aasgard Fm.,8.366157532,1.768310428,1.725335836,2.59968257,102.5895996,65030
4161.637584,CROMER KNOLL GP.,Aasgard Fm.,8.369856834,1.706452847,1.658354044,2.591482639,102.9356918,65030
4161.789584,CROMER KNOLL GP.,Aasgard Fm.,8.350158691,1.644166708,1.596194148,2.581914663,105.9352951,65030
4161.941584,CROMER KNOLL GP.,Aasgard Fm.,8.366130829,1.51931417,1.474141359,2.583478928,106.13237,65030
4162.093584,CROMER KNOLL GP.,Aasgard Fm.,8.370065689,1.429269552,1.387660027,2.593822479,105.6845093,65030
4162.245584,CROMER KNOLL GP.,Aasgard Fm.,8.363682747,1.386166811,1.342758656,2.597988129,118.1812897,65030
4162.397584,CROMER KNOLL GP.,Aasgard Fm.,8.358109474,1.375419498,1.329315662,2.594094038,127.4501648,65030
4162.549584,CROMER KNOLL GP.,Aasgard Fm.,8.370082855,1.399564982,1.348572135,2.586611033,133.3307648,65030
4162.701584,CROMER KNOLL GP.,Aasgard Fm.,8.354110718,1.440814257,1.388523221,2.592955828,124.9587097,65030
4162.853584,CROMER KNOLL GP.,Aasgard Fm.,8.362025261,1.453980923,1.394844055,2.59676528,121.5182877,65030
4163.005584,CROMER KNOLL GP.,Aasgard Fm.,8.373962402,1.467248082,1.397668004,2.601248503,118.1123886,65030
4163.157584,CROMER KNOLL GP.,Aasgard Fm.,8.311567307,1.477460504,1.416933298,2.613037109,109.4690247,65030
4163.309584,CROMER KNOLL GP.,Aasgard Fm.,8.3020401,1.531428337,1.471126795,2.631503582,101.772789,65030
4163.461584,CROMER KNOLL GP.,Aasgard Fm.,8.30189991,1.671815038,1.603366137,2.713093996,96.06429291,65030
4163.613584,CROMER KNOLL GP.,Aasgard Fm.,8.290046692,1.755506992,1.684751988,2.783854485,84.25739288,65030
4163.765584,CROMER KNOLL GP.,Aasgard Fm.,8.317261696,1.789255261,1.716207504,2.833578587,87.53459168,65030
4163.917584,CROMER KNOLL GP.,Aasgard Fm.,8.329697609,2.005093813,1.917368293,2.788970709,94.73847961,65030
4164.069584,CROMER KNOLL GP.,Aasgard Fm.,8.320593834,1.889196634,1.816514492,2.709256172,106.5194778,65030
4164.221584,CROMER KNOLL GP.,Aasgard Fm.,8.37234211,1.774448156,1.707181573,2.647019386,108.349823,65030
4164.373584,CROMER KNOLL GP.,Aasgard Fm.,8.397357941,1.759891272,1.705433607,2.616916657,104.4614487,65030
4164.525584,CROMER KNOLL GP.,Aasgard Fm.,8.36921978,1.725801587,1.674593806,2.663944244,105.373848,65030
4164.677584,CROMER KNOLL GP.,Aasgard Fm.,8.339187622,1.753988981,1.714991927,2.730541468,108.5408096,65030
4164.829584,CROMER KNOLL GP.,Aasgard Fm.,8.394922257,1.810685396,1.777360082,2.746807814,113.0217819,65030
4164.981584,CROMER KNOLL GP.,Aasgard Fm.,8.38659668,1.966640115,1.942622304,2.698450565,117.5534363,65030
4165.133584,CROMER KNOLL GP.,Aasgard Fm.,8.3172369,1.962159157,1.935125589,2.636874676,139.6446228,65030
4165.285584,CROMER KNOLL GP.,Aasgard Fm.,8.31009388,1.794797182,1.762173533,2.586233378,147.0092621,65030
4165.437584,CROMER KNOLL GP.,Aasgard Fm.,8.306115151,1.690824628,1.65338254,2.54547739,144.312561,65030
4165.589584,CROMER KNOLL GP.,Aasgard Fm.,8.292214394,1.612066031,1.576442361,2.52234745,123.0423355,65030
4165.741584,CROMER KNOLL GP.,Aasgard Fm.,8.312584877,1.661368489,1.633589268,2.543132544,117.4838638,65030
4165.893584,CROMER KNOLL GP.,Aasgard Fm.,8.321414948,1.788029671,1.760823607,2.615792513,115.3246841,65030
4166.045584,CROMER KNOLL GP.,Aasgard Fm.,8.284324646,1.862248778,1.831394315,2.711761475,113.9583893,65030
4166.197584,CROMER KNOLL GP.,Aasgard Fm.,8.375558853,1.943165302,1.913841367,2.737343311,100.2244339,65030
4166.349584,CROMER KNOLL GP.,Aasgard Fm.,8.359719276,2.044923306,2.018334389,2.646193266,93.16629028,65030
4166.501584,CROMER KNOLL GP.,Aasgard Fm.,8.322936058,2.198696852,2.160110235,2.562659502,89.73703003,65030
4166.653584,CROMER KNOLL GP.,Aasgard Fm.,8.377468109,2.122930288,2.076307535,2.512220144,96.35494995,65030
4166.805584,CROMER KNOLL GP.,Aasgard Fm.,8.35248661,2.042741776,2.010855913,2.510537386,96.23196411,65030
4166.957584,CROMER KNOLL GP.,Aasgard Fm.,8.353681564,1.924047709,1.888018012,2.511160135,99.45365906,65030
4167.109584,CROMER KNOLL GP.,Aasgard Fm.,8.376125336,1.857840538,1.821891427,2.521849155,106.6906509,65030
4167.261584,CROMER KNOLL GP.,Aasgard Fm.,8.348703384,1.786863565,1.751787782,2.527012587,105.9477081,65030
4167.413584,CROMER KNOLL GP.,Aasgard Fm.,8.31667614,1.855526447,1.820891857,2.540463448,103.0503845,65030
4167.565584,CROMER KNOLL GP.,Aasgard Fm.,8.343151093,1.950082064,1.912474752,2.54652977,99.85006714,65030
4167.717584,CROMER KNOLL GP.,Aasgard Fm.,8.331455231,2.013322592,1.969059587,2.553090334,101.1155014,65030
4167.869584,CROMER KNOLL GP.,Aasgard Fm.,8.297175407,2.069034338,2.018875122,2.558143139,102.0290299,65030
4168.021584,CROMER KNOLL GP.,Aasgard Fm.,8.374134064,1.999907136,1.94569087,2.599713326,101.9474182,65030
4168.173584,CROMER KNOLL GP.,Aasgard Fm.,8.324461937,1.959884048,1.909959078,2.664345741,101.2479935,65030
4168.325584,CROMER KNOLL GP.,Aasgard Fm.,8.299964905,1.965267897,1.914612413,2.724637985,97.70040131,65030
4168.477584,CROMER KNOLL GP.,Aasgard Fm.,8.301478386,1.948051572,1.89823556,2.730710506,100.9961929,65030
4168.629584,CROMER KNOLL GP.,Aasgard Fm.,8.305468559,1.912886024,1.861669064,2.679572821,98.57770538,65030
4168.781584,CROMER KNOLL GP.,Aasgard Fm.,8.318716049,1.864399195,1.81789434,2.62266922,99.00598908,65030
4168.933584,CROMER KNOLL GP.,Aasgard Fm.,8.303965569,1.864581704,1.816994906,2.588968277,90.35371399,65030
4169.085584,CROMER KNOLL GP.,Aasgard Fm.,8.312525749,1.90975225,1.857967377,2.595151663,87.91378021,65030
4169.237584,CROMER KNOLL GP.,Aasgard Fm.,8.345684052,1.964363456,1.907925487,2.61480093,85.64104462,65030
4169.389584,CROMER KNOLL GP.,Aasgard Fm.,8.371154785,2.024106026,1.961488009,2.631520271,86.86251831,65030
4169.541584,CROMER KNOLL GP.,Aasgard Fm.,8.367095947,2.018192053,1.957506061,2.64890933,84.21817017,65030
4169.693584,CROMER KNOLL GP.,Aasgard Fm.,8.389242172,2.017173052,1.958008528,2.650401354,83.28406525,65030
4169.845584,CROMER KNOLL GP.,Aasgard Fm.,8.386938095,1.998660326,1.941053987,2.656135798,88.5029068,65030
4169.997584,CROMER KNOLL GP.,Aasgard Fm.,8.368724823,1.992251277,1.936675668,2.649876118,91.28507233,65030
4170.149584,CROMER KNOLL GP.,Aasgard Fm.,8.299985886,2.033292055,1.977818728,2.650099754,86.34396362,65030
4170.301584,CROMER KNOLL GP.,Aasgard Fm.,8.303713799,2.123099566,2.063278437,2.652719975,79.96363831,65030
4170.453584,CROMER KNOLL GP.,Aasgard Fm.,8.318312645,2.287996292,2.223962069,2.662840605,74.14530945,65030
4170.605584,CROMER KNOLL GP.,Aasgard Fm.,8.356122017,2.574794531,2.496654272,2.675455093,71.23945618,65030
4170.757584,CROMER KNOLL GP.,Aasgard Fm.,8.307255745,2.67899704,2.599109411,2.682596445,65.37834168,65030
4170.909584,CROMER KNOLL GP.,Aasgard Fm.,8.30471611,2.631022215,2.55096674,2.675320625,63.19450378,65030
4171.061584,CROMER KNOLL GP.,Aasgard Fm.,8.295618057,2.570764065,2.494403362,2.667781591,65.86553955,65030
4171.213584,CROMER KNOLL GP.,Aasgard Fm.,8.30405426,2.556815147,2.47611475,2.661021709,71.36701965,65030
4171.365584,CROMER KNOLL GP.,Aasgard Fm.,8.366927147,2.524879694,2.440236569,2.655858517,74.34896851,65030
4171.517584,CROMER KNOLL GP.,Aasgard Fm.,8.401788712,2.393679142,2.311935186,2.649283409,75.5298233,65030
4171.669584,CROMER KNOLL GP.,Aasgard Fm.,8.385938644,2.325488806,2.245397806,2.642314911,76.47167969,65030
4171.821584,CROMER KNOLL GP.,Aasgard Fm.,8.378746033,2.243717194,2.166751862,2.641787052,77.41275024,65030
4171.973584,CROMER KNOLL GP.,Aasgard Fm.,8.384768486,2.165583611,2.092017412,2.646984577,79.75699616,65030
4172.125584,VIKING GP.,Draupne Fm.,8.34746933,2.081271648,2.009933233,2.643347979,83.97589874,65030
4172.277584,VIKING GP.,Draupne Fm.,8.351530075,1.946318626,1.8816154,2.635523558,88.51712799,65030
4172.429584,VIKING GP.,Draupne Fm.,8.400435448,1.859596849,1.799088717,2.634430409,91.64754486,65030
4172.581584,VIKING GP.,Draupne Fm.,8.443325043,1.721188903,1.666480064,2.633016825,94.4852066,65030
4172.733584,VIKING GP.,Draupne Fm.,8.381128311,1.564073205,1.517047167,2.637548208,102.4784393,65030
4172.885584,VIKING GP.,Draupne Fm.,8.352907181,1.549731135,1.504213095,2.661135674,112.962265,65030
4173.037584,VIKING GP.,Draupne Fm.,8.384813309,1.544872999,1.499127865,2.702139139,118.6550903,65030
4173.189584,VIKING GP.,Draupne Fm.,8.348245621,1.53757596,1.494050503,2.739444971,120.018631,65030
4173.341584,VIKING GP.,Draupne Fm.,8.33476162,1.566170573,1.522037268,2.747252226,120.6651764,65030
4173.493584,VIKING GP.,Draupne Fm.,8.337228775,1.653117299,1.6054883,2.75064826,110.1129608,65030
4173.645584,VIKING GP.,Draupne Fm.,8.376719475,1.755999327,1.703735352,2.759932995,104.6631851,65030
4173.797584,VIKING GP.,Draupne Fm.,8.325573921,1.840197563,1.783866882,2.769786358,94.83006287,65030
4173.949584,VIKING GP.,Draupne Fm.,8.297172546,1.837168813,1.78126967,2.778183699,91.94783783,65030
4174.101584,VIKING GP.,Draupne Fm.,8.293800354,1.765689015,1.715357304,2.783551455,83.76564026,65030
4174.253584,VIKING GP.,Draupne Fm.,8.316166878,1.735427856,1.687064529,2.77582407,81.40733337,65030
4174.405584,VIKING GP.,Draupne Fm.,8.33467865,1.851135373,1.798808098,2.770107746,76.4970398,65030
4174.557584,VIKING GP.,Draupne Fm.,8.366479874,2.040831089,1.978042841,2.760442972,74.49474335,65030
4174.709584,VIKING GP.,Draupne Fm.,8.365925789,2.171880961,2.099349737,2.770361424,72.24434662,70000
4174.861584,VIKING GP.,Draupne Fm.,8.38760376,2.24694252,2.179104328,2.776207924,74.06417847,70000
4175.013584,VIKING GP.,Draupne Fm.,8.397326469,2.382675648,2.31605053,2.768694639,74.12046051,70000
4175.165584,VIKING GP.,Draupne Fm.,8.413862228,2.511842728,2.444653034,2.726815701,69.82112122,70000
4175.317584,VIKING GP.,Draupne Fm.,8.412006378,2.484878779,2.421541214,2.675508738,66.73497009,70000
4175.469584,VIKING GP.,Draupne Fm.,8.422673225,2.514642954,2.454302073,2.636575222,64.69657898,70000
4175.621584,VIKING GP.,Draupne Fm.,8.389068604,2.341253281,2.291958571,2.621416092,63.24352646,70000
4175.773584,VIKING GP.,Draupne Fm.,8.375019074,2.065485477,2.029374838,2.618067741,62.50483704,70000
4175.925584,VIKING GP.,Draupne Fm.,8.389486313,1.78113091,1.756374717,2.621221066,70.67485809,70000
4176.077584,VIKING GP.,Draupne Fm.,8.375823975,1.568719506,1.551628232,2.606135368,86.05487061,70000
4176.229584,VIKING GP.,Draupne Fm.,8.397543907,1.478623033,1.463275194,2.583842993,104.4959183,70000
4176.381584,VIKING GP.,Draupne Fm.,8.384902,1.457602501,1.449806452,2.5606637,116.2383347,65000
4176.533584,VIKING GP.,Draupne Fm.,8.390267372,1.466282129,1.45831275,2.545855999,124.5752716,65000
4176.685584,VIKING GP.,Draupne Fm.,8.418385506,1.481553793,1.47184968,2.543502808,127.9326096,65000
4176.837584,VIKING GP.,Draupne Fm.,8.399181366,1.557815075,1.546012163,2.539268017,131.8111572,65000
4176.989584,VIKING GP.,Draupne Fm.,8.405179024,1.625837445,1.613287687,2.533530951,136.7770386,65000
4177.141584,VIKING GP.,Draupne Fm.,8.398235321,1.692030788,1.675932646,2.529495001,141.5908814,65000
4177.293584,VIKING GP.,Draupne Fm.,8.382246971,1.8090235,1.786460757,2.515332222,154.1359253,65000
4177.445584,VIKING GP.,Draupne Fm.,8.375144005,1.847912192,1.822625279,2.499689341,163.8383026,65000
4177.597584,VIKING GP.,Draupne Fm.,8.368206978,1.865754962,1.838386774,2.485338688,168.2264862,65000
4177.749584,VIKING GP.,Draupne Fm.,8.366100311,1.873068929,1.844554782,2.490560055,169.5730133,65000
4177.901584,VIKING GP.,Draupne Fm.,8.367856979,1.882679224,1.854711413,2.488674641,173.3654022,65000
4178.053584,VIKING GP.,Draupne Fm.,8.372587204,1.87001431,1.846109986,2.473077059,176.9172363,65000
4178.205584,VIKING GP.,Draupne Fm.,8.382831574,1.834046841,1.812783837,2.439620256,180.8667297,65000
4178.357584,VIKING GP.,Draupne Fm.,8.383198738,1.802343011,1.783429146,2.414636612,181.2274475,65000
4178.509584,VIKING GP.,Draupne Fm.,8.379217148,1.778380632,1.754918456,2.407253742,181.1559296,65000
4178.661584,VIKING GP.,Draupne Fm.,8.363745689,1.717410684,1.692341328,2.423581362,186.0278473,65000
4178.813584,VIKING GP.,Draupne Fm.,8.362106323,1.645174503,1.620560765,2.44911623,190.1981201,65000
4178.965584,VIKING GP.,Draupne Fm.,8.362558365,1.580211401,1.555996656,2.466941357,189.6595154,65000
4179.117584,VIKING GP.,Draupne Fm.,8.373475075,1.526582003,1.502908588,2.462213278,182.3353882,65000
4179.269584,VIKING GP.,Draupne Fm.,8.376683235,1.481626749,1.458339334,2.443930388,176.9230347,65000
4179.421584,VIKING GP.,Draupne Fm.,8.374687195,1.462742209,1.441590786,2.434226513,179.960022,65000
4179.573584,VIKING GP.,Draupne Fm.,8.390506744,1.461930871,1.439377546,2.431080341,185.9395599,65000
4179.725584,VIKING GP.,Draupne Fm.,8.392361641,1.459621429,1.434092403,2.437256813,185.4576721,65000
4179.877584,VIKING GP.,Draupne Fm.,8.378987312,1.451196194,1.423542619,2.44667697,180.9339142,65000
4180.029584,VIKING GP.,Draupne Fm.,8.382430077,1.458096385,1.430312872,2.458524704,178.3462219,65000
4180.181584,VIKING GP.,Draupne Fm.,8.363888741,1.491907358,1.45980978,2.463053465,181.6930542,65000
4180.333584,VIKING GP.,Draupne Fm.,8.357379913,1.531345844,1.498211384,2.449506283,185.2184753,65000
4180.485584,VIKING GP.,Draupne Fm.,8.34728241,1.538181782,1.507956505,2.438144445,184.9994507,65000
4180.637584,VIKING GP.,Draupne Fm.,8.336518288,1.538777709,1.510979533,2.427372456,189.6175842,65000
4180.789584,VIKING GP.,Draupne Fm.,8.380574226,1.530266047,1.501768589,2.422953606,190.7919159,65000
4180.941584,VIKING GP.,Draupne Fm.,8.394031525,1.533663631,1.504563689,2.430255175,192.3160095,65000
4181.093584,VIKING GP.,Draupne Fm.,8.388577461,1.507645845,1.47922194,2.450232506,185.5659485,65000
4181.245584,VIKING GP.,Draupne Fm.,8.386655808,1.481017947,1.453119755,2.465569496,184.2949219,65000
4181.397584,VIKING GP.,Draupne Fm.,8.429224968,1.561115503,1.533583641,2.462694407,183.18396,65000
4181.549584,VIKING GP.,Draupne Fm.,8.423529625,1.664560914,1.635489821,2.450409412,190.6797333,65000
4181.701584,VIKING GP.,Draupne Fm.,8.399541855,1.658060908,1.629759669,2.447299004,194.1225891,65000
4181.853584,VIKING GP.,Draupne Fm.,8.431511879,1.621076942,1.595900536,2.449195147,192.6978149,65000
4182.005584,VIKING GP.,Draupne Fm.,8.453576088,1.651267052,1.626075983,2.463827133,183.4043579,65000
4182.157584,VIKING GP.,Draupne Fm.,8.406997681,1.711261749,1.683681369,2.47337389,178.9871063,65000
4182.309584,VIKING GP.,Draupne Fm.,8.376842499,1.683697105,1.657102943,2.468291283,183.3873444,65000
4182.461584,VIKING GP.,Draupne Fm.,8.371488571,1.625895023,1.60088253,2.449137211,192.3656006,65000
4182.613584,VIKING GP.,Draupne Fm.,8.419066429,1.559923053,1.537106276,2.444271803,196.6202545,65000
4182.765584,VIKING GP.,Draupne Fm.,8.40446949,1.451186061,1.430809856,2.455583811,199.2017822,65000
4182.917584,VIKING GP.,Draupne Fm.,8.348500252,1.307206035,1.289798737,2.465214491,199.6552734,65000
4183.069584,VIKING GP.,Draupne Fm.,8.332570076,1.282069325,1.264905334,2.455168247,201.3454742,65000
4183.221584,VIKING GP.,Draupne Fm.,8.339122772,1.383445025,1.363567591,2.431805849,200.7102966,65000
4183.373584,VIKING GP.,Draupne Fm.,8.339447975,1.481996179,1.458088279,2.417686462,201.2700806,65000
4183.525584,VIKING GP.,Draupne Fm.,8.329796791,1.567393899,1.539477468,2.413055897,203.9878388,65000
4183.677584,VIKING GP.,Draupne Fm.,8.345942497,1.653802276,1.622481108,2.405115366,207.4885712,65000
4183.829584,VIKING GP.,Draupne Fm.,8.370663643,1.747865558,1.716119409,2.389667273,204.7511749,65000
4183.981584,VIKING GP.,Draupne Fm.,8.403261185,1.907641292,1.867453337,2.377767563,201.4521942,65000
4184.133584,VIKING GP.,Draupne Fm.,8.418299675,2.032202244,1.989134431,2.38199687,196.118454,65030
4184.285584,VIKING GP.,Draupne Fm.,8.426253319,2.116478205,2.075064659,2.402991295,195.8245392,65030
4184.437584,VIKING GP.,Draupne Fm.,8.405776978,2.139465094,2.102189541,2.426968813,194.9581757,65030
4184.589584,VIKING GP.,Draupne Fm.,8.377800942,2.160434485,2.129089117,2.426555157,205.6168213,65030
4184.741584,VIKING GP.,Draupne Fm.,8.379934311,2.212195396,2.185515404,2.405326843,226.6994782,65030
4184.893584,VIKING GP.,Draupne Fm.,8.38365078,2.264512539,2.243086815,2.381599188,240.0548248,65030
4185.045584,VIKING GP.,Draupne Fm.,8.379667282,2.288443804,2.27372241,2.369698525,242.0587921,65030
4185.197584,VIKING GP.,Draupne Fm.,8.375680924,2.274267435,2.268111467,2.370300055,234.8605957,65030
4185.349584,VIKING GP.,Draupne Fm.,8.383798599,2.248903751,2.24945569,2.378264904,226.7263336,65030
4185.501584,VIKING GP.,Draupne Fm.,8.382938385,2.232818365,2.238079071,2.384260416,224.6951599,65030
4185.653584,VIKING GP.,Draupne Fm.,8.421327591,2.265428782,2.277550936,2.374797821,221.0783539,65030
4185.805584,VIKING GP.,Draupne Fm.,8.441762924,2.500835896,2.521160603,2.368671894,215.3572693,65030
4185.957584,VIKING GP.,Draupne Fm.,8.430203438,2.755135536,2.779506922,2.368509769,212.4743195,65030
4186.109584,VIKING GP.,Draupne Fm.,8.397808075,2.971476555,2.999568462,2.359151363,216.2396088,65030
4186.261584,VIKING GP.,Draupne Fm.,8.371033669,3.389464617,3.433897257,2.335964203,226.3763733,65030
4186.413584,VIKING GP.,Draupne Fm.,8.373117447,3.674745798,3.729981422,2.317100287,239.7773743,65030
4186.565584,VIKING GP.,Draupne Fm.,8.401461601,3.788766861,3.854430199,2.319289923,253.0625153,65030
4186.717584,VIKING GP.,Draupne Fm.,8.383913994,3.909455776,3.98840785,2.32729435,260.8574829,65030
4186.869584,VIKING GP.,Draupne Fm.,8.369971275,4.095477104,4.184051514,2.330034256,263.5346985,65030
4187.021584,VIKING GP.,Draupne Fm.,8.408082008,4.190262318,4.289741993,2.336703301,265.6565552,65030
4187.173584,VIKING GP.,Draupne Fm.,8.428011894,4.359736443,4.465222836,2.353657723,263.1912231,65030
4187.325584,VIKING GP.,Draupne Fm.,8.410286903,4.863113403,4.987462997,2.365977287,253.8470001,65030
4187.477584,VIKING GP.,Draupne Fm.,8.403194428,5.706179619,5.884055138,2.360239983,241.7106171,65030
4187.629584,VIKING GP.,Draupne Fm.,8.435965538,5.894809246,6.092878342,2.354719877,233.4817963,65030
4187.781584,VIKING GP.,Draupne Fm.,8.44042778,5.531944275,5.721572399,2.359623194,230.6495972,65030
4187.933584,VIKING GP.,Draupne Fm.,8.437452316,4.939550877,5.101772785,2.372970104,232.8215332,65030
4188.085584,VIKING GP.,Draupne Fm.,8.421807289,3.941020966,4.061538696,2.378578663,242.0444183,65030
4188.237584,VIKING GP.,Draupne Fm.,8.399544716,3.1760149,3.265059471,2.370660543,246.8982086,65030
4188.389584,VIKING GP.,Draupne Fm.,8.408912659,2.915952921,2.9883461,2.359475136,240.8479767,65030
4188.541584,VIKING GP.,Draupne Fm.,8.396245956,2.742839813,2.802917004,2.354015827,228.8798676,65030
4188.693584,VIKING GP.,Draupne Fm.,8.391266823,2.566610813,2.615358591,2.357743025,225.0268555,65030
4188.845584,VIKING GP.,Draupne Fm.,8.391263962,2.503256083,2.546325207,2.368390799,228.1565704,65030
4188.997584,VIKING GP.,Draupne Fm.,8.379940033,2.492840767,2.53188014,2.381035328,233.48526,65030
4189.149584,VIKING GP.,Draupne Fm.,8.384590149,2.466403246,2.500814199,2.392231941,237.6082916,65030
4189.301584,VIKING GP.,Draupne Fm.,8.383737564,2.406458139,2.43664217,2.402548075,240.8974915,65030
4189.453584,VIKING GP.,Draupne Fm.,8.395173073,2.328161717,2.350219727,2.407885075,243.1812134,65030
4189.605584,VIKING GP.,Draupne Fm.,8.410200119,2.242611647,2.256316423,2.417191505,244.5430756,65030
4189.757584,VIKING GP.,Draupne Fm.,8.437727928,2.17489481,2.182761669,2.437972784,246.5704651,65030
4189.909584,VIKING GP.,Draupne Fm.,8.443444252,2.127732992,2.130962849,2.45815897,243.0254517,65030
4190.061584,VIKING GP.,Draupne Fm.,8.417882919,2.063343763,2.063570738,2.470344067,236.4573669,65030
4190.213584,VIKING GP.,Draupne Fm.,8.41228199,1.945795298,1.942985654,2.481011391,233.5369415,65030
4190.365584,VIKING GP.,Draupne Fm.,8.407999992,1.802756786,1.798608422,2.493661642,233.7243958,65030
4190.517584,VIKING GP.,Draupne Fm.,8.39189148,1.745187759,1.739805579,2.495491982,232.4864197,65030
4190.669584,VIKING GP.,Draupne Fm.,8.35549736,1.776247382,1.770566464,2.489663839,226.9464569,65030
4190.821584,VIKING GP.,Draupne Fm.,8.344284058,1.800420046,1.796280861,2.486423969,222.7991943,65030
4190.973584,VIKING GP.,Draupne Fm.,8.358099937,1.812531591,1.80579257,2.491074324,227.0762329,65030
4191.125584,VIKING GP.,Draupne Fm.,8.366161346,1.882853985,1.871341825,2.501029968,234.1359558,65030
4191.277584,VIKING GP.,Draupne Fm.,8.398276329,2.023859024,2.006746292,2.51101923,241.2160187,65030
4191.429584,VIKING GP.,Draupne Fm.,8.424297333,2.117883444,2.096733332,2.516500711,245.1887665,65030
4191.581584,VIKING GP.,Draupne Fm.,8.423921585,2.102602005,2.081302881,2.512332439,237.963089,65030
4191.733584,VIKING GP.,Draupne Fm.,8.422679901,2.017179012,1.996319771,2.509142399,222.9775696,65030
4191.885584,VIKING GP.,Draupne Fm.,8.425074577,1.9030931,1.884799361,2.51082325,203.6313019,65030
4192.037584,VIKING GP.,Draupne Fm.,8.404770851,1.830848932,1.815476894,2.51526618,193.3292999,65030
4192.189584,VIKING GP.,Draupne Fm.,8.362658501,1.846271873,1.832256675,2.512248755,199.9361725,65030
4192.341584,VIKING GP.,Draupne Fm.,8.338525772,1.914921284,1.899877071,2.492711783,208.828125,65030
4192.493584,VIKING GP.,Draupne Fm.,8.342101097,1.992910862,1.974097371,2.464206219,211.4062958,65030
4192.645584,VIKING GP.,Draupne Fm.,8.34235096,2.139844656,2.116736651,2.44198513,209.3354645,65030
4192.797584,VIKING GP.,Draupne Fm.,8.337806702,2.284926891,2.257342815,2.428538561,208.757309,65030
4192.949584,VIKING GP.,Draupne Fm.,8.364751816,2.259726048,2.229531765,2.425778866,211.1040192,65030
4193.101584,VIKING GP.,Draupne Fm.,8.393569946,2.128867149,2.097162962,2.432538509,212.0496674,65030
4193.253584,VIKING GP.,Draupne Fm.,8.401499748,2.00472641,1.97342968,2.442226172,208.9532776,65030
4193.405584,VIKING GP.,Draupne Fm.,8.417372704,1.823674202,1.798243761,2.461027861,204.6987305,65030
4193.557584,VIKING GP.,Draupne Fm.,8.421027184,1.681646943,1.660900593,2.486378193,199.5301209,65000
4193.709584,VIKING GP.,Draupne Fm.,8.413918495,1.697870851,1.678183913,2.509999275,194.7814636,65000
4193.861584,VIKING GP.,Draupne Fm.,8.407290459,1.734885812,1.715822816,2.520655632,192.8085175,65000
4194.013584,VIKING GP.,Draupne Fm.,8.393472672,1.773982167,1.754082084,2.51973629,196.4437256,65000
4194.165584,VIKING GP.,Draupne Fm.,8.367983818,1.814534664,1.793569922,2.520118475,203.6175079,65000
4194.317584,VIKING GP.,Draupne Fm.,8.336213112,1.849607348,1.828673244,2.519423008,204.1328125,65000
4194.469584,VIKING GP.,Draupne Fm.,8.335778236,1.883126378,1.861092806,2.510121584,200.8994446,65000
4194.621584,VIKING GP.,Draupne Fm.,8.336230278,1.904027104,1.881446362,2.493303299,197.2535706,65000
4194.773584,VIKING GP.,Draupne Fm.,8.376729965,1.917005301,1.893885136,2.467506886,196.3857117,65000
4194.925584,VIKING GP.,Draupne Fm.,8.407896042,1.958127737,1.933677912,2.445184708,197.0479736,65000
4195.077584,VIKING GP.,Draupne Fm.,8.385112763,2.00347209,1.978165269,2.428425789,198.412323,65000
4195.229584,VIKING GP.,Draupne Fm.,8.408108711,2.027848482,1.998768687,2.42677021,199.6147461,65000
4195.381584,VIKING GP.,Draupne Fm.,8.431472778,2.026297808,1.993204832,2.427917242,197.4636536,65000
4195.533584,VIKING GP.,Draupne Fm.,8.424921989,1.947218418,1.912931323,2.428224087,192.9165497,65000
4195.685584,VIKING GP.,Draupne Fm.,8.389685631,1.833298922,1.800079942,2.427025318,191.0008087,65000
4195.837584,VIKING GP.,Draupne Fm.,8.384669304,1.734404206,1.704104304,2.438879252,191.7212677,65000
4195.989584,VIKING GP.,Draupne Fm.,8.410200119,1.634622335,1.610847116,2.456660032,191.6143036,65000
4196.141584,VIKING GP.,Draupne Fm.,8.415240288,1.628572702,1.605857015,2.472690582,195.9733429,65000
4196.293584,VIKING GP.,Draupne Fm.,8.419939041,1.815916657,1.786510825,2.483132839,198.7090454,65000
4196.445584,VIKING GP.,Draupne Fm.,8.415611267,1.963748813,1.931360364,2.491542578,196.1761322,65030
4196.597584,VIKING GP.,Draupne Fm.,8.386252403,2.013357878,1.981869221,2.490870953,193.288559,65030
4196.749584,VIKING GP.,Draupne Fm.,8.34926033,2.116917849,2.084750414,2.484562874,185.4849396,65030
4196.901584,VIKING GP.,Draupne Fm.,8.352384567,2.291183233,2.251889706,2.484371662,186.2636261,65030
4197.053584,VIKING GP.,Draupne Fm.,8.35355854,2.431340456,2.385801077,2.490777731,183.9029083,65030
4197.205584,VIKING GP.,Draupne Fm.,8.352181435,2.488922119,2.442873716,2.501934528,184.2127991,65030
4197.357584,VIKING GP.,Draupne Fm.,8.342000008,2.360127926,2.321227312,2.512983084,185.6983795,65030
4197.509584,VIKING GP.,Draupne Fm.,8.359333038,2.068777323,2.042708159,2.516369581,185.1468964,65000
4197.661584,VIKING GP.,Draupne Fm.,8.386099815,1.852385879,1.836352348,2.504750729,185.90242,65000
4197.813584,VIKING GP.,Draupne Fm.,8.372074127,1.731950283,1.720732451,2.496566057,184.9342957,65000
4197.965584,VIKING GP.,Draupne Fm.,8.344128609,1.666886091,1.661046624,2.507034063,184.1357117,65000
4198.117584,VIKING GP.,Draupne Fm.,8.346780777,1.623358846,1.62484932,2.529926062,179.1311035,65000
4198.269584,VIKING GP.,Draupne Fm.,8.367614746,1.584899187,1.587706447,2.542202711,174.2302856,65000
4198.421584,VIKING GP.,Draupne Fm.,8.374615669,1.558045745,1.556955576,2.535437584,170.5362244,65000
4198.573584,VIKING GP.,Draupne Fm.,8.379107475,1.553777814,1.550106049,2.51554513,171.2451019,65000
4198.725584,VIKING GP.,Draupne Fm.,8.36305809,1.534409761,1.529093027,2.500689745,177.0147858,65000
4198.877584,VIKING GP.,Draupne Fm.,8.339078903,1.464911461,1.460041881,2.501643181,179.0783691,65000
4199.029584,VIKING GP.,Draupne Fm.,8.349134445,1.392744541,1.386950612,2.50922823,173.4360809,65000
4199.181584,VIKING GP.,Draupne Fm.,8.393816948,1.321812034,1.315037489,2.511401415,171.0365295,65000
4199.333584,VIKING GP.,Draupne Fm.,8.4171381,1.265556335,1.257339597,2.508218527,173.4595337,65000
4199.485584,VIKING GP.,Draupne Fm.,8.41507721,1.247243166,1.236972809,2.499387741,175.3594971,65000
4199.637584,VIKING GP.,Draupne Fm.,8.398791313,1.273379564,1.260136843,2.494557381,172.650116,65000
4199.789584,VIKING GP.,Draupne Fm.,8.38325119,1.299595952,1.282931805,2.494628429,167.0758057,65000
4199.941584,VIKING GP.,Draupne Fm.,8.36469841,1.32633543,1.306764245,2.496411324,167.3515625,65000
4200.093584,VIKING GP.,Draupne Fm.,8.364886284,1.341225267,1.320608378,2.488212824,170.4949493,65000
4200.245584,VIKING GP.,Draupne Fm.,8.372314453,1.326645136,1.307125688,2.483091593,173.4790344,65000
4200.397584,VIKING GP.,Draupne Fm.,8.378700256,1.297549605,1.279024601,2.487303019,174.7880096,65000
4200.549584,VIKING GP.,Draupne Fm.,8.382626534,1.265973091,1.247460723,2.487926483,170.3781738,65000
4200.701584,VIKING GP.,Draupne Fm.,8.376671791,1.269533277,1.24921906,2.480663061,169.1674652,65000
4200.853584,VIKING GP.,Draupne Fm.,8.372817993,1.298772097,1.275125384,2.470179796,169.0850525,65000
4201.005584,VIKING GP.,Draupne Fm.,8.378143311,1.34265554,1.316815376,2.462447166,167.0975494,65000
4201.157584,VIKING GP.,Draupne Fm.,8.357851982,1.363578081,1.340739131,2.455982924,166.9643707,65000
4201.309584,VIKING GP.,Draupne Fm.,8.346845627,1.392026544,1.370224714,2.460003853,168.2916718,65000
4201.461584,VIKING GP.,Draupne Fm.,8.345896721,1.447648168,1.427347183,2.481821537,169.3071442,65000
4201.613584,VIKING GP.,Draupne Fm.,8.34883976,1.481148243,1.464064241,2.501015663,164.1549988,65000
4201.765584,VIKING GP.,Draupne Fm.,8.344436646,1.460427284,1.444555283,2.497653484,155.0053558,65000
4201.917584,VIKING GP.,Draupne Fm.,8.358099937,1.41864264,1.4039011,2.468106747,151.7982636,65000
4202.069584,VIKING GP.,Draupne Fm.,8.353788376,1.466209412,1.452774406,2.43443799,153.9535065,65000
4202.221584,VIKING GP.,Draupne Fm.,8.346138001,1.55892849,1.54439044,2.411848545,158.1112671,65000
4202.373584,VIKING GP.,Draupne Fm.,8.363615036,1.594920158,1.58082819,2.40975523,164.6982422,65000
4202.525584,VIKING GP.,Draupne Fm.,8.3966465,1.63399148,1.620713711,2.417845011,165.4219208,65000
4202.677584,VIKING GP.,Draupne Fm.,8.4046278,1.656983256,1.643072724,2.437039375,162.2006531,65000
4202.829584,VIKING GP.,Draupne Fm.,8.404174805,1.642506838,1.626054883,2.459137917,160.4549103,65000
4202.981584,VIKING GP.,Draupne Fm.,8.379376411,1.625771523,1.607613802,2.471920729,159.8352661,65000
4203.133584,VIKING GP.,Draupne Fm.,8.351626396,1.597253203,1.577642202,2.475926161,159.9903259,65000
4203.285584,VIKING GP.,Draupne Fm.,8.342466354,1.561917424,1.543606997,2.471419096,150.8649597,65000
4203.437584,VIKING GP.,Draupne Fm.,8.332834244,1.495833397,1.48062861,2.479517937,149.171875,65000
4203.589584,VIKING GP.,Draupne Fm.,8.336882591,1.448540449,1.434798479,2.502794027,145.7176361,65000
4203.741584,VIKING GP.,Draupne Fm.,8.357442856,1.445904255,1.432775736,2.529919863,147.4588776,65000
4203.893584,VIKING GP.,Draupne Fm.,8.358620644,1.450823069,1.437735915,2.535987854,149.5258484,65000
4204.045584,VIKING GP.,Draupne Fm.,8.336912155,1.478715658,1.465971589,2.534608126,153.1602936,65000
4204.197584,VIKING GP.,Draupne Fm.,8.345581055,1.510343075,1.497826338,2.52571106,159.4342957,65000
4204.349584,VIKING GP.,Draupne Fm.,8.381691933,1.578029037,1.565453529,2.529922485,155.7557678,65000
4204.501584,VIKING GP.,Draupne Fm.,8.361330032,1.763462901,1.748742104,2.536623955,147.5778503,65000
4204.653584,VIKING GP.,Draupne Fm.,8.354311943,1.897266507,1.879687786,2.544522762,139.0011902,65000
4204.805584,VIKING GP.,Draupne Fm.,8.399271011,1.749678135,1.734819174,2.543396473,137.1526032,65030
4204.957584,VIKING GP.,Draupne Fm.,8.386983872,1.635552168,1.621378541,2.551091433,146.1251373,65030
4205.109584,VIKING GP.,Draupne Fm.,8.341686249,1.632674456,1.619357467,2.570066452,156.054657,65030
4205.261584,VIKING GP.,Draupne Fm.,8.333999634,1.613878369,1.603166461,2.577356577,163.5671387,65030
4205.413584,VIKING GP.,Draupne Fm.,8.336051941,1.516670823,1.507917166,2.573466063,165.9687195,65030
4205.565584,VIKING GP.,Draupne Fm.,8.33996582,1.440284967,1.433349371,2.564920425,168.6524506,65030
4205.717584,VIKING GP.,Draupne Fm.,8.333999634,1.535093069,1.525965452,2.558767796,164.0773621,65030
4205.869584,VIKING GP.,Draupne Fm.,8.336596489,1.665081024,1.654506683,2.55632472,160.6430512,65030
4206.021584,VIKING GP.,Draupne Fm.,8.348766327,1.808183193,1.795689821,2.559322596,156.8749695,65030
4206.173584,VIKING GP.,Draupne Fm.,8.374707222,1.921147704,1.90690577,2.566346884,149.8500977,65030
4206.325584,VIKING GP.,Draupne Fm.,8.406504631,1.981794596,1.966866493,2.568928242,142.3088074,65030
4206.477584,VIKING GP.,Draupne Fm.,8.382100105,1.986968637,1.971247435,2.569697619,139.2284546,65030
4206.629584,VIKING GP.,Draupne Fm.,8.388710022,1.978639007,1.961120963,2.575181723,138.2068481,65030
4206.781584,VIKING GP.,Draupne Fm.,8.41395092,1.928472281,1.916704178,2.583788157,139.4712372,65030
4206.933584,VIKING GP.,Draupne Fm.,8.423508644,1.881425142,1.87279439,2.585508108,138.0061188,65030
4207.085584,VIKING GP.,Draupne Fm.,8.416049957,1.865414739,1.857128978,2.575184584,145.063797,65030
4207.237584,VIKING GP.,Draupne Fm.,8.421395302,1.927106381,1.918934941,2.564230919,146.4449005,65030
4207.389584,VIKING GP.,Draupne Fm.,8.418299675,2.023934841,2.014767885,2.56171155,144.8630676,65030
4207.541584,VIKING GP.,Draupne Fm.,8.407769203,2.008321047,1.998986721,2.564546824,136.7698364,65030
4207.693584,VIKING GP.,Draupne Fm.,8.373559952,1.92358613,1.914529324,2.573299885,136.1453552,65030
4207.845584,VIKING GP.,Draupne Fm.,8.38438797,1.837145209,1.827988505,2.572957516,134.9309387,65030
4207.997584,VIKING GP.,Draupne Fm.,8.377253532,1.851494551,1.841352224,2.570451021,133.874527,65030
4208.149584,VIKING GP.,Draupne Fm.,8.376613617,1.877001405,1.866345406,2.564312935,131.8754578,65030
4208.301584,VIKING GP.,Draupne Fm.,8.385271072,1.95411849,1.942014933,2.55648303,140.5050812,65030
4208.453584,VIKING GP.,Draupne Fm.,8.379640579,2.035731554,2.023375034,2.544024229,152.8504944,65030
4208.605584,VIKING GP.,Draupne Fm.,8.370100021,2.064428091,2.052001715,2.52439785,161.0509644,65030
4208.757584,VIKING GP.,Draupne Fm.,8.37325573,2.125634432,2.110024452,2.506577253,159.115921,65030
4208.909584,VIKING GP.,Draupne Fm.,8.384540558,2.19824481,2.179998159,2.50368619,163.2598114,65030
4209.061584,VIKING GP.,Draupne Fm.,8.378100395,2.18726182,2.169965506,2.514843702,175.0075378,65030
4209.213584,VIKING GP.,Draupne Fm.,8.377338409,2.207057715,2.189262629,2.531918287,188.0450134,65030
4209.365584,VIKING GP.,Draupne Fm.,8.377882958,2.197369814,2.178943873,2.567969799,193.1532745,65030
4209.517584,VIKING GP.,Draupne Fm.,8.390462875,2.235106945,2.215800047,2.611601114,195.522995,65030
4209.669584,VIKING GP.,Draupne Fm.,8.373365402,2.243332863,2.22388196,2.629248619,212.5644226,65030
4209.821584,VIKING GP.,Draupne Fm.,8.372422218,2.267240286,2.245431185,2.587978363,218.0225983,65030
4209.973584,VIKING GP.,Draupne Fm.,8.384203911,2.180818558,2.159900665,2.554199457,213.0725708,65030
4210.125584,VIKING GP.,Draupne Fm.,8.392284393,2.049770355,2.031330824,2.539601088,192.922287,65030
4210.277584,VIKING GP.,Draupne Fm.,8.402199745,1.860481978,1.844070673,2.53437686,185.5489197,65030
4210.429584,VIKING GP.,Draupne Fm.,8.403553009,1.702219009,1.689365149,2.526552439,186.9619141,65030
4210.581584,VIKING GP.,Draupne Fm.,8.406176567,1.615241051,1.601558328,2.519913435,186.4958038,65000
4210.733584,VIKING GP.,Draupne Fm.,8.38875103,1.590875983,1.57937479,2.508534432,184.4440155,65000
4210.885584,VIKING GP.,Draupne Fm.,8.403499603,1.614691973,1.603935599,2.500190496,182.1882935,65000
4211.037584,VIKING GP.,Draupne Fm.,8.415982246,1.653492451,1.643432021,2.496124744,185.0191345,65000
4211.189584,VIKING GP.,Draupne Fm.,8.448210716,1.679347754,1.666016102,2.498310328,190.7472229,65000
4211.341584,VIKING GP.,Draupne Fm.,8.469602585,1.699092865,1.683589578,2.492034674,191.3211823,65000
4211.493584,VIKING GP.,Draupne Fm.,8.529397965,1.711382628,1.692991614,2.4908669,187.8776245,65000
4211.645584,VIKING GP.,Draupne Fm.,8.525093079,1.724996567,1.702711344,2.499428511,174.0129089,65000
4211.797584,VIKING GP.,Draupne Fm.,8.54190445,1.735536814,1.713103652,2.504447699,162.0752106,65000
4211.949584,VIKING GP.,Draupne Fm.,8.55549717,1.715654254,1.691882849,2.50443697,157.3692474,65000
4212.101584,VIKING GP.,Draupne Fm.,8.549563408,1.714079857,1.690197468,2.49458456,155.7338715,65000
4212.253584,VIKING GP.,Draupne Fm.,8.541531563,1.727974415,1.702735543,2.487966538,151.969635,65000
4212.405584,VIKING GP.,Draupne Fm.,8.522533417,1.70181036,1.679028988,2.490175247,148.66362,65000
4212.557584,VIKING GP.,Draupne Fm.,8.448992729,1.680737376,1.659364104,2.497894764,148.4707336,65000
4212.709584,VIKING GP.,Draupne Fm.,8.469301224,1.693369031,1.672697783,2.499361515,149.1069183,65000
4212.861584,VIKING GP.,Draupne Fm.,8.486049652,1.682355523,1.664913416,2.495336056,145.1803436,65000
4213.013584,VIKING GP.,Draupne Fm.,8.463899612,1.689920664,1.669934154,2.486158371,142.3353272,65000
4213.165584,VIKING GP.,Draupne Fm.,8.448755264,1.669715643,1.648464561,2.471294165,144.8820953,65000
4213.317584,VIKING GP.,Draupne Fm.,8.466879845,1.608696342,1.587796331,2.457444191,147.6866303,65000
4213.469584,VIKING GP.,Draupne Fm.,8.466623306,1.55846417,1.537705302,2.456123591,148.2500763,65000
4213.621584,VIKING GP.,Draupne Fm.,8.436453819,1.49421835,1.474599123,2.454788446,144.6724701,65000
4213.773584,VIKING GP.,Draupne Fm.,8.423838615,1.443347573,1.42423439,2.453930616,144.4913178,65030
4213.925584,VIKING GP.,Draupne Fm.,8.4352808,1.463956356,1.443867922,2.448275805,145.1039276,65030
4214.077584,VIKING GP.,Draupne Fm.,8.430299759,1.459563494,1.438753009,2.451342106,138.4629364,65030
4214.229584,VIKING GP.,Draupne Fm.,8.434436798,1.437547326,1.416533828,2.452391148,131.3075104,65030
4214.381584,VIKING GP.,Draupne Fm.,8.470803261,1.490369439,1.468076825,2.45971179,124.5692291,65030
4214.533584,VIKING GP.,Draupne Fm.,8.474004746,1.541872263,1.517031431,2.473668814,132.9399567,65030
4214.685584,VIKING GP.,Draupne Fm.,8.466610909,1.570419669,1.546139002,2.495624065,134.7527618,65030
4214.837584,VIKING GP.,Draupne Fm.,8.429132462,1.605909586,1.581725001,2.506732941,135.1711121,65030
4214.989584,VIKING GP.,Draupne Fm.,8.411679268,1.666482568,1.641308069,2.502336264,131.37323,65030
4215.141584,VIKING GP.,Draupne Fm.,8.425215721,1.769306421,1.74226296,2.493064642,133.3244934,65030
4215.293584,VIKING GP.,Draupne Fm.,8.413502693,1.872460246,1.843716502,2.484772682,139.5803528,65030
4215.445584,VIKING GP.,Draupne Fm.,8.407846451,1.985690832,1.954620242,2.475731373,141.9151154,65030
4215.597584,VIKING GP.,Draupne Fm.,8.429812431,1.999484539,1.971207619,2.470890999,140.2809753,65030
4215.749584,VIKING GP.,Draupne Fm.,8.469594955,1.963230372,1.937770248,2.461980104,135.0008392,65030
4215.901584,VIKING GP.,Draupne Fm.,8.46048069,1.927212238,1.905025482,2.453602791,131.5781555,65030
4216.053584,VIKING GP.,Draupne Fm.,8.46873951,1.857124567,1.840082765,2.458366633,126.4880829,65030
4216.205584,VIKING GP.,Draupne Fm.,8.496515274,1.807623863,1.791429758,2.488506794,123.7598267,65030
4216.357584,VIKING GP.,Draupne Fm.,8.470126152,1.792842627,1.778015137,2.505966663,120.965332,65030
4216.509584,VIKING GP.,Draupne Fm.,8.466663361,1.863830686,1.848406673,2.508881569,131.2623444,65030
4216.661584,VIKING GP.,Draupne Fm.,8.471376419,1.977943063,1.95922792,2.497771978,139.3822937,65030
4216.813584,VIKING GP.,Draupne Fm.,8.486073494,2.052072525,2.031152248,2.482635021,141.7792511,65030
4216.965584,VIKING GP.,Draupne Fm.,8.478930473,2.10972786,2.082145929,2.470142841,143.2043304,65030
4217.117584,VIKING GP.,Draupne Fm.,8.472669601,2.049567223,2.024393082,2.46797967,140.108078,65030
4217.269584,VIKING GP.,Draupne Fm.,8.443750382,1.930136919,1.912529945,2.477133036,135.4300232,65030
4217.421584,VIKING GP.,Draupne Fm.,8.467427254,1.940775275,1.924993753,2.490891457,124.3671951,65030
4217.573584,VIKING GP.,Draupne Fm.,8.410011292,1.956406832,1.942878485,2.49561429,123.7539063,65030
4217.725584,VIKING GP.,Draupne Fm.,8.406200409,1.972606659,1.958394408,2.477112293,122.2196503,65030
4217.877584,VIKING GP.,Draupne Fm.,8.407393456,2.006621838,1.99010241,2.463954449,127.9970169,65030
4218.029584,VIKING GP.,Heather Fm.,8.433465004,1.853196621,1.838578343,2.449570894,126.97435,65030
4218.181584,VIKING GP.,Heather Fm.,8.411604881,1.721332669,1.708633781,2.453912735,129.1439209,65030
4218.333584,VIKING GP.,Heather Fm.,8.40659523,1.732262373,1.714094997,2.451555491,129.2003326,65030
4218.485584,VIKING GP.,Heather Fm.,8.418420792,1.700962424,1.683765411,2.453257799,136.3892365,65030
4218.637584,VIKING GP.,Heather Fm.,8.421959877,1.683729649,1.66666913,2.455178738,137.4553375,65000
4218.789584,VIKING GP.,Heather Fm.,8.410303116,1.675864101,1.660220981,2.458373308,136.6018829,65000
4218.941584,VIKING GP.,Heather Fm.,8.41429615,1.468782067,1.455178261,2.47650218,131.5605927,65000
4219.093584,VIKING GP.,Heather Fm.,8.418299675,1.371809125,1.353902698,2.488803625,129.6174316,65000
4219.245584,VIKING GP.,Heather Fm.,8.418175697,1.320660114,1.302433372,2.479379416,141.6016235,65000
4219.397584,VIKING GP.,Heather Fm.,8.411889076,1.261304379,1.241720796,2.457439661,139.6085968,65000
4219.549584,VIKING GP.,Heather Fm.,8.41843605,1.218195438,1.19974196,2.438634157,151.909195,65000
4219.701584,VIKING GP.,Heather Fm.,8.43022728,1.217957735,1.194825769,2.441550016,147.9134827,65000
4219.853584,VIKING GP.,Heather Fm.,8.42208004,1.235215306,1.208604336,2.436034918,143.4865418,65000
4220.005584,VIKING GP.,Heather Fm.,8.390217781,1.25206244,1.223844647,2.426596642,133.8375244,65000
4220.157584,VIKING GP.,Heather Fm.,8.394285202,1.287219167,1.255123496,2.42590785,124.4373322,65000
4220.309584,VIKING GP.,Heather Fm.,8.430297852,1.295397997,1.265097857,2.429300547,123.8152466,65000
4220.461584,VIKING GP.,Heather Fm.,8.414235115,1.272848845,1.242249608,2.435486555,121.1014862,65000
4220.613584,VIKING GP.,Heather Fm.,8.416582108,1.221790791,1.19238162,2.43172884,122.0531693,65000
4220.765584,VIKING GP.,Heather Fm.,8.426203728,1.328629613,1.296358347,2.441502333,122.8370514,65000
4220.917584,VIKING GP.,Heather Fm.,8.414346695,1.439648867,1.405373216,2.444168568,123.8293991,65000
4221.069584,VIKING GP.,Heather Fm.,8.426125526,1.66522491,1.62225163,2.446762562,126.0853272,65000
4221.221584,VIKING GP.,Heather Fm.,8.406535149,1.564855099,1.529326916,2.439621687,122.0127182,65000
4221.373584,VIKING GP.,Heather Fm.,8.421996117,1.446350098,1.42321384,2.432436228,121.5872574,65000
4221.525584,VIKING GP.,Heather Fm.,8.426215172,1.37528789,1.359043956,2.441990376,118.3914566,65000
4221.677584,VIKING GP.,Heather Fm.,8.445831299,1.303290963,1.289534807,2.448157072,121.8716812,65000
4221.829584,VIKING GP.,Heather Fm.,8.438505173,1.084423542,1.075692534,2.452294588,115.674469,65000
4221.981584,VIKING GP.,Heather Fm.,8.445277214,0.870567381,0.864486694,2.422556162,110.1956024,65000
4222.133584,VIKING GP.,Heather Fm.,8.442406654,0.770042718,0.76442939,2.406327725,113.6433029,65000
4222.285584,VIKING GP.,Heather Fm.,8.438443184,0.810388506,0.805174291,2.395288706,119.2548599,65000
4222.437584,VIKING GP.,Heather Fm.,8.465334892,0.890699089,0.883863509,2.39576602,121.8296433,65000
4222.589584,VIKING GP.,Heather Fm.,8.481805801,1.012339592,1.004095793,2.414228916,116.8445206,65000
4222.741584,VIKING GP.,Heather Fm.,8.497818947,1.173289537,1.161733747,2.441908121,114.4528427,65000
4222.893584,VIKING GP.,Heather Fm.,8.513833046,1.2483145,1.235277057,2.486089468,109.1023102,65000
4223.045584,VIKING GP.,Heather Fm.,8.529846191,1.363294601,1.344380856,2.512974978,102.54216,65000
4223.197584,VIKING GP.,Heather Fm.,8.435538292,1.442821026,1.423241854,2.540832281,94.32261658,65000
4223.349584,VIKING GP.,Heather Fm.,8.417348862,1.463349104,1.451122761,2.546365023,89.92730713,65000
4223.501584,VIKING GP.,Heather Fm.,8.403018951,1.554553747,1.545111537,2.547260284,86.46746063,65000
4223.653584,VIKING GP.,Heather Fm.,8.428637505,1.549650788,1.537151933,2.571573734,80.56295013,65000
4223.805584,VIKING GP.,Heather Fm.,8.419036865,1.53154242,1.519780994,2.651095867,77.71751404,65000
4223.957584,VIKING GP.,Heather Fm.,8.478411675,1.484145641,1.472913861,2.733072043,77.38738251,65000
4224.109584,VIKING GP.,Heather Fm.,8.508747101,1.418230772,1.40684402,2.712519884,81.8045044,65000
4224.261584,VIKING GP.,Heather Fm.,8.499324799,1.377738953,1.367270708,2.62087369,85.66095734,65000
4224.413584,VIKING GP.,Heather Fm.,8.49849987,1.333827853,1.322219491,2.558247805,89.07203674,65000
4224.565584,VIKING GP.,Heather Fm.,8.502936363,1.295113087,1.283228278,2.522480249,89.32125092,65000
4224.717584,VIKING GP.,Heather Fm.,8.491500855,1.15733552,1.148661971,2.522665501,88.10877991,65000
4224.869584,VIKING GP.,Heather Fm.,8.501534462,1.201258659,1.191019535,2.536325693,87.84267426,65000
4225.021584,VIKING GP.,Heather Fm.,8.392054558,1.266001105,1.253949881,2.550617695,86.25234985,65000
4225.173584,VIKING GP.,Heather Fm.,8.382100105,1.278720498,1.265788436,2.555460215,86.80821991,65000
4225.325584,VIKING GP.,Heather Fm.,8.367495537,1.26689446,1.255902648,2.558447123,87.04606628,65000
4225.477584,VIKING GP.,Heather Fm.,8.38066864,1.320879579,1.309715271,2.563344002,91.9092865,65000
4225.629584,VIKING GP.,Heather Fm.,8.374833107,1.391878963,1.381314874,2.553990364,95.44872284,65000
4225.781584,VIKING GP.,Heather Fm.,8.370475769,1.42694974,1.416721463,2.557258368,93.88857269,65000
4225.933584,VIKING GP.,Heather Fm.,8.391812325,1.462062001,1.450330377,2.570042133,87.361763,65000
4226.085584,VIKING GP.,Heather Fm.,8.448279381,1.465240598,1.454239011,2.575172901,84.30304718,65000
4226.237584,VIKING GP.,Heather Fm.,8.442123413,1.434285641,1.423385739,2.562517643,84.36894989,65000
4226.389584,VIKING GP.,Heather Fm.,8.434980393,1.447146058,1.436692953,2.541515112,86.28200531,65000
4226.541584,VIKING GP.,Heather Fm.,8.444998741,1.42476058,1.413112402,2.527253151,83.10048676,65000
4226.693584,VIKING GP.,Heather Fm.,8.421399117,1.436117649,1.423784137,2.513883352,82.35932159,65000
4226.845584,VIKING GP.,Heather Fm.,8.418299675,1.393193245,1.380881906,2.52641511,82.64529419,65000
4226.997584,VIKING GP.,Heather Fm.,8.467935562,1.364318609,1.352372646,2.556336165,83.36694336,65000
4227.149584,VIKING GP.,Heather Fm.,8.481525421,1.355054021,1.343066096,2.558064699,77.43943787,65000
4227.301584,VIKING GP.,Heather Fm.,8.433209419,1.50347662,1.489108443,2.505965233,78.76850128,65000
4227.453584,VIKING GP.,Heather Fm.,8.42979908,1.719744921,1.703295231,2.466856957,85.07662964,65000
4227.605584,VIKING GP.,Heather Fm.,8.468779564,1.681385994,1.665471315,2.463434219,95.20279694,65000
4227.757584,VIKING GP.,Heather Fm.,8.474399567,1.681882501,1.663732648,2.467342377,94.24652863,65000
4227.909584,VIKING GP.,Heather Fm.,8.519711494,1.593123794,1.576273203,2.475104809,95.52674866,65000
4228.061584,VIKING GP.,Heather Fm.,8.471016884,1.45619905,1.441244006,2.492563248,98.24871826,65000
4228.213584,VIKING GP.,Heather Fm.,8.45549202,1.35221529,1.338983178,2.488019228,105.0288086,65000
4228.365584,VIKING GP.,Heather Fm.,8.485492706,1.301420808,1.288248539,2.485435724,101.9341965,65000
4228.517584,VIKING GP.,Heather Fm.,8.487074852,1.238372445,1.227141857,2.479634285,94.12501526,65000
4228.669584,VIKING GP.,Heather Fm.,8.459100723,1.36212492,1.346018314,2.482370377,88.2798233,65000
4228.821584,VIKING GP.,Heather Fm.,8.39285183,1.509544611,1.493140578,2.482148886,90.41015625,65000
4228.973584,VIKING GP.,Heather Fm.,8.405958176,1.368114471,1.351814508,2.488028288,94.12229157,65000
4229.125584,VIKING GP.,Heather Fm.,8.413586617,1.32047081,1.303239346,2.494350195,102.6855469,65000
4229.277584,VIKING GP.,Heather Fm.,8.383712769,1.339902282,1.319293141,2.500198364,104.9215546,65000
4229.429584,VIKING GP.,Heather Fm.,8.382143021,1.365409493,1.346904755,2.504553318,107.9524307,65000
4229.581584,VIKING GP.,Heather Fm.,8.399111748,1.468773723,1.450857759,2.513767958,109.0903854,65000
4229.733584,VIKING GP.,Heather Fm.,8.408902168,1.594179034,1.574854851,2.526877165,111.7710037,65030
4229.885584,VIKING GP.,Heather Fm.,8.410200119,1.724900365,1.706133246,2.541842222,112.583992,65030
4230.037584,VIKING GP.,Heather Fm.,8.430204392,1.866359711,1.848008752,2.544980764,107.8638001,65030
4230.189584,VIKING GP.,Heather Fm.,8.467494011,2.016871452,1.998737097,2.542947769,105.1561356,65030
4230.341584,VIKING GP.,Heather Fm.,8.477702141,2.125074863,2.108873606,2.552571297,101.8219757,65030
4230.493584,VIKING GP.,Heather Fm.,8.514788628,2.099754572,2.08601284,2.575034857,103.6220322,65030
4230.645584,VIKING GP.,Heather Fm.,8.504155159,2.041174889,2.030502081,2.594917059,102.5416794,65030
4230.797584,VIKING GP.,Heather Fm.,8.481739044,2.009685516,2.004825354,2.585445643,107.8069687,65030
4230.949584,VIKING GP.,Heather Fm.,8.459322929,1.973256469,1.972495794,2.574189901,102.0817719,65030
4231.101584,VIKING GP.,Heather Fm.,8.451304436,1.918862343,1.919736385,2.581471682,103.6157913,65030
4231.253584,VIKING GP.,Heather Fm.,8.440613747,1.975918651,1.979364276,2.58578372,103.2489243,65030
4231.405584,VIKING GP.,Heather Fm.,8.428621292,2.086283207,2.089234591,2.575008631,107.2639465,65030
4231.557584,VIKING GP.,Heather Fm.,8.429516792,2.202919245,2.206745148,2.566509247,105.8591538,65030
4231.709584,VIKING GP.,Heather Fm.,8.43671608,2.258441925,2.260376453,2.574563742,97.57946777,65030
4231.861584,VIKING GP.,Heather Fm.,8.428703308,2.27433753,2.273178339,2.592095375,93.55893707,65030
4232.013584,VIKING GP.,Heather Fm.,8.410270691,2.245835543,2.241004944,2.590397358,92.42227936,65030
4232.165584,VIKING GP.,Heather Fm.,8.393475533,2.211379767,2.203712225,2.590113401,96.87466431,65030
4232.317584,VIKING GP.,Heather Fm.,8.390199661,2.19839406,2.185356617,2.585483313,99.57433319,65030
4232.469584,VIKING GP.,Heather Fm.,8.399658203,2.191361427,2.179583788,2.584515333,99.63947296,65030
4232.621584,VIKING GP.,Heather Fm.,8.375736237,2.14019227,2.127678871,2.57753253,97.92159271,65030
4232.773584,VIKING GP.,Heather Fm.,8.382281303,2.080558777,2.066875696,2.573955536,97.92155457,65030
4232.925584,VIKING GP.,Heather Fm.,8.382977486,2.044845581,2.0295403,2.575373888,96.88088989,65030
4233.077584,VIKING GP.,Heather Fm.,8.378986359,2.024153471,2.00806427,2.570684195,96.96823883,65030
4233.229584,VIKING GP.,Heather Fm.,8.378100395,2.010785103,1.990238071,2.566405535,97.24375153,65030
4233.381584,VIKING GP.,Heather Fm.,8.368812561,1.994632602,1.970975041,2.564748764,98.91411591,65030
4233.533584,VIKING GP.,Heather Fm.,8.381534576,1.970480561,1.944042563,2.575998783,101.8241119,65030
4233.685584,VIKING GP.,Heather Fm.,8.379963875,1.947548866,1.918838143,2.584385634,103.4069367,65030
4233.837584,VIKING GP.,Heather Fm.,8.381166458,1.950677872,1.918182135,2.588505983,103.2225876,65030
4233.989584,VIKING GP.,Heather Fm.,8.385159493,1.9619205,1.926814199,2.581344366,101.6975021,65030
4234.141584,VIKING GP.,Heather Fm.,8.386099815,1.944235683,1.908101797,2.565781593,100.4801559,65030
4234.293584,VIKING GP.,Heather Fm.,8.380016327,1.90261507,1.865326524,2.555312157,99.44599152,65030
4234.445584,VIKING GP.,Heather Fm.,8.385455132,1.834635377,1.799461603,2.556635857,101.7749558,65030
4234.597584,VIKING GP.,Heather Fm.,8.404679298,1.838126063,1.802068353,2.568173885,104.1688232,65030
4234.749584,VIKING GP.,Heather Fm.,8.419281006,1.859609127,1.82188344,2.580005169,104.9578247,65030
4234.901584,VIKING GP.,Heather Fm.,8.413247109,1.894253969,1.854133725,2.620734692,104.7868729,65030
4235.053584,VIKING GP.,Heather Fm.,8.425193787,1.93175149,1.889086485,2.746513605,99.44791412,65030
4235.205584,VIKING GP.,Heather Fm.,8.385528565,1.947421551,1.903228998,2.876550198,96.38195801,65030
4235.357584,VIKING GP.,Heather Fm.,8.387969017,1.928023815,1.883820415,2.800886154,92.83751679,65030
4235.509584,VIKING GP.,Heather Fm.,8.385255814,1.893297672,1.849715114,2.65794301,97.23851776,65030
4235.661584,VIKING GP.,Heather Fm.,8.402808189,1.865055442,1.822171331,2.591738224,98.34311676,65030
4235.813584,VIKING GP.,Heather Fm.,8.410200119,1.831450105,1.790214777,2.577591896,98.33386993,65030
4235.965584,VIKING GP.,Heather Fm.,8.416106224,1.785284877,1.746043325,2.570512056,95.94953156,65030
4236.117584,VIKING GP.,Heather Fm.,8.424115181,1.755079866,1.717034102,2.571089745,94.19799042,65030
4236.269584,VIKING GP.,Heather Fm.,8.414632797,1.749089837,1.712449431,2.570578098,93.7314148,65030
4236.421584,VIKING GP.,Heather Fm.,8.421831131,1.742625713,1.706570268,2.565593004,93.54418182,65030
4236.573584,VIKING GP.,Heather Fm.,8.427740097,1.746293664,1.711013913,2.556698084,97.55711365,65030
4236.725584,VIKING GP.,Heather Fm.,8.429736137,1.772894502,1.735453486,2.553253889,96.82160187,65030
4236.877584,VIKING GP.,Heather Fm.,8.392941475,1.80387044,1.765541911,2.558009625,97.4157486,65030
4237.029584,VIKING GP.,Heather Fm.,8.375246048,1.891019464,1.846227288,2.566206932,96.28905487,65030
4237.181584,VIKING GP.,Heather Fm.,8.394020081,2.009723425,1.957361102,2.569196463,98.83122253,65030
4237.333584,VIKING GP.,Heather Fm.,8.382369041,2.1032269,2.042052031,2.564812899,95.98404694,65030
4237.485584,VIKING GP.,Heather Fm.,8.368472099,2.127862692,2.065621376,2.578938723,93.71809387,65030
4237.637584,VIKING GP.,Heather Fm.,8.371148109,2.170171738,2.107199192,2.609470606,89.9065094,65030
4237.789584,VIKING GP.,Heather Fm.,8.348628044,2.18712163,2.125548363,2.650842428,89.70965576,65030
4237.941584,VIKING GP.,Heather Fm.,8.338000298,2.178479195,2.11931181,2.667226076,86.97201538,65030
4238.093584,VIKING GP.,Heather Fm.,8.335222244,2.299340963,2.233479977,2.656139374,86.83873749,65030
4238.245584,VIKING GP.,Heather Fm.,8.342306137,2.504508019,2.42640996,2.623982191,87.59414673,65030
4238.397584,VIKING GP.,Heather Fm.,8.359867096,2.369876623,2.2985394,2.58878088,88.58992767,65030
4238.549584,VIKING GP.,Heather Fm.,8.352322578,2.295134068,2.231924295,2.560615063,89.13149262,65030
4238.701584,VIKING GP.,Heather Fm.,8.356948853,2.267266989,2.207135916,2.552636385,91.61971283,65030
4238.853584,VIKING GP.,Heather Fm.,8.372962952,2.219758987,2.16831398,2.550592184,91.58337402,65030
4239.005584,VIKING GP.,Heather Fm.,8.394432068,2.184566259,2.141271114,2.547702313,91.04996491,65030
4239.157584,VIKING GP.,Heather Fm.,8.391324997,2.161223888,2.116984606,2.546935082,91.91792297,65030
4239.309584,VIKING GP.,Heather Fm.,8.405015945,2.128984928,2.08436203,2.553866148,97.59109497,65030
4239.461584,VIKING GP.,Heather Fm.,8.413059235,2.087717772,2.04422164,2.557938099,101.1545868,65030
4239.613584,VIKING GP.,Heather Fm.,8.419053078,2.031742096,1.990280628,2.560372829,102.6827087,65030
4239.765584,VIKING GP.,Heather Fm.,8.411206245,2.017111301,1.975780606,2.561599255,99.77497101,65030
4239.917584,VIKING GP.,Heather Fm.,8.400709152,2.04432416,2.000442982,2.560047627,97.77274323,65030
4240.069584,VIKING GP.,Heather Fm.,8.395565033,2.081466436,2.035873413,2.559068203,95.88340759,65030
4240.221584,VIKING GP.,Heather Fm.,8.402077675,2.098895073,2.052273035,2.55978775,95.35063934,65030
4240.373584,VIKING GP.,Heather Fm.,8.39573288,2.066956043,2.022442102,2.561573744,95.91825104,65030
4240.525584,VIKING GP.,Heather Fm.,8.398022652,2.011119604,1.967854261,2.566863298,96.62420654,65030
4240.677584,VIKING GP.,Heather Fm.,8.408046722,1.982294679,1.937500477,2.573457718,94.06990814,65030
4240.829584,VIKING GP.,Heather Fm.,8.41119957,1.958307505,1.91303122,2.574599266,93.65077972,65030
4240.981584,VIKING GP.,Heather Fm.,8.38210392,1.906898022,1.862959147,2.572774172,95.36198425,65030
4241.133584,VIKING GP.,Heather Fm.,8.364177704,1.857356906,1.812646985,2.56479454,97.17215729,65030
4241.285584,VIKING GP.,Heather Fm.,8.363100052,1.843984842,1.799504638,2.557066679,95.19237518,65030
4241.437584,VIKING GP.,Heather Fm.,8.363100052,1.813622713,1.771120071,2.546869993,91.51542664,65030
4241.589584,VIKING GP.,Heather Fm.,8.370695114,1.76034677,1.719912648,2.544921637,89.97246552,65030
4241.741584,VIKING GP.,Heather Fm.,8.393893242,1.731070876,1.691496968,2.556842804,90.40539551,65030
4241.893584,VIKING GP.,Heather Fm.,8.391829491,1.72935617,1.689919114,2.574336767,92.78595734,65030
4242.045584,VIKING GP.,Heather Fm.,8.38409996,1.767027497,1.72581172,2.576842308,97.49221802,65030
4242.197584,VIKING GP.,Heather Fm.,8.376613617,1.809075356,1.764654279,2.572241306,101.4656067,65030
4242.349584,VIKING GP.,Heather Fm.,8.385216713,1.852432847,1.805054426,2.561178446,98.47206879,65030
4242.501584,VIKING GP.,Heather Fm.,8.404313088,1.886449695,1.837555766,2.549890518,93.38470459,65030
4242.653584,VIKING GP.,Heather Fm.,8.418627739,1.91388762,1.863950849,2.545740604,92.83622742,65030
4242.805584,VIKING GP.,Heather Fm.,8.426786423,1.913395047,1.866420269,2.549359322,95.23517609,65030
4242.957584,VIKING GP.,Heather Fm.,8.375982285,1.893224478,1.850008965,2.559495688,97.84230804,65030
4243.109584,VIKING GP.,Heather Fm.,8.34017849,1.879635692,1.838649988,2.559746504,100.4172592,65030
4243.261584,VIKING GP.,Heather Fm.,8.340814591,1.909610629,1.869834065,2.56708312,101.2666702,65030
4243.413584,VIKING GP.,Heather Fm.,8.358330727,1.983687758,1.944127441,2.587841272,101.4663391,65030
4243.565584,VIKING GP.,Heather Fm.,8.365497589,2.087203026,2.047723055,2.612649679,98.62213898,65030
4243.717584,VIKING GP.,Heather Fm.,8.377408981,2.285649777,2.241301537,2.612924099,95.19365692,65030
4243.869584,VIKING GP.,Heather Fm.,8.383543968,2.33206439,2.2872684,2.58915019,94.60449982,65030
4244.021584,VIKING GP.,Heather Fm.,8.370472908,2.280188322,2.239749908,2.571478128,95.00075531,65030
4244.173584,VIKING GP.,Heather Fm.,8.364041328,2.212897539,2.175273657,2.562300921,95.25956726,65030
4244.325584,VIKING GP.,Heather Fm.,8.369035721,2.126066446,2.090965509,2.557979822,98.15908814,65030
4244.477584,VIKING GP.,Heather Fm.,8.379103661,2.075565815,2.042132616,2.55541563,96.8125,65030
4244.629584,VIKING GP.,Heather Fm.,8.343869209,2.030608177,2.000880241,2.553999901,95.83866882,65030
4244.781584,VIKING GP.,Heather Fm.,8.342813492,1.989663124,1.96311605,2.551567555,94.96801758,65030
4244.933584,VIKING GP.,Heather Fm.,8.364830971,1.954779267,1.928721666,2.547665596,95.02739716,65030
4245.085584,VIKING GP.,Heather Fm.,8.371254921,1.921803236,1.897192597,2.560018301,92.64682007,65030
4245.237584,VIKING GP.,Heather Fm.,8.385401726,1.95279634,1.929068685,2.597320557,89.65476227,65030
4245.389584,VIKING GP.,Heather Fm.,8.407428742,2.000822544,1.975391865,2.621554852,86.5216217,65030
4245.541584,VIKING GP.,Heather Fm.,8.414290428,2.00998497,1.984683633,2.598018885,82.78079987,65030
4245.693584,VIKING GP.,Heather Fm.,8.41288662,2.072422981,2.044579983,2.55285573,83.57309723,65030
4245.845584,VIKING GP.,Heather Fm.,8.414199829,2.052553415,2.022345543,2.533039808,88.02413178,65030
4245.997584,VIKING GP.,Heather Fm.,8.425971031,1.981856823,1.951064229,2.534775496,95.76925659,65030
4246.149584,VIKING GP.,Heather Fm.,8.434744835,1.828287721,1.80023241,2.534388781,100.2237549,65030
4246.301584,VIKING GP.,Heather Fm.,8.433748245,1.610810161,1.585730791,2.533968687,99.36626434,65000
4246.453584,VIKING GP.,Heather Fm.,8.432751656,1.534137487,1.510771513,2.53045249,97.76268768,65000
4246.605584,VIKING GP.,Heather Fm.,8.422423363,1.529368997,1.509560704,2.522771597,97.9136734,65000
4246.757584,VIKING GP.,Heather Fm.,8.41094017,1.512753487,1.492680073,2.524009943,100.5732803,65000
4246.909584,VIKING GP.,Heather Fm.,8.395158768,1.51306057,1.490240693,2.534618139,100.4885407,65000
4247.061584,VIKING GP.,Heather Fm.,8.389003754,1.520678759,1.496216536,2.545842409,97.47422028,65000
4247.213584,VIKING GP.,Heather Fm.,8.393199921,1.512067914,1.486492276,2.550124407,95.03079224,65000
4247.365584,VIKING GP.,Heather Fm.,8.394803047,1.513967872,1.487319827,2.546754122,96.39487457,65000
4247.517584,VIKING GP.,Heather Fm.,8.39620018,1.492466211,1.465857983,2.543567896,99.73616791,65000
4247.669584,VIKING GP.,Heather Fm.,8.383471489,1.452271819,1.426166177,2.540248156,98.17777252,65000
4247.821584,VIKING GP.,Heather Fm.,8.335970879,1.411482573,1.386174083,2.536546469,96.29043579,65000
4247.973584,VIKING GP.,Heather Fm.,8.299910545,1.399367094,1.374919176,2.539572477,92.82199097,65000
4248.125584,VIKING GP.,Heather Fm.,8.298459053,1.424396873,1.399009109,2.547614813,90.08428192,65000
4248.277584,VIKING GP.,Heather Fm.,8.298347473,1.427487731,1.402895808,2.549270868,92.64224243,65000
4248.429584,VIKING GP.,Heather Fm.,8.295302391,1.40638566,1.385240912,2.546687603,96.80247498,65000
4248.581584,VIKING GP.,Heather Fm.,8.298469544,1.391658187,1.37169373,2.547941923,99.58770752,65000
4248.733584,VIKING GP.,Heather Fm.,8.298252106,1.386626244,1.366381764,2.54602623,101.2084351,65000
4248.885584,VIKING GP.,Heather Fm.,8.299953461,1.412390709,1.391577005,2.538173676,102.980629,65000
4249.037584,VIKING GP.,Heather Fm.,8.300499916,1.469419599,1.447062492,2.533951283,101.8235397,65000
4249.189584,VIKING GP.,Heather Fm.,8.299057007,1.486981392,1.463881373,2.540410757,99.73030853,65000
4249.341584,VIKING GP.,Heather Fm.,8.296867371,1.476798296,1.453399062,2.548844099,99.612854,65000
4249.493584,VIKING GP.,Heather Fm.,8.305740356,1.47581172,1.452111721,2.554126978,102.4396515,65000
4249.645584,VIKING GP.,Heather Fm.,8.343233109,1.471630693,1.447980166,2.559523344,105.8841476,65000
4249.797584,VIKING GP.,Heather Fm.,8.363148689,1.471409917,1.447809935,2.55938983,104.3452606,65000
4249.949584,VIKING GP.,Heather Fm.,8.370381355,1.469983339,1.446432352,2.54940939,101.5481033,65000
4250.101584,VIKING GP.,Heather Fm.,8.386996269,1.476913452,1.453121066,2.539260864,101.9982834,65000
4250.253584,VIKING GP.,Heather Fm.,8.391749382,1.5046978,1.479243994,2.538298845,104.8089294,65000
4250.405584,VIKING GP.,Heather Fm.,8.384396553,1.543246508,1.515770912,2.538796902,105.4302597,65000
4250.557584,VIKING GP.,Heather Fm.,8.36950779,1.572553277,1.543641806,2.528816938,100.2453308,65000
4250.709584,VIKING GP.,Heather Fm.,8.388700485,1.584720969,1.554113388,2.51601696,96.84068298,65000
4250.861584,VIKING GP.,Heather Fm.,8.408904076,1.583460212,1.55092001,2.519072533,98.06188202,65000
4251.013584,VIKING GP.,Heather Fm.,8.390505791,1.56825304,1.533894301,2.529129505,98.39250946,65000
4251.165584,VIKING GP.,Heather Fm.,8.377075195,1.557617903,1.52176857,2.528781176,101.0543747,65000
4251.317584,VIKING GP.,Heather Fm.,8.37189579,1.545012593,1.508219361,2.524806738,106.4520416,65000
4251.469584,VIKING GP.,Heather Fm.,8.352790833,1.504069805,1.465129018,2.529059887,109.3568192,65000
4251.621584,VIKING GP.,Heather Fm.,8.32221508,1.452861071,1.41745019,2.53317976,108.0991211,65000
4251.773584,VIKING GP.,Heather Fm.,8.314455986,1.434057832,1.406926155,2.556090355,99.20652771,65000
4251.925584,VIKING GP.,Heather Fm.,8.306453705,1.46551609,1.441150785,2.665346384,81.62899017,65000
4252.077584,VIKING GP.,Heather Fm.,8.286307335,1.586083889,1.566786885,2.900944233,59.30720139,70000
4252.229584,VIKING GP.,Heather Fm.,8.272496223,1.884329081,1.856364012,3.111660957,45.58135605,70000
4252.381584,VIKING GP.,Heather Fm.,8.275799751,1.963130474,1.927122355,3.09239316,54.47441101,70000
4252.533584,VIKING GP.,Heather Fm.,8.274465561,1.628033519,1.605236173,2.907898665,77.05049896,70000
4252.685584,VIKING GP.,Heather Fm.,8.302097321,1.473140478,1.453101277,2.736496449,93.60147858,70000
4252.837584,VIKING GP.,Heather Fm.,8.349611282,1.472207546,1.45056355,2.628278494,99.32263184,70000
4252.989584,VIKING GP.,Heather Fm.,8.362663269,1.445905447,1.423768878,2.564753294,97.8135376,65000
4253.141584,VIKING GP.,Heather Fm.,8.361234665,1.444289804,1.422238708,2.559388161,95.80416107,65000
4253.293584,VIKING GP.,Heather Fm.,8.38079834,1.425771117,1.406464577,2.577892065,92.62486267,65000
4253.445584,VIKING GP.,Heather Fm.,8.414664269,1.427122474,1.408824325,2.598480225,90.94029999,65000
4253.597584,VIKING GP.,Heather Fm.,8.454043388,1.487122059,1.467077494,2.597957373,93.88014984,65000
4253.749584,VIKING GP.,Heather Fm.,8.496769905,1.543789864,1.520955563,2.579893589,98.46367645,65000
4253.901584,VIKING GP.,Heather Fm.,8.497236252,1.582194448,1.555094481,2.558484316,104.6461411,65000
4254.053584,VIKING GP.,Heather Fm.,8.485568047,1.566163182,1.537596464,2.539730549,107.3811493,65000
4254.205584,VIKING GP.,Heather Fm.,8.697972298,1.553458333,1.522484422,2.532727957,106.5787354,65000
4254.357584,VIKING GP.,Heather Fm.,9.024879456,1.569284201,1.536838174,2.547557354,103.4051132,65000
4254.509584,VIKING GP.,Heather Fm.,9.053294182,1.57707262,1.543640733,2.569149733,98.82654572,65000
4254.661584,VIKING GP.,Heather Fm.,8.865794182,1.577815056,1.545077801,2.570403099,96.92573547,65000
4254.813584,VIKING GP.,Heather Fm.,8.490532875,1.571634531,1.539539099,2.565277815,96.10953522,65000
4254.965584,VIKING GP.,Heather Fm.,8.375637054,1.567696571,1.536277056,2.567720652,98.77520752,65000
4255.117584,VIKING GP.,Heather Fm.,8.373281479,1.567600012,1.536580205,2.562739372,100.2907944,65000
4255.269584,VIKING GP.,Heather Fm.,8.403392792,1.577909231,1.547189951,2.547561407,100.3521271,65000
4255.421584,VIKING GP.,Heather Fm.,8.404013634,1.608628511,1.577174783,2.535706759,101.4746094,65000
4255.573584,VIKING GP.,Heather Fm.,8.423446655,1.643555522,1.611177206,2.532408714,98.73782349,65000
4255.725584,VIKING GP.,Heather Fm.,8.515929222,1.667993307,1.635725975,2.52431798,98.89665985,65000
4255.877584,VIKING GP.,Heather Fm.,8.602642059,1.692843556,1.661367774,2.502093792,100.1930618,65000
4256.029584,VIKING GP.,Heather Fm.,8.583859444,1.71687901,1.684929133,2.484024286,101.6719818,65000
4256.181584,VIKING GP.,Heather Fm.,8.565076828,1.747426868,1.714122176,2.514928579,99.3401413,65000
4256.333584,VIKING GP.,Heather Fm.,8.546294212,1.782430172,1.752505899,2.559054375,95.05223846,65000
4256.485584,VIKING GP.,Heather Fm.,8.572403908,1.810652852,1.784726858,2.572886467,91.23051453,65000
4256.637584,VIKING GP.,Heather Fm.,8.676886559,1.835698366,1.810109377,2.562384605,90.45864868,65000
4256.789584,VIKING GP.,Heather Fm.,8.788547516,1.865965843,1.842123866,2.550688982,92.64385986,65000
4256.941584,VIKING GP.,Heather Fm.,8.900208473,1.867453218,1.844663858,2.547864199,94.31124878,65000
4257.093584,VIKING GP.,Heather Fm.,8.76931572,1.852670789,1.830398679,2.555150032,96.73789978,65000
4257.245584,VIKING GP.,Heather Fm.,8.410683632,1.842366815,1.820884109,2.561555147,98.33149719,65000
4257.397584,VIKING GP.,Heather Fm.,8.39812088,1.806315422,1.785107493,2.562769413,101.1534271,65000
4257.549584,VIKING GP.,Heather Fm.,8.404816628,1.78082633,1.759569287,2.55701232,103.442894,65000
4257.701584,VIKING GP.,Heather Fm.,8.422430992,1.754088163,1.73312366,2.548080206,104.5150528,65000
4257.853584,VIKING GP.,Heather Fm.,8.439043999,1.765160799,1.743766546,2.537488222,106.3960037,65000
4258.005584,VIKING GP.,Heather Fm.,8.483515739,1.794601202,1.771634698,2.538853884,108.1664734,65000
4258.157584,VIKING GP.,Heather Fm.,8.490188599,1.828741789,1.803881645,2.544774771,111.5540009,65000
4258.309584,VIKING GP.,Heather Fm.,8.430329323,1.859650493,1.833138824,2.55202961,112.1365509,65000
4258.461584,VIKING GP.,Heather Fm.,8.431277275,1.874078274,1.84623301,2.555550098,109.4688187,65000
4258.613584,VIKING GP.,Heather Fm.,8.432347298,1.885110736,1.855364442,2.553152084,106.8839951,65000
4258.765584,VIKING GP.,Heather Fm.,8.438300133,1.923866987,1.892130733,2.547466517,106.1508026,65000
4258.917584,VIKING GP.,Heather Fm.,8.442341805,1.926808476,1.894608855,2.538096428,107.4157333,65000
4259.069584,VIKING GP.,Heather Fm.,8.487324715,1.886708379,1.854145289,2.528295994,108.3041458,65000
4259.221584,VIKING GP.,Heather Fm.,8.63807869,1.858063221,1.824325681,2.511055231,112.6865845,65000
4259.373584,VIKING GP.,Heather Fm.,8.848640442,1.857431531,1.824791551,2.501236439,113.3293228,65000
4259.525584,VIKING GP.,Heather Fm.,8.961028099,1.840211272,1.807630897,2.501191616,110.3319473,65000
4259.677584,VIKING GP.,Heather Fm.,8.917653084,1.824662685,1.790023685,2.506177664,105.5303116,65000
4259.829584,VIKING GP.,Heather Fm.,8.805709839,1.804451823,1.769118071,2.5168643,103.5840988,65000
4259.981584,VIKING GP.,Heather Fm.,8.776130676,1.825684309,1.791217327,2.520020485,101.4622879,65000
4260.133584,VIKING GP.,Heather Fm.,8.787195206,1.886290669,1.849996328,2.518185616,99.14772034,65000
4260.285584,VIKING GP.,Heather Fm.,8.698474884,1.966271281,1.927615404,2.515645981,98.71391296,65000
4260.437584,VIKING GP.,Heather Fm.,8.68652916,2.062057018,2.020194054,2.524043322,98.93486023,65030
4260.589584,VIKING GP.,Heather Fm.,8.6976614,2.117275715,2.07231307,2.527384996,97.59348297,65030
4260.741584,VIKING GP.,Heather Fm.,8.701509476,2.169030666,2.121491194,2.517154932,96.18296051,65030
4260.893584,VIKING GP.,Heather Fm.,8.746488571,2.115950584,2.069325924,2.50767374,100.1609726,65030
4261.045584,VIKING GP.,Heather Fm.,8.760705948,2.096880436,2.053678989,2.506969929,102.5148544,65030
4261.197584,VIKING GP.,Heather Fm.,8.751656532,2.070236445,2.032070398,2.508476973,102.3593903,65030
4261.349584,VIKING GP.,Heather Fm.,8.774742127,2.043113232,2.008408785,2.508137226,99.81719208,65030
4261.501584,VIKING GP.,Heather Fm.,8.819689751,2.042797327,2.00947094,2.510906696,99.42273712,65030
4261.653584,VIKING GP.,Heather Fm.,8.759494782,2.050440788,2.017885208,2.517510653,102.5931397,65030
4261.805584,VIKING GP.,Heather Fm.,8.774108887,2.083752632,2.050401211,2.526831389,101.3734589,65030
4261.957584,VIKING GP.,Heather Fm.,8.7800951,2.180214882,2.14209342,2.537516356,105.6528931,65030
4262.109584,VIKING GP.,Heather Fm.,8.789455414,2.186238289,2.146510363,2.543818951,107.1193848,65030
4262.261584,VIKING GP.,Heather Fm.,8.799202919,2.111961842,2.072986126,2.542976618,107.8072815,65030
4262.413584,VIKING GP.,Heather Fm.,8.751041412,2.033238173,1.996792316,2.536673784,101.1988525,65030
4262.565584,VIKING GP.,Heather Fm.,8.648213387,2.000099897,1.964383602,2.532481194,94.82860565,65030
4262.717584,VIKING GP.,Heather Fm.,8.65580368,2.011904955,1.974961758,2.533349752,93.00452423,65030
4262.869584,VIKING GP.,Heather Fm.,8.657999992,2.034023762,1.995084643,2.543802023,96.42745209,65030
4263.021584,VIKING GP.,Heather Fm.,8.658790588,2.053623915,2.013918638,2.547768831,104.075531,65030
4263.173584,VIKING GP.,Heather Fm.,8.659092903,2.084585428,2.043958664,2.546945334,109.3108139,65030
4263.325584,VIKING GP.,Heather Fm.,8.68055439,2.113512754,2.070801973,2.53988719,109.5115356,65030
4263.477584,VIKING GP.,Heather Fm.,8.77280426,2.106957674,2.062845945,2.532652855,103.951889,65030
4263.629584,VIKING GP.,Heather Fm.,8.813806534,2.132578135,2.086827517,2.526499033,101.8461227,65030
4263.781584,VIKING GP.,Heather Fm.,8.801753044,2.182092667,2.132307291,2.527219534,102.7723541,65030
4263.933584,VIKING GP.,Heather Fm.,8.806186676,2.300632,2.238255501,2.536899567,100.0624619,65030
4264.085584,VIKING GP.,Heather Fm.,8.797164917,2.388412237,2.317849636,2.556989193,98.47827911,65030
4264.237584,VIKING GP.,Heather Fm.,8.695251465,2.412266016,2.336605549,2.564185858,98.18017578,65030
4264.389584,VIKING GP.,Heather Fm.,8.658121109,2.163722992,2.103742361,2.555588722,103.1571732,65030
4264.541584,VIKING GP.,Heather Fm.,8.691216469,2.001926661,1.955411196,2.534218073,105.6316681,65030
4264.693584,VIKING GP.,Heather Fm.,8.825178146,2.268953085,2.213822365,2.518045902,109.7411728,65030
4264.845584,VIKING GP.,Heather Fm.,8.819150925,2.473791361,2.412576199,2.522535801,108.9133377,65030
4264.997584,VIKING GP.,Heather Fm.,8.793251991,2.538111448,2.476852894,2.528350353,106.2427292,65030
4265.149584,VIKING GP.,Heather Fm.,8.723928452,2.589333296,2.529436112,2.510240555,102.9359894,65030
4265.301584,VIKING GP.,Heather Fm.,8.744036675,2.66685319,2.60774231,2.498833895,101.5042954,65030
4265.453584,VIKING GP.,Heather Fm.,8.794701576,2.765112639,2.704743862,2.506326675,99.87454987,65030
4265.605584,VIKING GP.,Heather Fm.,8.877818108,2.875324726,2.809905767,2.534008741,102.3024139,65030
4265.757584,VIKING GP.,Heather Fm.,8.990338326,2.878076553,2.816173077,2.538707256,103.3863297,65030
4265.909584,VIKING GP.,Heather Fm.,8.898263931,2.847460508,2.79353857,2.523369312,102.2651596,65030
4266.061584,VIKING GP.,Heather Fm.,8.792047501,2.746834278,2.697573662,2.543967724,99.94154358,65030
4266.213584,VIKING GP.,Heather Fm.,8.81438446,2.68553257,2.633370638,2.547564507,100.4179306,65030
4266.365584,VIKING GP.,Heather Fm.,8.802793503,2.588722706,2.536996603,2.5412395,107.6555481,65030
4266.517584,VIKING GP.,Heather Fm.,8.853729248,2.577394962,2.529345274,2.53539753,109.8677063,65030
4266.669584,VIKING GP.,Heather Fm.,8.845270157,2.568230629,2.525289297,2.544297457,112.8529282,65030
4266.821584,VIKING GP.,Heather Fm.,8.758049011,2.550596714,2.510825396,2.553336382,111.2548752,65030
4266.973584,VIKING GP.,Heather Fm.,8.739813805,2.589297772,2.546895266,2.559004307,118.6653442,65030
4267.125584,VIKING GP.,Heather Fm.,8.761728287,2.599287987,2.556303978,2.549747706,115.0906067,65030
4267.277584,VIKING GP.,Heather Fm.,8.806700707,2.738343,2.691319227,2.542381287,111.3670654,65030
4267.429584,VIKING GP.,Heather Fm.,8.849303246,2.661407471,2.615252018,2.541727305,99.53522492,65030
4267.581584,VIKING GP.,Heather Fm.,8.824671745,2.530844688,2.488050938,2.529759169,97.40161896,65030
4267.733584,VIKING GP.,Heather Fm.,9.004825592,2.332348824,2.294627428,2.521067381,93.82213593,65000
4267.885584,VIKING GP.,Heather Fm.,8.858656883,2.20653677,2.171668768,2.531174421,91.7117691,65000
4268.037584,VIKING GP.,Heather Fm.,8.712487221,2.084827185,2.051784754,2.562894821,87.81513977,65000
4268.189584,VIKING GP.,Heather Fm.,8.599765778,1.982727408,1.953297019,2.577012777,91.57543182,65000
4268.341584,VIKING GP.,Heather Fm.,8.66074276,1.867255926,1.837177396,2.574402332,93.894104,65000
4268.493584,VIKING GP.,Heather Fm.,8.736193657,1.797311783,1.761749387,2.592756987,102.5470657,65000
4268.645584,VIKING GP.,Heather Fm.,8.560199738,1.85049808,1.811148167,2.595201016,110.2973557,65030
4268.797584,VIKING GP.,Heather Fm.,8.571597099,1.902333736,1.862151623,2.567204714,117.1049728,65030
4268.949584,VIKING GP.,Heather Fm.,8.600920677,1.936551571,1.893016696,2.540360212,113.7642212,65030
4269.101584,VIKING GP.,Heather Fm.,8.651373863,2.017253161,1.970758557,2.523790598,103.5500259,65030
4269.253584,VIKING GP.,Heather Fm.,8.645910263,2.125810385,2.072879314,2.537355185,98.20563507,65030
4269.405584,VIKING GP.,Heather Fm.,8.531064987,2.155590773,2.102460146,2.552337408,96.56468964,65030
4269.557584,VIKING GP.,Heather Fm.,8.441592217,2.072427988,2.019128084,2.563477993,100.133728,65030
4269.709584,VIKING GP.,Heather Fm.,8.427188873,2.033262253,1.979650974,2.558451891,102.5832214,65030
4269.861584,VIKING GP.,Heather Fm.,8.431861877,1.990122914,1.93612349,2.554079771,110.2204437,65030
4270.013584,VIKING GP.,Heather Fm.,8.429629326,1.918595314,1.872752309,2.56887722,115.6465683,65030
4270.165584,VIKING GP.,Heather Fm.,8.453738213,1.909985781,1.863941073,2.627946854,118.49366,65030
4270.317584,VIKING GP.,Heather Fm.,8.628624916,1.940642834,1.894766092,2.687748432,116.0698471,65030
4270.469584,VIKING GP.,Heather Fm.,8.832929611,2.010818243,1.963523984,2.735315561,109.5738449,65030
4270.621584,VIKING GP.,Heather Fm.,8.621403694,2.076061726,2.026782751,2.717605352,104.8352051,65030
4270.773584,VIKING GP.,Heather Fm.,8.498887062,2.099367619,2.049515724,2.664923906,99.91654968,65030
4270.925584,VIKING GP.,Heather Fm.,8.516018868,2.089677572,2.039947271,2.607486963,102.9284058,65030
4271.077584,VIKING GP.,Heather Fm.,8.601265907,2.026669502,1.980618477,2.572252035,108.6184158,65030
4271.229584,VIKING GP.,Heather Fm.,8.490056992,1.974001288,1.931393981,2.565291882,113.7160492,65030
4271.381584,VIKING GP.,Heather Fm.,8.428949356,1.950634122,1.911186695,2.551994324,114.7109146,65030
4271.533584,VIKING GP.,Heather Fm.,8.426987648,1.918645501,1.886755586,2.54464078,115.7796402,65030
4271.685584,VIKING GP.,Heather Fm.,8.448545456,1.941552639,1.906596422,2.550479889,115.0874023,65030
4271.837584,VIKING GP.,Heather Fm.,8.564858437,1.920479655,1.88530004,2.585832834,112.7691116,65030
4271.989584,VIKING GP.,Heather Fm.,8.464720726,1.890372634,1.857091308,2.618571281,107.301857,65030
4272.141584,VIKING GP.,Heather Fm.,8.4347229,1.91769886,1.885124087,2.6235044,103.7041626,65030
4272.293584,VIKING GP.,Heather Fm.,8.437990189,1.927403331,1.892441154,2.59384656,103.5071793,65030
4272.445584,VIKING GP.,Heather Fm.,8.448994637,1.933772445,1.898120761,2.562989712,103.0903702,65030
4272.597584,VIKING GP.,Heather Fm.,8.570699692,1.961379886,1.92428124,2.555461884,103.1171875,65030
4272.749584,VIKING GP.,Heather Fm.,8.565546036,1.982193708,1.944221735,2.561001778,110.0957489,65030
4272.901584,VIKING GP.,Heather Fm.,8.510503769,1.999919176,1.96220994,2.564270973,115.0103531,65030
4273.053584,VIKING GP.,Heather Fm.,8.455461502,2.005767345,1.968002915,2.558302403,115.2847977,65030
4273.205584,VIKING GP.,Heather Fm.,8.400763512,2.036756754,1.999391556,2.561200619,108.9823837,65030
4273.357584,VIKING GP.,Heather Fm.,8.354000092,2.081157208,2.04420805,2.558888912,105.9537277,65030
4273.509584,VIKING GP.,Heather Fm.,8.354254723,2.152487278,2.115577698,2.55613184,105.1526947,65030
4273.661584,VIKING GP.,Heather Fm.,8.357099533,2.238229752,2.195645571,2.551459074,101.5156326,65030
4273.813584,VIKING GP.,Heather Fm.,8.356657028,2.216364861,2.174190044,2.558474302,102.0513611,65030
4273.965584,VIKING GP.,Heather Fm.,8.352279663,2.123743296,2.084190607,2.565457821,104.456665,65030
4274.117584,VIKING GP.,Heather Fm.,8.36330986,2.037968874,1.998153329,2.567218304,108.5213699,65030
4274.269584,VIKING GP.,Heather Fm.,8.366100311,1.984950066,1.950365067,2.565449476,106.8256378,65030
4274.421584,VIKING GP.,Heather Fm.,8.365708351,1.956686854,1.923726082,2.575694799,110.0201035,65030
4274.573584,VIKING GP.,Heather Fm.,8.357625008,1.95842588,1.92595017,2.596239328,109.8363724,65030
4274.725584,VIKING GP.,Heather Fm.,8.320716858,2.002312899,1.968481541,2.627114773,104.4321442,65030
4274.877584,VIKING GP.,Heather Fm.,8.31825161,2.235011578,2.197781563,2.636207104,97.22898865,65030
4275.029584,VIKING GP.,Heather Fm.,8.325941086,2.171451569,2.136912108,2.628129959,93.90293884,65030
4275.181584,VIKING GP.,Heather Fm.,8.359770775,2.042030573,2.006884575,2.596779108,103.9157257,65030
4275.333584,VIKING GP.,Heather Fm.,8.354000092,1.990647316,1.956286788,2.566118479,111.3412628,65030
4275.485584,VIKING GP.,Heather Fm.,8.355396271,2.039098501,2.001422167,2.556514502,119.0645676,65030
4275.637584,VIKING GP.,Heather Fm.,8.384899139,2.052432776,2.011185885,2.553212166,117.1544037,65030
4275.789584,VIKING GP.,Heather Fm.,8.39861393,2.074188471,2.034075737,2.564153433,114.3580017,65030
4275.941584,VIKING GP.,Heather Fm.,8.316651344,2.058384895,2.018075943,2.560788155,108.6641464,65030
4276.093584,VIKING GP.,Heather Fm.,8.318240166,2.012221098,1.974162221,2.56046629,112.9791641,65030
4276.245584,VIKING GP.,Heather Fm.,8.326785088,1.954312563,1.91740036,2.559982777,116.0843353,65030
4276.397584,VIKING GP.,Heather Fm.,8.320998192,1.903445244,1.868994594,2.570874453,122.2066956,65030
4276.549584,VIKING GP.,Heather Fm.,8.323900223,1.850289941,1.817323446,2.58179307,119.2411881,65030
4276.701584,VIKING GP.,Heather Fm.,8.323749542,1.802342773,1.770412564,2.578694105,117.6278534,65030
4276.853584,VIKING GP.,Heather Fm.,8.317762375,1.805734754,1.772538662,2.590221405,111.3743439,65030
4277.005584,VIKING GP.,Heather Fm.,8.311900139,1.882995486,1.845561385,2.595705509,104.8068924,65030
4277.157584,VIKING GP.,Heather Fm.,8.312177658,2.033459663,1.989615679,2.609997749,102.2649536,65030
4277.309584,VIKING GP.,Heather Fm.,8.326999664,1.966648817,1.920437574,2.598924398,103.9916382,65030
4277.461584,VIKING GP.,Heather Fm.,8.326999664,1.931692958,1.884783268,2.581824064,107.1563263,65030
4277.613584,VIKING GP.,Heather Fm.,8.327095985,1.838552713,1.790977001,2.562244177,109.7305374,65030
4277.765584,VIKING GP.,Heather Fm.,8.335193634,1.825254917,1.779781222,2.565965414,105.8269424,65030
4277.917584,VIKING GP.,Heather Fm.,8.323986054,1.746527553,1.70382905,2.562352896,107.9369812,65030
4278.069584,VIKING GP.,Heather Fm.,8.335986137,1.778610468,1.736109018,2.569805384,106.0084305,65030
4278.221584,VIKING GP.,Heather Fm.,8.327005386,1.846257567,1.802857995,2.573197842,104.6833344,65030
4278.373584,VIKING GP.,Heather Fm.,8.396000862,1.856669903,1.812771559,2.576689959,101.8460999,65030
4278.525584,VIKING GP.,Heather Fm.,8.327355385,1.904851198,1.858265162,2.578888893,104.6819077,65030
4278.677584,VIKING GP.,Heather Fm.,8.323923111,1.878200412,1.836464167,2.56589675,105.6255798,65030
4278.829584,VIKING GP.,Heather Fm.,8.335884094,1.903650045,1.863633514,2.55936265,103.3786621,65030
4278.981584,VIKING GP.,Heather Fm.,8.303294182,1.89085722,1.853031039,2.545367956,101.4828796,65030
4279.133584,VIKING GP.,Heather Fm.,8.29994297,1.981101036,1.94537127,2.542834044,103.5168533,65030
4279.285584,VIKING GP.,Heather Fm.,8.32048893,2.078875065,2.039645433,2.53946662,102.8026428,65030
4279.437584,VIKING GP.,Heather Fm.,8.323834419,2.134498596,2.095492125,2.547811985,105.1766586,65030
4279.589584,VIKING GP.,Heather Fm.,8.300478935,2.126721859,2.087527037,2.552684069,111.6348648,65030
4279.741584,VIKING GP.,Heather Fm.,8.30574131,2.034883738,2.003180742,2.553189516,115.8553696,65030
4279.893584,VIKING GP.,Heather Fm.,8.300654411,2.008990526,1.978364706,2.551645756,113.9615097,65030
4280.045584,VIKING GP.,Heather Fm.,8.302825928,1.879507661,1.853462458,2.546269894,111.5706711,65030
4280.197584,VIKING GP.,Heather Fm.,8.305800438,1.863797903,1.849790096,2.563503027,111.143219,65030
4280.349584,VIKING GP.,Heather Fm.,8.300112724,2.11949563,2.101169109,2.601428986,101.146843,65030
4280.501584,VIKING GP.,Heather Fm.,8.299900055,2.08684659,2.078547239,2.655150414,81.26036072,65030
4280.653584,VIKING GP.,Heather Fm.,8.314255714,2.539870024,2.507470608,2.655190468,73.05199432,65030
4280.805584,VIKING GP.,Heather Fm.,8.297717094,2.401167393,2.372344971,2.619015932,76.62441254,65030
4280.957584,VIKING GP.,Heather Fm.,8.296899796,2.395409346,2.359095335,2.585206032,94.51663208,65030
4281.109584,VIKING GP.,Heather Fm.,8.299750328,2.180114508,2.144839525,2.57058382,104.9417114,65030
4281.261584,VIKING GP.,Heather Fm.,8.311274529,1.979896426,1.950573087,2.561748743,116.4077301,65030
4281.413584,VIKING GP.,Heather Fm.,8.320409775,1.934986353,1.898800015,2.576807499,121.3150024,65030
4281.565584,VIKING GP.,Heather Fm.,8.312410355,1.856590867,1.83659327,2.631469488,126.0510254,65000
4281.717584,VIKING GP.,Heather Fm.,8.317545891,1.803817391,1.773054123,2.719772339,122.5728073,65000
4281.869584,VIKING GP.,Heather Fm.,8.30945015,1.809061527,1.773055315,2.745659828,120.3651047,65000
4282.021584,VIKING GP.,Heather Fm.,8.351003647,1.854504228,1.818951011,2.688278914,125.7271423,65000
4282.173584,VIKING GP.,Heather Fm.,8.378953934,1.765615106,1.730208159,2.624323845,136.1241455,65000
4282.325584,VIKING GP.,Heather Fm.,8.400676727,1.719138742,1.684110284,2.591013193,135.6182098,65000
4282.477584,VIKING GP.,Heather Fm.,8.391080856,1.699606895,1.662290454,2.599270344,129.209549,65000
4282.629584,VIKING GP.,Heather Fm.,8.395746231,1.698300004,1.659228683,2.621174574,121.7557221,65000
4282.781584,VIKING GP.,Heather Fm.,8.39620018,1.594567657,1.558594823,2.655725479,125.2359314,65000
4282.933584,VIKING GP.,Heather Fm.,8.393440247,1.547535896,1.516159058,2.670181513,125.7223358,65000
4283.085584,VIKING GP.,Heather Fm.,8.390446663,1.768541694,1.724604249,2.662941933,123.4727631,65000
4283.237584,VIKING GP.,Heather Fm.,8.390199661,2.036135435,1.975707531,2.64002943,114.4451294,65000
4283.389584,VIKING GP.,Heather Fm.,8.357263565,2.233587503,2.167775393,2.628619671,106.1780777,65000
4283.541584,VIKING GP.,Heather Fm.,8.31579113,2.549393177,2.46168375,2.62770009,99.4186554,65000
4283.693584,VIKING GP.,Heather Fm.,8.30646801,2.755704165,2.657203674,2.632136107,102.7409058,65030
4283.845584,VIKING GP.,Heather Fm.,8.313124657,2.672866345,2.582045317,2.624291897,107.9617767,65030
4283.997584,VIKING GP.,Heather Fm.,8.314801216,2.575792551,2.487964392,2.621147871,112.9329529,65030
4284.149584,VIKING GP.,Heather Fm.,8.317595482,2.495224476,2.416969538,2.612812996,111.89048,65030
4284.301584,VIKING GP.,Heather Fm.,8.326055527,2.514088869,2.4353652,2.629288197,109.4808731,65030
4284.453584,VIKING GP.,Heather Fm.,8.321546555,2.686441898,2.600836515,2.653650999,99.38435364,65030
4284.605584,VIKING GP.,Heather Fm.,8.307565689,2.925444603,2.832822084,2.681812286,87.16493988,65030
4284.757584,VIKING GP.,Heather Fm.,8.30324173,2.864965439,2.778301477,2.681188822,77.38280487,65030
4284.909584,VIKING GP.,Heather Fm.,8.348075867,2.915319204,2.821474314,2.659394026,78.15034485,65030
4285.061584,VIKING GP.,Heather Fm.,8.367315292,2.787425041,2.707074881,2.64072752,94.3862915,65030
4285.213584,VIKING GP.,Heather Fm.,8.366461754,2.780546188,2.700387001,2.625582695,106.3808136,65030
4285.365584,VIKING GP.,Heather Fm.,8.37136364,2.823332787,2.733809233,2.623624563,111.3802338,65030
4285.517584,VIKING GP.,Heather Fm.,8.369474411,2.939967632,2.85039258,2.62736249,110.7290955,65030
4285.669584,VIKING GP.,Heather Fm.,8.365260124,3.039412737,2.945386887,2.623361588,105.6088486,65030
4285.821584,VIKING GP.,Heather Fm.,8.376328468,3.120238781,3.01920414,2.61515069,108.3425827,65030
4285.973584,VIKING GP.,Heather Fm.,8.358592987,3.220666885,3.112784386,2.610020638,106.0803299,65030
4286.125584,VIKING GP.,Heather Fm.,8.336093903,3.407003164,3.288712025,2.620271444,105.1324463,65030
4286.277584,VIKING GP.,Heather Fm.,8.307097435,3.347398281,3.2374084,2.626474857,99.51229858,65030
4286.429584,VIKING GP.,Heather Fm.,8.297750473,3.314417601,3.206446648,2.633122206,92.91777039,65030
4286.581584,VIKING GP.,Heather Fm.,8.296899796,3.414880991,3.29576683,2.640434742,96.533638,65030
4286.733584,VIKING GP.,Heather Fm.,8.348297119,3.218427181,3.106135845,2.647903204,101.7995911,65030
4286.885584,VIKING GP.,Heather Fm.,8.369873047,2.919870377,2.822694778,2.633332014,105.9841385,65030
4287.037584,VIKING GP.,Heather Fm.,8.359360695,2.745450497,2.655321598,2.6156528,105.4519959,65030
4287.189584,VIKING GP.,Heather Fm.,8.311338425,2.727328062,2.634144306,2.613928795,108.9465103,65030
4287.341584,VIKING GP.,Heather Fm.,8.300374985,2.758748293,2.660556316,2.624871731,109.1486206,65030
4287.493584,VIKING GP.,Heather Fm.,8.300403595,2.762485743,2.664408922,2.630341053,107.4666748,65030
4287.645584,VIKING GP.,Heather Fm.,8.297486305,2.798511267,2.694668293,2.618946552,103.9987259,65030
4287.797584,VIKING GP.,Heather Fm.,8.301908493,2.859026194,2.750436544,2.614846945,102.4111328,65030
4287.949584,VIKING GP.,Heather Fm.,8.302900314,2.874345303,2.767709494,2.607173681,100.7978439,65030
4288.101584,VIKING GP.,Heather Fm.,8.315353394,2.963142633,2.851479769,2.60636425,99.09489441,65030
4288.253584,VIKING GP.,Heather Fm.,8.30051136,3.093461514,2.975031138,2.607990503,100.6895981,65030
4288.405584,VIKING GP.,Heather Fm.,8.301855087,3.210028172,3.082913637,2.615236282,103.7553864,65030
4288.557584,VIKING GP.,Heather Fm.,8.300437927,3.245707035,3.1188128,2.616782188,106.6433411,65030
4288.709584,VIKING GP.,Heather Fm.,8.324522972,3.167723179,3.049730778,2.611564636,101.5743103,65030
4288.861584,VIKING GP.,Heather Fm.,8.361896515,3.171707869,3.054791927,2.611134291,95.05187988,65030
4289.013584,VIKING GP.,Heather Fm.,8.361778259,3.225999594,3.108655691,2.616018534,90.16772461,65030
4289.165584,VIKING GP.,Heather Fm.,8.357666016,3.28719306,3.176202297,2.619858503,95.75530243,65030
4289.317584,VIKING GP.,Heather Fm.,8.366807938,3.293298721,3.181776285,2.613542557,99.71665955,65030
4289.469584,VIKING GP.,Heather Fm.,8.354820252,3.303294659,3.20154047,2.613755703,102.1345215,65030
4289.621584,VIKING GP.,Heather Fm.,8.368053436,3.283071518,3.173071861,2.614602327,103.7906265,65030
4289.773584,VIKING GP.,Heather Fm.,8.348029137,3.324041605,3.205443859,2.617338896,108.9644241,65030
4289.925584,VIKING GP.,Heather Fm.,8.327578545,3.377690554,3.251933336,2.608677626,115.1729126,65030
4290.077584,VIKING GP.,Heather Fm.,8.321516037,3.347322941,3.221950531,2.595573902,119.1800995,65030
4290.229584,VIKING GP.,Heather Fm.,8.320899963,3.326162815,3.203005791,2.59137392,118.9730606,65030
4290.381584,VIKING GP.,Heather Fm.,8.32571888,3.275367022,3.156617165,2.59416008,116.0252838,65030
4290.533584,VIKING GP.,Heather Fm.,8.324558258,3.396597624,3.277873516,2.599490166,111.7312088,65030
4290.685584,VIKING GP.,Heather Fm.,8.312117577,3.486978293,3.375204802,2.621201515,107.3299027,65030
4290.837584,VIKING GP.,Heather Fm.,8.30889988,3.56422472,3.449098587,2.654918432,99.71782684,65030
4290.989584,VIKING GP.,Heather Fm.,8.306556702,3.67435956,3.557681322,2.68456769,92.37113953,65030
4291.141584,VIKING GP.,Heather Fm.,8.310557365,3.883438349,3.750670195,2.681462765,87.15763092,65030
4291.293584,VIKING GP.,Heather Fm.,8.304941177,4.143127441,3.988560677,2.657225609,92.85616303,65030
4291.445584,VIKING GP.,Heather Fm.,8.307525635,4.02847147,3.879125834,2.634477377,101.5721893,65030
4291.597584,VIKING GP.,Heather Fm.,8.345953941,3.782749891,3.654284954,2.610919237,105.1478119,65030
4291.749584,VIKING GP.,Heather Fm.,8.35132885,3.625774622,3.508039951,2.598861456,102.7192612,65030
4291.901584,VIKING GP.,Heather Fm.,8.343815804,3.541973591,3.429236412,2.595065832,101.0936279,65030
4292.053584,VIKING GP.,Heather Fm.,8.336303711,3.498806477,3.393354893,2.5982337,103.7527618,65030
4292.205584,VIKING GP.,Heather Fm.,8.328791618,3.487765074,3.37856698,2.598944187,108.0970688,65030
4292.357584,VIKING GP.,Heather Fm.,8.321279526,3.479098082,3.376733303,2.605692864,109.4586945,65030
4292.509584,VIKING GP.,Heather Fm.,8.313767433,3.444455147,3.343951941,2.608050585,113.3254852,65030
4292.661584,VIKING GP.,Heather Fm.,8.334467888,3.432925463,3.331900358,2.60315156,112.4997177,65030
4292.813584,VIKING GP.,Heather Fm.,8.301485062,3.475132942,3.372537851,2.577355623,112.1735611,65030
4292.965584,VIKING GP.,Heather Fm.,8.285563469,3.648460865,3.535896063,2.555711031,105.4758453,65030
4293.117584,VIKING GP.,Heather Fm.,8.296018601,3.838469744,3.715685606,2.543075562,103.9242935,65030
4293.269584,VIKING GP.,Heather Fm.,8.293159485,3.927547693,3.803606987,2.550151825,104.2854309,65030
4293.421584,VIKING GP.,Heather Fm.,8.307858467,3.893929958,3.775599003,2.561206341,106.958931,65030
4293.573584,VIKING GP.,Heather Fm.,8.301383972,3.852062941,3.739612103,2.573618174,104.4127426,65030
4293.725584,VIKING GP.,Heather Fm.,8.299095154,3.887975216,3.774414301,2.585440397,99.41912079,65030
4293.877584,VIKING GP.,Heather Fm.,8.297714233,3.787256956,3.677127838,2.591268301,101.2438965,65030
4294.029584,VIKING GP.,Heather Fm.,8.299078941,3.585060597,3.491376162,2.59092021,107.6394959,65030
4294.181584,VIKING GP.,Heather Fm.,8.299900055,3.50111866,3.40715456,2.586345673,115.390564,65030
4294.333584,VIKING GP.,Heather Fm.,8.297734261,3.450616837,3.352251768,2.578593016,116.6285095,65030
4294.485584,VIKING GP.,Heather Fm.,8.296899796,3.42088604,3.321110487,2.570012569,118.7321701,65030
4294.637584,VIKING GP.,Heather Fm.,8.301203728,3.370386839,3.272538424,2.568389177,116.1388245,65030
4294.789584,VIKING GP.,Heather Fm.,8.302900314,3.331580162,3.233793736,2.5667696,113.7863159,65030
4294.941584,VIKING GP.,Heather Fm.,8.302900314,3.264900684,3.17143321,2.572770834,109.0827713,65030
4295.093584,VIKING GP.,Heather Fm.,8.302900314,3.222845554,3.127208948,2.57521677,103.0415649,65030
4295.245584,VIKING GP.,Heather Fm.,8.298669815,3.211040497,3.109017134,2.582643271,101.8054047,65030
4295.397584,VIKING GP.,Heather Fm.,8.301116943,3.193207502,3.086677551,2.587275744,99.73703003,65030
4295.549584,VIKING GP.,Heather Fm.,8.298697472,3.193684816,3.084123612,2.593573809,103.5475159,65030
4295.701584,VIKING GP.,Heather Fm.,8.294735909,3.202455521,3.090589285,2.598234415,101.6018753,65030
4295.853584,VIKING GP.,Heather Fm.,8.298045158,3.205108881,3.086832285,2.595163345,104.8979721,65030
4296.005584,VIKING GP.,Heather Fm.,8.300315857,3.237387896,3.110136509,2.58334136,105.0825043,65030
4296.157584,VIKING GP.,Heather Fm.,8.298010826,3.281747341,3.146253824,2.57233119,108.0357742,65030
4296.309584,VIKING GP.,Heather Fm.,8.301034927,3.322147608,3.175356865,2.566091776,103.1310043,65030
4296.461584,VIKING GP.,Heather Fm.,8.298791885,3.33580637,3.180487156,2.596782923,100.4338913,65030
4296.613584,VIKING GP.,Heather Fm.,8.305077553,3.317554951,3.159132719,2.671501875,101.9784546,65030
4296.765584,VIKING GP.,Heather Fm.,8.310937882,3.306186914,3.139000416,2.784198761,107.7650452,65030
4296.917584,VIKING GP.,Heather Fm.,8.309868813,3.288482189,3.1264534,2.855001688,111.8641892,65030
4297.069584,VIKING GP.,Heather Fm.,8.304851532,3.269872189,3.112509489,2.849998713,103.0578232,65030
4297.221584,VIKING GP.,Heather Fm.,8.296780586,3.283730269,3.127202749,2.829673529,86.81574249,70000
4297.373584,VIKING GP.,Heather Fm.,8.293800354,3.289313793,3.124736548,2.842361212,73.16599274,70000
4297.525584,VIKING GP.,Heather Fm.,8.295870781,3.47652626,3.293064833,2.823013067,73.53876495,70000
4297.677584,VIKING GP.,Heather Fm.,8.300881386,3.664459229,3.459392786,2.729174376,83.73883057,70000
4297.829584,VIKING GP.,Heather Fm.,8.308380127,3.633071661,3.420837641,2.627431631,94.43049622,70000
4297.981584,VIKING GP.,Heather Fm.,8.300935745,3.557791233,3.351446867,2.568199873,99.96936798,70000
4298.133584,VIKING GP.,Heather Fm.,8.302353859,3.495015144,3.285223723,2.5617342,106.0555573,65030
4298.285584,VIKING GP.,Heather Fm.,8.301979065,3.424124718,3.226411581,2.572695971,108.9327927,65030
4298.437584,VIKING GP.,Heather Fm.,8.295928001,3.387929678,3.208458185,2.580076933,113.6143112,65030
4298.589584,VIKING GP.,Heather Fm.,8.299705505,3.38349247,3.213740587,2.577232838,112.4948654,65030
4298.741584,VIKING GP.,Heather Fm.,8.300960541,3.379579306,3.207393885,2.563088894,113.2716446,65030
4298.893584,VIKING GP.,Heather Fm.,8.3076334,3.37184453,3.200524569,2.546553612,113.4120941,65030
4299.045584,VIKING GP.,Heather Fm.,8.304218292,3.359078169,3.189934254,2.543716431,118.1218033,65030
4299.197584,VIKING GP.,Heather Fm.,8.307540894,3.363814592,3.19487834,2.559243918,121.6719437,65030
4299.349584,VIKING GP.,Heather Fm.,8.311900139,3.344258547,3.178974867,2.585218191,120.9881134,65030
4299.501584,VIKING GP.,Heather Fm.,8.308106422,3.311076641,3.149457216,2.608370304,113.7195358,65030
4299.653584,VIKING GP.,Heather Fm.,8.313459396,3.320709944,3.16114378,2.627642632,107.1796951,65030
4299.805584,VIKING GP.,Heather Fm.,8.308485031,3.28273654,3.1297369,2.652426243,104.3230972,65030
4299.957584,VIKING GP.,Heather Fm.,8.304776192,3.179425001,3.038993597,2.685202599,102.4789276,65030
4300.109584,VIKING GP.,Heather Fm.,8.300914764,3.121964216,2.988335133,2.706663609,100.8941345,65030
4300.261584,VIKING GP.,Heather Fm.,8.302851677,3.13667655,3.004062176,2.693836689,100.7828827,65030
4300.413584,VIKING GP.,Heather Fm.,8.316978455,3.129590035,3.006075621,2.649296284,104.8101807,65030
4300.565584,VIKING GP.,Heather Fm.,8.344258308,3.097452402,2.979245663,2.598927975,110.8706284,65030
4300.717584,VIKING GP.,Heather Fm.,8.357099533,3.083850384,2.965450525,2.570380449,115.4283142,65030
4300.869584,VIKING GP.,Heather Fm.,8.360752106,3.118712187,3.002016544,2.568808556,118.7800903,65030
4301.021584,VIKING GP.,Heather Fm.,8.359460831,3.162782192,3.04803133,2.578024864,119.1191483,65030
4301.173584,VIKING GP.,Heather Fm.,8.362537384,3.178756237,3.070900202,2.594687462,117.6114197,65030
4301.325584,VIKING GP.,Heather Fm.,8.358817101,3.162964821,3.059626102,2.619251728,113.5957718,65030
4301.477584,VIKING GP.,Heather Fm.,8.355858803,3.161754131,3.061532497,2.644092083,106.0896988,65030
4301.629584,VIKING GP.,Heather Fm.,8.355254173,3.174138069,3.077922344,2.658799887,98.64139557,65030
4301.781584,VIKING GP.,Heather Fm.,8.357610703,3.151558876,3.060073614,2.65269208,96.19411469,65030
4301.933584,VIKING GP.,Heather Fm.,8.360099793,3.079149246,2.99443078,2.623474121,103.3520889,65030
4302.085584,VIKING GP.,Heather Fm.,8.361862183,2.981365204,2.90405345,2.596697807,114.1448288,65030
4302.237584,VIKING GP.,Heather Fm.,8.363100052,2.896424294,2.825167179,2.578366995,120.1056442,65030
4302.389584,VIKING GP.,Heather Fm.,8.361351013,2.836546421,2.769778013,2.574339151,120.5515289,65030
4302.541584,VIKING GP.,Heather Fm.,8.365906715,2.795541525,2.73247385,2.576045275,116.7459259,65030
4302.693584,VIKING GP.,Heather Fm.,8.366051674,2.749619246,2.688308477,2.580358505,112.4122543,65030
4302.845584,VIKING GP.,Heather Fm.,8.364829063,2.72129941,2.659162521,2.595365286,109.6413574,65030
4302.997584,VIKING GP.,Heather Fm.,8.362668037,2.603389978,2.544036627,2.606145382,107.9153519,65030
4303.149584,VIKING GP.,Heather Fm.,8.363511086,2.36166954,2.310028553,2.609946251,108.1031494,65000
4303.301584,VIKING GP.,Heather Fm.,8.364401817,2.176601648,2.13016057,2.608046532,104.6381149,65000
4303.453584,VIKING GP.,Heather Fm.,8.361408234,2.150217295,2.100869894,2.613125801,101.1040344,65000
4303.605584,VIKING GP.,Heather Fm.,8.361784935,2.114338636,2.062387943,2.614550591,100.9751205,65000
4303.757584,VIKING GP.,Heather Fm.,8.359687805,2.001563311,1.953151822,2.592875481,103.2148361,65000
4303.909584,VIKING GP.,Heather Fm.,8.362070084,1.961832881,1.911642909,2.573251486,106.3297501,65000
4304.061584,VIKING GP.,Heather Fm.,8.364435196,2.082247257,2.018159866,2.573217154,107.8337021,65000
4304.213584,VIKING GP.,Heather Fm.,8.366404533,2.230641604,2.152247429,2.588774204,112.3805466,65000
4304.365584,VIKING GP.,Heather Fm.,8.36247921,2.31449604,2.227247,2.591586828,115.4658127,65000
4304.517584,VIKING GP.,Heather Fm.,8.360323906,2.403493643,2.308643341,2.577689886,115.3279495,65000
4304.669584,VIKING GP.,Heather Fm.,8.36147213,2.525742292,2.419365168,2.558573246,114.7824631,65030
4304.821584,VIKING GP.,Heather Fm.,8.358262062,2.639199495,2.521614075,2.540750504,115.002594,65030
4304.973584,VIKING GP.,Heather Fm.,8.360143662,2.709669828,2.586547613,2.535629988,117.1286621,65030
4305.125584,VIKING GP.,Heather Fm.,8.361492157,2.738388062,2.614966869,2.542602062,117.228302,65030
4305.277584,VIKING GP.,Heather Fm.,8.360099793,2.713482618,2.593110323,2.555591106,116.5480194,65030
4305.429584,VIKING GP.,Heather Fm.,8.363287926,2.662341356,2.552243471,2.572602511,114.7981415,65030
4305.581584,VIKING GP.,Heather Fm.,8.362935066,2.651901245,2.552254915,2.629595757,107.9259796,65030
4305.733584,VIKING GP.,Heather Fm.,8.361670494,2.635950327,2.539578676,2.721404791,95.31933594,65030
4305.885584,VIKING GP.,Heather Fm.,8.364664078,2.605917454,2.520649672,2.793225527,87.69119263,70000
4306.037584,VIKING GP.,Heather Fm.,8.361427307,2.633292437,2.556705952,2.76518774,92.53472138,70000
4306.189584,VIKING GP.,Heather Fm.,8.361751556,2.649613619,2.565911055,2.674911022,106.1138687,70000
4306.341584,VIKING GP.,Heather Fm.,8.363012314,2.561541796,2.478217363,2.621058226,117.0169907,65030
4306.493584,VIKING GP.,Heather Fm.,8.363174439,2.528747082,2.44540596,2.599175453,116.0933762,65030
4306.645584,VIKING GP.,Heather Fm.,8.363039017,2.564661264,2.477291346,2.590361595,113.7169037,65030
4306.797584,VIKING GP.,Heather Fm.,8.383004189,2.536099672,2.452281952,2.583014965,115.6208267,65030
4306.949584,VIKING GP.,Heather Fm.,8.40368557,2.492981911,2.414357185,2.568628073,120.1890411,65030
4307.101584,VIKING GP.,Heather Fm.,8.400697708,2.452692747,2.382594347,2.556949139,119.8715134,65030
4307.253584,VIKING GP.,Heather Fm.,8.402187347,2.453338623,2.388588905,2.557734966,113.5136261,65030
4307.405584,VIKING GP.,Heather Fm.,8.391768456,2.508794308,2.444985628,2.578646898,107.088829,65030
4307.557584,VIKING GP.,Heather Fm.,8.367738724,2.517923594,2.458823919,2.661671877,99.77002716,65030
4307.709584,VIKING GP.,Heather Fm.,8.363484383,2.526859999,2.472296476,2.774424791,92.00279236,65030
4307.861584,VIKING GP.,Heather Fm.,8.365211487,2.673366547,2.610864878,2.825659752,91.83377075,65030
4308.013584,VIKING GP.,Heather Fm.,8.367399216,2.941446543,2.865126371,2.758755684,100.2892304,70000
4308.165584,VIKING GP.,Heather Fm.,8.372202873,2.869594097,2.7997365,2.653238773,111.1842728,70000
4308.317584,VIKING GP.,Heather Fm.,8.370536804,2.597371101,2.537424564,2.6057024,120.1551132,70000
4308.469584,VIKING GP.,Heather Fm.,8.374959946,2.541405916,2.47475934,2.584214211,123.1259918,65030
4308.621584,VIKING GP.,Heather Fm.,8.371443749,2.446943998,2.390354872,2.597037792,120.0795059,65030
4308.773584,VIKING GP.,Heather Fm.,8.357441902,2.409308434,2.362818003,2.644144058,110.3906097,65030
4308.925584,VIKING GP.,Heather Fm.,8.343440056,2.523581266,2.4689188,2.713679075,104.677208,65030
4309.077584,VIKING GP.,Heather Fm.,8.351477623,2.633803129,2.571617603,2.744497776,106.6270599,65030
4309.229584,VIKING GP.,Heather Fm.,8.367703438,2.541179895,2.478508711,2.699760437,112.3862381,65030
4309.381584,VIKING GP.,Heather Fm.,8.368878365,2.313995123,2.260910749,2.638303042,118.6445541,65030
4309.533584,VIKING GP.,Heather Fm.,8.369343758,2.188349247,2.136800766,2.592581034,121.5329819,65030
4309.685584,VIKING GP.,Heather Fm.,8.364733696,2.118579149,2.064358473,2.576059818,120.9840164,65000
4309.837584,VIKING GP.,Heather Fm.,8.367177963,2.059992313,2.006503344,2.576128006,116.9345474,65000
4309.989584,VIKING GP.,Heather Fm.,8.372099876,2.053767443,2.000136852,2.58700943,111.8760071,65000
4310.141584,VIKING GP.,Heather Fm.,8.368780136,2.065722466,2.006772757,2.606269121,110.7612915,65000
4310.293584,VIKING GP.,Heather Fm.,8.368002892,2.063603401,2.00143218,2.625764847,111.0987778,65000
4310.445584,VIKING GP.,Heather Fm.,8.374764442,2.052209854,1.98693347,2.629837513,112.8980637,65000
4310.597584,VIKING GP.,Heather Fm.,8.374123573,2.025786638,1.958198309,2.618065596,115.2299728,65000
4310.749584,VIKING GP.,Heather Fm.,8.374358177,2.011167526,1.942941666,2.606161118,115.9957123,65000
4310.901584,VIKING GP.,Heather Fm.,8.387655258,2.023601055,1.953442097,2.600351095,119.243454,65000
4311.053584,VIKING GP.,Heather Fm.,8.400086403,2.05869031,1.984990239,2.59981823,120.1152954,65000
4311.205584,VIKING GP.,Heather Fm.,8.401333809,2.066577911,1.990764618,2.601351023,119.8539124,65000
4311.357584,VIKING GP.,Heather Fm.,8.401328087,2.057824612,1.980900765,2.615116119,117.7955246,65000
4311.509584,VIKING GP.,Heather Fm.,8.399230957,2.049705029,1.973665595,2.638142347,115.6222839,65000
4311.661584,VIKING GP.,Heather Fm.,8.392216682,2.035620689,1.963636279,2.689186573,111.4915543,65000
4311.813584,VIKING GP.,Heather Fm.,8.39920044,2.085139513,2.010347605,2.807701826,97.11737061,65000
4311.965584,VIKING GP.,Heather Fm.,8.396690369,2.106837034,2.029257536,2.993579865,84.3229599,65000
4312.117584,VIKING GP.,Heather Fm.,8.395689011,2.238829851,2.157801867,3.075786352,84.17926025,70000
4312.269584,VIKING GP.,Heather Fm.,8.400431633,2.416090012,2.325433731,2.921284914,98.14602661,70000
4312.421584,VIKING GP.,Heather Fm.,8.398524284,2.33099699,2.235525608,2.728492022,113.7114868,65030
4312.573584,VIKING GP.,Heather Fm.,8.383413315,2.302295446,2.205142736,2.6095047,121.0159988,65030
4312.725584,VIKING GP.,Heather Fm.,8.371522903,2.325042486,2.22232151,2.563628912,122.302063,65030
4312.877584,VIKING GP.,Heather Fm.,8.376304627,2.346981287,2.243101835,2.554334641,117.539238,65030
4313.029584,VIKING GP.,Heather Fm.,8.37929821,2.42758131,2.333477974,2.549704313,113.3442078,65030
4313.181584,VIKING GP.,Heather Fm.,8.378717423,2.490201712,2.392907381,2.550922155,112.7324295,65030
4313.333584,VIKING GP.,Heather Fm.,8.373915672,2.534370899,2.429842472,2.572952747,112.5288239,65030
4313.485584,VIKING GP.,Heather Fm.,8.36975193,2.59215188,2.490521669,2.612564802,108.6751099,65030
4313.637584,VIKING GP.,Heather Fm.,8.368422508,2.639022112,2.536915779,2.650922298,101.3110352,65030
4313.789584,VIKING GP.,Heather Fm.,8.374408722,2.69452548,2.592571497,2.668284893,97.3287735,65030
4313.941584,VIKING GP.,Heather Fm.,8.376952171,2.73754406,2.634961605,2.659297228,97.01300049,65030
4314.093584,VIKING GP.,Heather Fm.,8.380843163,2.780249834,2.675262213,2.626495361,102.4654617,65030
4314.245584,VIKING GP.,Heather Fm.,8.393602371,2.829060555,2.722786188,2.582270145,111.6325455,65030
4314.397584,VIKING GP.,Heather Fm.,8.39465332,2.888826609,2.785226584,2.539477348,115.596611,65030
4314.549584,VIKING GP.,Heather Fm.,8.383738518,2.985305071,2.880696297,2.50349617,111.7851715,65030
4314.701584,VIKING GP.,Heather Fm.,8.376990318,3.103901863,2.995603323,2.483977556,106.3476715,65030
4314.853584,VIKING GP.,Heather Fm.,8.371808052,3.198225498,3.085428,2.478563309,109.3717575,65030
4315.005584,VIKING GP.,Heather Fm.,8.371553421,3.257915974,3.142525196,2.491226196,115.9751358,65030
4315.157584,VIKING GP.,Heather Fm.,8.378390312,3.272931576,3.156223059,2.513975143,117.2523499,65030
4315.309584,VIKING GP.,Heather Fm.,8.37090683,3.244262934,3.128906727,2.537183523,112.8735504,65030
4315.461584,VIKING GP.,Heather Fm.,8.348901749,3.194229126,3.083341599,2.552396298,109.6479034,65030
4315.613584,VIKING GP.,Heather Fm.,8.316836357,3.110121012,3.005405664,2.560238361,109.4956741,65030
4315.765584,VIKING GP.,Heather Fm.,8.314900398,2.97218895,2.878514528,2.559532642,112.6767731,65030
4315.917584,VIKING GP.,Heather Fm.,8.312800407,2.756573439,2.678228855,2.568596363,110.0413437,65030
4316.069584,VIKING GP.,Heather Fm.,8.309940338,2.512569666,2.448399305,2.609168291,104.4690094,65030
4316.221584,VIKING GP.,Heather Fm.,8.314980507,2.493246555,2.432801724,2.66038537,98.986763,65030
4316.373584,VIKING GP.,Heather Fm.,8.319879532,2.693828344,2.621759892,2.682433367,103.8698731,65030
4316.525584,VIKING GP.,Heather Fm.,8.317899704,2.638041735,2.563734531,2.639173269,115.8272629,65030
4316.677584,VIKING GP.,Heather Fm.,8.320953369,2.264313221,2.201631784,2.594660997,126.5905533,65030
4316.829584,VIKING GP.,Heather Fm.,8.32396698,2.057234764,2.000601292,2.573799849,128.3390808,65000
4316.981584,VIKING GP.,Heather Fm.,8.320912361,2.122456074,2.060135126,2.573049784,123.2656555,65000
4317.133584,VIKING GP.,Heather Fm.,8.325980187,2.344196796,2.263268948,2.568398714,117.6590042,65000
4317.285584,VIKING GP.,Heather Fm.,8.330789566,2.408677816,2.317012548,2.573497772,115.8762512,65030
4317.437584,VIKING GP.,Heather Fm.,8.3391819,2.341485739,2.248974562,2.590840578,117.7453079,65030
4317.589584,VIKING GP.,Heather Fm.,8.326011658,2.291843414,2.19726944,2.610048771,121.8372574,65030
4317.741584,VIKING GP.,Heather Fm.,8.324881554,2.253103972,2.156038046,2.619839668,125.5567169,65030
4317.893584,VIKING GP.,Heather Fm.,8.324139595,2.252300501,2.149703264,2.621859789,125.1187439,65030
4318.045584,VIKING GP.,Heather Fm.,8.318836212,2.31479764,2.202228308,2.618154049,122.1556778,65030
4318.197584,VIKING GP.,Heather Fm.,8.320899963,2.390986919,2.268957615,2.609373808,118.5145569,65030
4318.349584,VIKING GP.,Heather Fm.,8.321822166,2.378492355,2.256575823,2.596749783,122.2725067,65030
4318.501584,VIKING GP.,Heather Fm.,8.322068214,2.258618593,2.147082806,2.57729888,119.2703705,65000
4318.653584,VIKING GP.,Heather Fm.,8.318805695,2.101061106,2.004014969,2.570254803,120.8500595,65000
4318.805584,VIKING GP.,Heather Fm.,8.319114685,1.996235967,1.906256914,2.589263201,115.5819473,65000
4318.957584,VIKING GP.,Heather Fm.,8.311356545,1.907727718,1.82299149,2.614318132,117.1881943,65000
4319.109584,VIKING GP.,Heather Fm.,8.318754196,1.896002889,1.810497761,2.605281353,115.6969528,65000
4319.261584,VIKING GP.,Heather Fm.,8.34914875,1.93334198,1.848243475,2.575268507,115.0179672,65000
4319.413584,VIKING GP.,Heather Fm.,8.331730843,1.975318074,1.891610265,2.567055941,117.233902,65000
4319.565584,VIKING GP.,Heather Fm.,8.333423615,2.017337799,1.9307791,2.592930079,119.0480576,65000
4319.717584,VIKING GP.,Heather Fm.,8.331628799,2.109486818,2.015873194,2.593153954,118.2009735,65000
4319.869584,VIKING GP.,Heather Fm.,8.342933655,2.357944965,2.243379355,2.587260246,112.8695679,65000
4320.021584,VIKING GP.,Heather Fm.,8.340328217,2.673644304,2.528468132,2.584434271,110.8943253,65000
4320.173584,VIKING GP.,Heather Fm.,8.338466644,2.863032579,2.698475838,2.587273121,115.7423706,65030
4320.325584,VIKING GP.,Heather Fm.,8.349919319,2.773546457,2.620999098,2.594456911,122.3587799,65030
4320.477584,VIKING GP.,Heather Fm.,8.365526199,2.603325367,2.469251871,2.603877783,118.9373627,65030
4320.629584,VIKING GP.,Heather Fm.,8.37049675,2.640588522,2.524681568,2.60632658,103.8810425,65030
4320.781584,VIKING GP.,Heather Fm.,8.355737686,3.367405176,3.216999769,2.560586929,78.11190033,65030
4320.933584,VIKING GP.,Heather Fm.,8.315123558,4.352415085,4.177022457,2.4778409,53.92305374,65030
4321.085584,BAAT GP.,Tarbert Fm.,8.284144402,7.148722172,6.841925144,2.400968075,36.52687454,65030
4321.237584,BAAT GP.,Tarbert Fm.,8.292375565,14.99413395,13.8993988,2.366062403,28.67095757,65030
4321.389584,BAAT GP.,Tarbert Fm.,8.303024292,29.62994957,26.0787735,2.357970476,28.63494873,70000
4321.541584,BAAT GP.,Tarbert Fm.,8.323931694,41.34015274,34.6588974,2.356172562,30.09728241,70000
4321.693584,BAAT GP.,Tarbert Fm.,8.344197273,30.57452583,27.12496185,2.351906061,31.19507027,70000
4321.845584,BAAT GP.,Tarbert Fm.,8.38698101,23.57622528,23.85136223,2.349667311,31.13767433,70000
4321.997584,BAAT GP.,Tarbert Fm.,8.416418076,21.43484688,22.74945641,2.355122089,30.92033386,70000
4322.149584,BAAT GP.,Tarbert Fm.,8.432743073,19.24744606,20.34374428,2.373226881,33.41238403,70000
4322.301584,BAAT GP.,Tarbert Fm.,8.468166351,16.6758194,17.651371,2.400039196,33.87057495,70000
4322.453584,BAAT GP.,Tarbert Fm.,8.496477127,13.78238964,14.47210026,2.432157278,36.58992004,70000
4322.605584,BAAT GP.,Tarbert Fm.,8.529301643,11.22138786,11.62310219,2.439426184,38.54156876,30000
4322.757584,BAAT GP.,Tarbert Fm.,8.532287598,9.234682083,9.403236389,2.432994604,42.63134003,30000
4322.909584,BAAT GP.,Tarbert Fm.,8.506586075,8.429747582,8.430272102,2.446442127,49.83970261,30000
4323.061584,BAAT GP.,Tarbert Fm.,8.400388718,7.442225456,7.404684067,2.477356434,58.74124146,30000
4323.213584,BAAT GP.,Tarbert Fm.,8.364435196,5.89804697,5.872181892,2.501440287,62.77059937,30000
4323.365584,BAAT GP.,Tarbert Fm.,8.367777824,5.979136467,5.859417915,2.484854698,59.26742172,30000
4323.517584,BAAT GP.,Tarbert Fm.,8.363754273,7.597960472,7.340461254,2.465651035,49.47363281,30000
4323.669584,BAAT GP.,Tarbert Fm.,8.368689537,9.413009644,9.043703079,2.460479021,41.21606827,30000
4323.821584,BAAT GP.,Tarbert Fm.,8.374897957,11.26337624,10.63588238,2.476042509,37.8408699,30000
4323.973584,BAAT GP.,Tarbert Fm.,8.363731384,12.24826241,11.69270134,2.510958433,34.26279831,30000
4324.125584,BAAT GP.,Tarbert Fm.,8.365483284,15.40998268,14.59938145,2.540518045,32.34545517,30000
4324.277584,BAAT GP.,Tarbert Fm.,8.364931107,19.44893837,17.83096695,2.555192232,31.09960365,70000
4324.429584,BAAT GP.,Tarbert Fm.,8.372703552,24.21229172,21.43120575,2.542439938,30.8437748,70000
4324.581584,BAAT GP.,Tarbert Fm.,8.384691238,23.82515335,20.94648171,2.507905006,32.42757034,70000
4324.733584,BAAT GP.,Tarbert Fm.,8.425070763,23.19895935,20.35201454,2.465883255,31.73561859,70000
4324.885584,BAAT GP.,Tarbert Fm.,8.433466911,24.48276901,21.88867378,2.437641144,35.01214981,70000
4325.037584,BAAT GP.,Tarbert Fm.,8.438300133,25.22307015,22.7480545,2.424819708,34.60109711,70000
4325.189584,BAAT GP.,Tarbert Fm.,8.440004349,26.59842873,24.26647759,2.418939352,33.98607254,70000
4325.341584,BAAT GP.,Tarbert Fm.,8.445085526,28.17440796,26.09618759,2.412193298,34.28863907,70000
4325.493584,BAAT GP.,Tarbert Fm.,8.435846329,30.5956974,28.09740257,2.417066813,39.17525482,70000
4325.645584,BAAT GP.,Tarbert Fm.,8.440478325,30.97868347,28.49029541,2.426115751,44.32033539,70000
4325.797584,BAAT GP.,Tarbert Fm.,8.454133034,29.83897591,27.47614288,2.443949938,50.60569382,70000
4325.949584,BAAT GP.,Tarbert Fm.,8.491475105,23.71043968,21.60268784,2.474387884,54.69805908,70000
4326.101584,BAAT GP.,Tarbert Fm.,8.598826408,20.04701042,18.41969872,2.527161121,65.371521,70000
4326.253584,BAAT GP.,Tarbert Fm.,8.663581848,18.91264153,17.44931984,2.572568893,82.48617554,30000
4326.405584,BAAT GP.,Tarbert Fm.,8.675087929,14.41710758,13.5979414,2.588419676,92.06232452,30000
4326.557584,BAAT GP.,Tarbert Fm.,8.67059803,11.71187115,11.22127819,2.564405441,89.59512329,30000
4326.709584,BAAT GP.,Tarbert Fm.,8.674066544,11.45905018,10.98249626,2.533151388,77.69777679,30000
4326.861584,BAAT GP.,Tarbert Fm.,8.677671433,11.48559475,11.03136253,2.49423027,66.49546051,30000
4327.013584,BAAT GP.,Tarbert Fm.,8.649367333,11.72296715,11.2782526,2.468736649,57.22665787,30000
4327.165584,BAAT GP.,Tarbert Fm.,8.515330315,14.63302612,14.00817108,2.449984312,47.3717308,30000
4327.317584,BAAT GP.,Tarbert Fm.,8.390449524,18.19391251,17.31733322,2.429490089,40.22727966,30000
4327.469584,BAAT GP.,Tarbert Fm.,8.371492386,23.90426827,22.57894707,2.413950205,36.33675003,70000
4327.621584,BAAT GP.,Tarbert Fm.,8.347460747,29.53396416,27.90568161,2.396673441,31.08925629,70000
4327.773584,BAAT GP.,Tarbert Fm.,8.327435494,34.2983284,32.07339096,2.38156414,27.88719559,70000
4327.925584,BAAT GP.,Tarbert Fm.,8.328702927,34.44980621,32.40447235,2.367160559,24.84887505,70000
4328.077584,BAAT GP.,Tarbert Fm.,8.320899963,36.84050369,34.76198196,2.361129761,23.06655884,70000
4328.229584,BAAT GP.,Tarbert Fm.,8.321724892,39.64251328,37.44796753,2.374210596,22.52346802,70000
4328.381584,BAAT GP.,Tarbert Fm.,8.328196526,42.51218033,39.94508362,2.405073881,22.59138298,70000
4328.533584,BAAT GP.,Tarbert Fm.,8.343084335,44.12451553,41.30451202,2.437357426,24.97904396,70000
4328.685584,BAAT GP.,Tarbert Fm.,8.39908886,42.53075409,39.66114426,2.451670647,31.15735817,70000
4328.837584,BAAT GP.,Tarbert Fm.,8.462820053,36.61985397,34.11617661,2.434530735,33.01758575,70000
4328.989584,BAAT GP.,Tarbert Fm.,8.486871719,33.65267181,31.34415054,2.409514427,34.1640358,70000
4329.141584,BAAT GP.,Tarbert Fm.,8.489135742,33.64612579,31.23310661,2.397830486,32.01784897,70000
4329.293584,BAAT GP.,Tarbert Fm.,8.486150742,32.84664917,30.38883019,2.398395777,34.54411316,70000
4329.445584,BAAT GP.,Tarbert Fm.,8.483841896,31.59283257,29.34898567,2.389954567,34.97848511,70000
4329.597584,BAAT GP.,Tarbert Fm.,8.485829353,29.70981216,27.70521545,2.390236855,37.25763321,70000
4329.749584,BAAT GP.,Tarbert Fm.,8.480160713,26.67982292,25.08090401,2.395081043,38.01891327,70000
4329.901584,BAAT GP.,Tarbert Fm.,8.477399826,24.62022972,23.30468559,2.39258194,38.45330048,70000
4330.053584,BAAT GP.,Tarbert Fm.,8.474241257,24.12487602,22.90730286,2.38427043,36.15359497,70000
4330.205584,BAAT GP.,Tarbert Fm.,8.446991921,24.12120819,22.94957924,2.365827084,33.71672058,70000
4330.357584,BAAT GP.,Tarbert Fm.,8.450646401,25.35813141,24.09545898,2.379494906,31.63650894,70000
4330.509584,BAAT GP.,Tarbert Fm.,8.5125103,25.06388283,23.88380432,2.394221783,31.48049927,70000
4330.661584,BAAT GP.,Tarbert Fm.,8.560655594,25.31765366,24.15262604,2.433190823,33.57416153,70000
4330.813584,BAAT GP.,Tarbert Fm.,8.582522392,23.7225914,22.43829536,2.453282833,37.86959839,70000
4330.965584,BAAT GP.,Tarbert Fm.,8.606443405,18.26252556,17.5174427,2.467991591,43.10047531,70000
4331.117584,BAAT GP.,Ness Fm.,8.570699692,14.62397862,14.11837959,2.454004526,43.47302246,30000
4331.269584,BAAT GP.,Ness Fm.,8.573728561,15.49230385,14.94966221,2.43744731,41.83778381,30000
4331.421584,BAAT GP.,Ness Fm.,8.611061096,16.7745285,16.01574135,2.43086195,41.32834244,30000
4331.573584,BAAT GP.,Ness Fm.,8.656575203,15.40295696,14.6897583,2.440770626,45.65042496,30000
4331.725584,BAAT GP.,Ness Fm.,8.691162109,13.8748064,13.25887585,2.485907316,46.91627502,30000
4331.877584,BAAT GP.,Ness Fm.,9.457278252,12.77068043,12.16633701,2.530844688,42.94855499,30000
4332.029584,BAAT GP.,Ness Fm.,11.37879562,13.557621,12.81051922,2.550296783,39.14198685,30000
4332.181584,BAAT GP.,Ness Fm.,11.85402393,14.12923908,13.26909161,2.535300493,37.93538666,30000
4332.333584,BAAT GP.,Ness Fm.,12.84635258,14.45085239,13.49190521,2.513649702,42.05554962,30000
4332.485584,BAAT GP.,Ness Fm.,12.73146248,14.83588028,13.80177593,2.502413034,48.47050476,30000
4332.637584,BAAT GP.,Ness Fm.,12.61657238,14.81589699,13.67203808,2.496840715,57.26132202,30000
4332.789584,BAAT GP.,Ness Fm.,12.50168133,15.74121857,14.37991238,2.49958086,60.57521057,30000
4332.941584,BAAT GP.,Ness Fm.,12.34514141,18.00317192,16.13924027,2.477968693,59.08758164,30000
4333.093584,BAAT GP.,Ness Fm.,11.57486439,20.65660477,18.20454598,2.389283896,57.82600403,70000
4333.245584,BAAT GP.,Ness Fm.,12.38772011,24.73841095,20.68470955,2.330932856,57.43524551,70000
4333.397584,BAAT GP.,Ness Fm.,12.57501411,19.30303383,16.6298523,2.346724987,60.57287216,70000
4333.549584,BAAT GP.,Ness Fm.,12.51770306,16.52510643,14.57797432,2.416579485,58.77133179,70000
4333.701584,BAAT GP.,Ness Fm.,12.10235405,14.60001755,12.99901295,2.472406149,58.85840988,70000
4333.853584,BAAT GP.,Ness Fm.,12.66828919,13.66661072,12.2613411,2.501208067,56.64016342,70000
4334.005584,BAAT GP.,Ness Fm.,12.17815685,10.89252186,9.946559906,2.518930912,56.06585693,30000
4334.157584,BAAT GP.,Ness Fm.,12.22842789,12.04238987,10.92664719,2.525388718,55.39982987,30000
4334.309584,BAAT GP.,Ness Fm.,12.41991425,13.75539494,12.14198494,2.53584671,57.05952835,30000
4334.461584,BAAT GP.,Ness Fm.,12.39629269,11.34156323,10.24151707,2.52086854,58.18188477,30000
4334.613584,BAAT GP.,Ness Fm.,9.055503845,11.58845615,10.34850979,2.476073504,59.03239822,30000
4334.765584,BAAT GP.,Ness Fm.,8.700332642,12.00600338,10.69918633,2.418317556,55.91093063,30000
4334.917584,BAAT GP.,Ness Fm.,8.705960274,12.1704483,10.81679916,2.384443283,54.067173,30000
4335.069584,BAAT GP.,Ness Fm.,8.692710877,11.7960577,10.5626812,2.416790247,54.26375198,30000
4335.221584,BAAT GP.,Ness Fm.,8.608926773,12.20170498,10.94575882,2.455421686,56.4940567,30000
4335.373584,BAAT GP.,Ness Fm.,8.54681778,12.67755795,11.31665325,2.469233275,55.19717026,30000
4335.525584,BAAT GP.,Ness Fm.,8.555274963,12.85642052,11.51610279,2.44169116,55.92760086,30000
4335.677584,BAAT GP.,Ness Fm.,8.516548157,13.02455807,11.53670883,2.440882921,52.91427231,30000
4335.829584,BAAT GP.,Ness Fm.,8.510332108,13.33874989,11.77650261,2.438903093,53.27945328,30000
4335.981584,BAAT GP.,Ness Fm.,8.468411446,12.92299748,11.40051746,2.439396143,51.58229446,30000
4336.133584,BAAT GP.,Ness Fm.,8.480484009,11.60767269,10.32594776,2.435105801,50.26377869,30000
4336.285584,BAAT GP.,Ness Fm.,8.447419167,10.52699947,9.384298325,2.43719244,49.69514847,30000
4336.437584,BAAT GP.,Ness Fm.,8.270839691,9.350010872,8.466189385,2.44734025,49.87433243,30000
4336.589584,BAAT GP.,Ness Fm.,8.233893395,9.007843018,8.169384003,2.45811224,54.38401794,30000
4336.741584,BAAT GP.,Ness Fm.,8.212817192,9.182244301,8.296642304,2.464731455,55.35926437,30000
4336.893584,BAAT GP.,Ness Fm.,8.179917336,10.38533783,9.238670349,2.468749523,55.94552994,30000
4337.045584,BAAT GP.,Ness Fm.,8.140883446,12.26040363,10.62897778,2.467420816,53.51089096,30000
4337.197584,BAAT GP.,Ness Fm.,8.137360573,13.29898357,11.32541561,2.46465683,50.88391113,30000
4337.349584,BAAT GP.,Ness Fm.,8.152058601,14.20258904,11.87990189,2.468118668,52.86182404,30000
4337.501584,BAAT GP.,Ness Fm.,8.20817852,16.70541954,13.457407,2.485947371,57.54541016,30000
4337.653584,BAAT GP.,Ness Fm.,8.244721413,18.85096932,14.73558903,2.517532349,64.83143616,30000
4337.805584,BAAT GP.,Ness Fm.,8.283651352,17.50478935,13.82791042,2.551983833,63.94215393,30000
4337.957584,BAAT GP.,Ness Fm.,8.284799576,15.80589676,12.79703713,2.559488058,66.29663086,30000
4338.109584,BAAT GP.,Ness Fm.,8.279003143,16.36431694,13.09307003,2.555738926,64.37580109,30000
4338.261584,BAAT GP.,Ness Fm.,8.319378853,16.05374908,12.98970795,2.537768602,65.73626709,30000
4338.413584,BAAT GP.,Ness Fm.,8.312245369,14.66014767,12.14976597,2.515944719,66.1734848,30000
4338.565584,BAAT GP.,Ness Fm.,8.320506096,13.96448135,11.74823093,2.49157548,71.08544922,30000
4338.717584,BAAT GP.,Ness Fm.,8.315176964,13.3413105,11.36539364,2.483059883,71.50637054,30000
4338.869584,BAAT GP.,Ness Fm.,8.294820786,12.80071831,11.0236702,2.488029242,66.61710358,30000
4339.021584,BAAT GP.,Ness Fm.,8.290951729,12.17469597,10.60722923,2.488679647,60.97394943,30000
4339.173584,BAAT GP.,Ness Fm.,8.299418449,11.59573937,10.21737671,2.487374067,56.55516434,30000
4339.325584,BAAT GP.,Ness Fm.,8.322576523,11.27399349,10.01850414,2.486638546,54.71908951,30000
4339.477584,BAAT GP.,Ness Fm.,8.326821327,10.9014492,9.776407242,2.490370512,65.32122803,30000
4339.629584,BAAT GP.,Ness Fm.,8.31562233,10.46059322,9.450574875,2.48505187,72.94593048,30000
4339.781584,BAAT GP.,Ness Fm.,8.317705154,9.900248528,9.056200981,2.454216003,77.46708679,30000
4339.933584,BAAT GP.,Ness Fm.,8.309506416,9.433350563,8.711893082,2.423095226,72.1217804,30000
4340.085584,BAAT GP.,Ness Fm.,8.320064545,9.66792202,8.9811306,2.41057992,66.91857147,30000
4340.237584,BAAT GP.,Ness Fm.,8.315331459,10.03389549,9.309742928,2.414626122,61.2914238,30000
4340.389584,BAAT GP.,Ness Fm.,8.351100922,10.40595341,9.708658218,2.421573639,48.41566849,30000
4340.541584,BAAT GP.,Ness Fm.,8.390205383,10.96845913,10.1523819,2.426625729,41.29639053,30000
4340.693584,BAAT GP.,Ness Fm.,8.42646122,11.3860302,10.51607418,2.43004036,38.19033051,30000
4340.845584,BAAT GP.,Ness Fm.,8.45420742,12.06935215,11.03334045,2.431218863,41.28503418,30000
4340.997584,BAAT GP.,Ness Fm.,8.453649521,12.13486004,11.08639336,2.426715851,45.23306274,30000
4341.149584,BAAT GP.,Ness Fm.,8.436899185,11.73228359,10.67924213,2.425023794,49.82477951,30000
4341.301584,BAAT GP.,Ness Fm.,8.41339016,11.23845959,10.2135067,2.437173128,53.68924713,30000
4341.453584,BAAT GP.,Ness Fm.,8.348444939,10.36811924,9.473795891,2.46950531,59.95483017,30000
4341.605584,BAAT GP.,Ness Fm.,8.292970657,9.430177689,8.665851593,2.521458149,63.86732483,30000
4341.757584,BAAT GP.,Ness Fm.,8.287799835,8.540809631,7.895648003,2.575236321,66.25357056,30000
4341.909584,BAAT GP.,Ness Fm.,8.282400131,7.964470387,7.392706871,2.611553192,64.52378082,30000
4342.061584,BAAT GP.,Ness Fm.,8.28180027,8.084729195,7.4697299,2.620656252,69.20983887,65000
4342.213584,BAAT GP.,Ness Fm.,8.260216713,7.943127155,7.331920147,2.618881941,74.58555603,65000
4342.365584,BAAT GP.,Ness Fm.,8.249660492,7.777705669,7.156796455,2.605914831,77.68852997,65000
4342.517584,BAAT GP.,Ness Fm.,8.251364708,7.752828121,7.109044075,2.572512865,70.41789246,65000
4342.669584,BAAT GP.,Ness Fm.,8.249043465,7.95302105,7.237886429,2.518374682,61.85744858,65030
4342.821584,BAAT GP.,Ness Fm.,8.248700142,8.14736557,7.370276928,2.466937542,55.84917069,65030
4342.973584,BAAT GP.,Ness Fm.,8.246056557,7.763416767,7.012534142,2.436241388,53.0876236,65030
4343.125584,BAAT GP.,Ness Fm.,8.248336792,7.38070631,6.682291031,2.438260794,57.95912933,30000
4343.277584,BAAT GP.,Ness Fm.,8.256588936,7.182011128,6.520803928,2.460826874,63.08021545,30000
4343.429584,BAAT GP.,Ness Fm.,8.265656471,7.149558067,6.492920399,2.499047756,67.28845978,30000
4343.581584,BAAT GP.,Ness Fm.,8.324530602,7.320581913,6.633808136,2.551714897,68.98234558,30000
4343.733584,BAAT GP.,Ness Fm.,8.33039856,7.497716904,6.780592918,2.614276648,67.412117,30000
4343.885584,BAAT GP.,Ness Fm.,8.290930748,7.585480213,6.85323,2.663770199,67.97924042,30000
4344.037584,BAAT GP.,Ness Fm.,8.287385941,7.316971779,6.632542133,2.683648586,68.08985901,30000
4344.189584,BAAT GP.,Ness Fm.,8.282641411,7.092436314,6.449126244,2.669463158,69.23378754,30000
4344.341584,BAAT GP.,Ness Fm.,8.29209137,7.018934727,6.390125275,2.660968542,70.56489563,30000
4344.493584,BAAT GP.,Ness Fm.,8.314413071,6.94924736,6.337342739,2.654696941,72.5244751,30000
4344.645584,BAAT GP.,Ness Fm.,8.323018074,6.702656746,6.134047985,2.649449348,72.0149231,30000
4344.797584,BAAT GP.,Ness Fm.,8.318795204,6.630690098,6.082192898,2.635682583,73.82071686,65030
4344.949584,BAAT GP.,Ness Fm.,8.320446014,6.454980373,5.94000721,2.629581451,74.48365784,65030
4345.101584,BAAT GP.,Ness Fm.,8.320899963,6.27148819,5.798362255,2.625356913,81.26039887,65030
4345.253584,BAAT GP.,Ness Fm.,8.318377495,6.111509323,5.670670509,2.629745007,79.6194458,65030
4345.405584,BAAT GP.,Ness Fm.,8.317899704,5.906137943,5.50158453,2.638834238,79.08105469,65030
4345.557584,BAAT GP.,Ness Fm.,8.315391541,5.797385216,5.418037415,2.633625746,71.31099701,65030
4345.709584,BAAT GP.,Ness Fm.,8.309895515,5.564875126,5.230478287,2.608278751,68.69036865,65030
4345.861584,BAAT GP.,Ness Fm.,8.3439188,5.252243519,4.963142395,2.580375671,66.08331299,65030
4346.013584,BAAT GP.,Ness Fm.,8.34104538,5.200620651,4.902761459,2.46296382,64.04059601,65030
4346.165584,BAAT GP.,Ness Fm.,8.341482163,4.656424999,4.42802763,2.26714325,60.26845551,65030
4346.317584,BAAT GP.,Ness Fm.,8.327067375,4.385200024,4.204176426,2.18729043,54.716465,65030
4346.469584,BAAT GP.,Ness Fm.,8.318979263,4.818796158,4.634672165,2.238117456,48.38131332,65030
4346.621584,BAAT GP.,Ness Fm.,8.322804451,5.444531441,5.242784023,2.39261508,46.60765076,90000
4346.773584,BAAT GP.,Ness Fm.,8.323900223,6.178586483,5.980395794,2.433247328,48.32137299,90000
4346.925584,BAAT GP.,Ness Fm.,8.338611603,8.392645836,8.024055481,2.404332161,49.52082825,65030
4347.077584,BAAT GP.,Ness Fm.,8.359102249,10.76780415,10.26063538,2.387878656,51.5219574,30000
4347.229584,BAAT GP.,Ness Fm.,8.34604454,13.77254868,13.07565975,2.383679152,49.04430008,30000
4347.381584,BAAT GP.,Ness Fm.,8.351672173,16.03068924,15.19538879,2.388842106,43.16109467,30000
4347.533584,BAAT GP.,Ness Fm.,8.361314774,18.13658333,17.13947296,2.4080441,34.3015213,30000
4347.685584,BAAT GP.,Ness Fm.,8.322193146,19.89676285,18.88817406,2.437886953,30.01056862,30000
4347.837584,BAAT GP.,Ness Fm.,8.31667614,19.95233536,19.10027123,2.465316057,32.41506958,30000
4347.989584,BAAT GP.,Ness Fm.,8.298768997,19.2278862,18.57475662,2.476653576,36.1987381,30000
4348.141584,BAAT GP.,Ness Fm.,8.286675453,18.23940086,17.72929955,2.468384743,38.33182144,30000
4348.293584,BAAT GP.,Ness Fm.,8.275328636,17.70158958,17.29569626,2.446541309,35.99325562,30000
4348.445584,BAAT GP.,Ness Fm.,8.258554459,18.1446476,17.74819374,2.41408968,28.70662308,30000
4348.597584,BAAT GP.,Ness Fm.,8.254699707,19.57115555,19.10157585,2.3831563,22.16910172,30000
4348.749584,BAAT GP.,Ness Fm.,8.245308876,23.18443871,22.53576851,2.358936787,20.11918259,30000
4348.901584,BAAT GP.,Ness Fm.,8.24738121,27.23232651,26.39885521,2.349084377,22.13435555,30000
4349.053584,BAAT GP.,Ness Fm.,8.246373177,32.97173309,31.84172249,2.35103488,27.16642189,30000
4349.205584,BAAT GP.,Ness Fm.,8.244541168,32.64182282,31.51668739,2.363201857,29.03295708,30000
4349.357584,BAAT GP.,Ness Fm.,8.2430439,30.27951622,29.49068642,2.366653919,31.24975014,30000
4349.509584,BAAT GP.,Ness Fm.,8.251915932,30.89443779,30.49132919,2.365778208,29.09518433,30000
4349.661584,BAAT GP.,Ness Fm.,8.270857811,29.46316147,28.80835152,2.371473074,29.27148819,30000
4349.813584,BAAT GP.,Ness Fm.,8.28725338,28.37274742,28.03839302,2.381240606,27.41098404,30000
4349.965584,BAAT GP.,Ness Fm.,8.293084145,27.98346138,27.65015411,2.396869898,27.17216301,30000
4350.117584,BAAT GP.,Ness Fm.,8.293800354,28.28864479,27.88605881,2.404794931,28.89441681,30000
4350.269584,BAAT GP.,Ness Fm.,8.289258957,25.30607796,24.76915932,2.408345938,33.41028214,30000
4350.421584,BAAT GP.,Ness Fm.,8.287799835,22.34917641,21.84725952,2.404361963,37.27490997,30000
4350.573584,BAAT GP.,Ness Fm.,8.290046692,20.03461266,19.59736252,2.403174639,35.42468262,30000
4350.725584,BAAT GP.,Ness Fm.,8.286318779,19.55655098,19.09060669,2.392322302,33.10800934,30000
4350.877584,BAAT GP.,Ness Fm.,8.304976463,21.92658043,21.3314991,2.388376713,31.91554451,30000
4351.029584,BAAT GP.,Ness Fm.,8.325335503,19.8687973,19.34615707,2.390526772,34.20458984,30000
4351.181584,BAAT GP.,Ness Fm.,8.334440231,15.95961666,15.56454468,2.39411211,37.61051559,30000
4351.333584,BAAT GP.,Ness Fm.,8.331573486,17.20803642,16.78578186,2.389566898,40.0370369,30000
4351.485584,BAAT GP.,Ness Fm.,8.323307037,20.75248146,20.15877533,2.386937857,39.60771942,30000
4351.637584,BAAT GP.,Ness Fm.,8.316514969,20.54318237,20.00148201,2.388161898,38.97527695,30000
4351.789584,BAAT GP.,Ness Fm.,8.323705673,20.1335659,19.63875389,2.389427662,35.56188583,30000
4351.941584,BAAT GP.,Ness Fm.,8.320397377,19.18577004,18.72702789,2.391876459,34.05168152,30000
4352.093584,BAAT GP.,Ness Fm.,8.32448101,18.92584992,18.50677109,2.397979975,31.6209259,30000
4352.245584,BAAT GP.,Ness Fm.,8.344304085,21.32284546,20.86079025,2.407787085,34.0013237,30000
4352.397584,BAAT GP.,Ness Fm.,8.359697342,19.25325966,18.81612968,2.420575142,42.90926743,30000
4352.549584,BAAT GP.,Ness Fm.,8.358800888,16.33465385,15.9851408,2.438514948,52.69361115,30000
4352.701584,BAAT GP.,Ness Fm.,8.352743149,14.55599022,14.23330498,2.44395709,57.15062714,30000
4352.853584,BAAT GP.,Ness Fm.,8.342455864,13.93672562,13.62960243,2.439556837,55.1460495,30000
4353.005584,BAAT GP.,Ness Fm.,8.324071884,13.90293312,13.5179739,2.431220532,49.48723984,30000
4353.157584,BAAT GP.,Ness Fm.,8.315787315,15.32351208,14.9036417,2.425542116,44.66263962,30000
4353.309584,BAAT GP.,Ness Fm.,8.323393822,16.86181259,16.40491676,2.425914526,39.83413315,30000
4353.461584,BAAT GP.,Ness Fm.,8.324831009,16.88540077,16.43736267,2.421771526,35.12335205,30000
4353.613584,BAAT GP.,Ness Fm.,8.309252739,17.43443108,17.00906754,2.412585259,33.42765045,30000
4353.765584,BAAT GP.,Ness Fm.,8.296573639,19.75166321,19.23687172,2.405815125,32.95681381,30000
4353.917584,BAAT GP.,Ness Fm.,8.331359863,19.5855484,19.04172134,2.414941311,33.47009277,30000
4354.069584,BAAT GP.,Ness Fm.,8.345928192,18.31678391,17.77765274,2.444911718,32.32026291,30000
4354.221584,BAAT GP.,Ness Fm.,8.334706307,17.74389648,17.20611382,2.466699839,29.97553635,30000
4354.373584,BAAT GP.,Ness Fm.,8.325833321,16.83742714,16.37234879,2.474368572,28.03754425,30000
4354.525584,BAAT GP.,Ness Fm.,8.323900223,14.68046093,14.38586521,2.479852676,25.82035828,30000
4354.677584,BAAT GP.,Ness Fm.,8.299406052,13.60443592,13.30764198,2.490417004,23.75113678,30000
4354.829584,BAAT GP.,Ness Fm.,8.287799835,13.89668846,13.51881886,2.509106875,21.85643578,30000
4354.981584,BAAT GP.,Ness Fm.,8.293932915,12.69900894,12.38698196,2.513538837,22.13734627,30000
4355.133584,BAAT GP.,Ness Fm.,8.302945137,11.30073357,11.01980782,2.513643503,22.31657982,30000
4355.285584,BAAT GP.,Ness Fm.,8.29779911,9.263973236,9.055669785,2.495085955,26.00094986,30000
4355.437584,BAAT GP.,Ness Fm.,8.289796829,7.651852608,7.508373737,2.46591711,30.53626633,65030
4355.589584,BAAT GP.,Ness Fm.,8.281834602,7.065502167,6.923733711,2.436082363,35.25141525,65030
4355.741584,BAAT GP.,Ness Fm.,8.288692474,9.242362976,9.001279831,2.420492172,38.60612869,65030
4355.893584,BAAT GP.,Ness Fm.,8.287884712,12.17175865,11.80822182,2.424995422,39.57227707,65030
4356.045584,BAAT GP.,Ness Fm.,8.282835007,13.4014492,12.98032093,2.449956179,40.01287079,30000
4356.197584,BAAT GP.,Ness Fm.,8.28180027,15.10021114,14.59326363,2.50202632,38.2265892,30000
4356.349584,BAAT GP.,Ness Fm.,8.287654877,18.08022308,17.4801712,2.573886633,36.18409729,30000
4356.501584,BAAT GP.,Ness Fm.,8.286910057,19.12085152,18.47644043,2.630682945,36.27155304,30000
4356.653584,BAAT GP.,Ness Fm.,8.286737442,19.0341816,18.42797852,2.648191929,36.84148026,30000
4356.805584,BAAT GP.,Ness Fm.,8.276213646,18.52853966,17.99541664,2.631906033,41.37356949,30000
4356.957584,BAAT GP.,Ness Fm.,8.300555229,17.30273247,16.96124458,2.593151569,46.96365738,30000
4357.109584,BAAT GP.,Ness Fm.,8.340859413,13.05060768,12.86530685,2.539076805,52.36689758,30000
4357.261584,BAAT GP.,Ness Fm.,8.3197155,10.00794983,9.897941589,2.489589214,54.18862534,30000
4357.413584,BAAT GP.,Ness Fm.,8.301795006,10.12458992,10.02409172,2.472389698,55.6092453,30000
4357.565584,BAAT GP.,Ness Fm.,8.302900314,9.79691124,9.72356987,2.470793247,56.76236343,30000
4357.717584,BAAT GP.,Ness Fm.,8.30478096,8.618648529,8.583277702,2.472707987,55.71816254,30000
4357.869584,BAAT GP.,Ness Fm.,8.309648514,9.313472748,9.274729729,2.465204239,51.56019592,30000
4358.021584,BAAT GP.,Ness Fm.,8.304430962,12.53740883,12.45405769,2.457932711,41.10768127,30000
4358.173584,BAAT GP.,Ness Fm.,8.27752018,15.12587929,15.00508595,2.464960337,31.8051796,30000
4358.325584,BAAT GP.,Ness Fm.,8.285953522,18.87035561,18.65319252,2.500429392,25.24402618,30000
4358.477584,BAAT GP.,Ness Fm.,8.325685501,22.43469238,22.10276413,2.542467833,25.08082008,30000
4358.629584,BAAT GP.,Ness Fm.,8.351214409,26.67888451,26.19137764,2.565421104,29.44503593,30000
4358.781584,BAAT GP.,Ness Fm.,8.33691597,25.60909843,25.13596916,2.5515275,34.86920929,30000
4358.933584,BAAT GP.,Ness Fm.,8.303851128,22.00936508,21.4474659,2.546974182,38.44105148,30000
4359.085584,BAAT GP.,Ness Fm.,8.307153702,20.3286705,19.65559959,2.568876028,38.34505081,30000
4359.237584,BAAT GP.,Ness Fm.,8.317899704,19.54879761,18.81900597,2.611282587,35.68716431,30000
4359.389584,BAAT GP.,Ness Fm.,8.319696426,17.83163071,17.190979,2.649289608,33.98500443,30000
4359.541584,BAAT GP.,Ness Fm.,8.319115639,15.85539913,15.39563561,2.666926146,37.93027496,30000
4359.693584,BAAT GP.,Ness Fm.,8.317899704,13.20304108,12.86641026,2.672696352,47.94950867,30000
4359.845584,BAAT GP.,Ness Fm.,8.325026512,10.78204346,10.52896404,2.65778017,57.03939819,30000
4359.997584,BAAT GP.,Ness Fm.,8.324661255,9.51204586,9.307373047,2.636860848,57.69862366,30000
4360.149584,BAAT GP.,Ness Fm.,8.326218605,8.805747986,8.620070458,2.616733074,53.25165176,30000
4360.301584,BAAT GP.,Ness Fm.,8.338732719,8.34975338,8.166500092,2.594899178,51.75898743,65030
4360.453584,BAAT GP.,Ness Fm.,8.378171921,7.863105297,7.681110859,2.56309247,56.2192688,65030
4360.605584,BAAT GP.,Ness Fm.,8.417855263,7.337097168,7.160212517,2.530555964,61.68567276,65030
4360.757584,BAAT GP.,Ness Fm.,8.419792175,6.880008698,6.707928181,2.512915611,65.49577332,65030
4360.909584,BAAT GP.,Ness Fm.,8.403306007,6.717654228,6.536912918,2.506786108,67.52466583,65030
4361.061584,BAAT GP.,Ness Fm.,8.408122063,6.889622688,6.689866066,2.509814501,70.28244019,65030
4361.213584,BAAT GP.,Ness Fm.,8.420620918,7.144546509,6.924629211,2.521355391,71.28658295,65030
4361.365584,BAAT GP.,Ness Fm.,8.426657677,6.953098774,6.731307983,2.534627199,69.93723297,65030
4361.517584,BAAT GP.,Ness Fm.,8.402262688,7.465579033,7.208261967,2.5310812,63.11027527,65030
4361.669584,BAAT GP.,Ness Fm.,8.360931397,8.633532524,8.304924965,2.490523338,51.66002655,65030
4361.821584,BAAT GP.,Ness Fm.,8.355071068,9.774745941,9.394936562,2.435399771,42.13745499,30000
4361.973584,BAAT GP.,Ness Fm.,8.363100052,11.17651939,10.71640205,2.395531654,36.37313843,30000
4362.125584,BAAT GP.,Ness Fm.,8.363100052,12.71166229,12.15705109,2.390217304,36.08000565,30000
4362.277584,BAAT GP.,Ness Fm.,8.364739418,13.51652241,12.91195774,2.407099962,38.71041489,30000
4362.429584,BAAT GP.,Ness Fm.,8.351352692,13.11219788,12.59553814,2.421712637,40.35033417,30000
4362.581584,BAAT GP.,Ness Fm.,8.337374687,12.41704178,12.01355171,2.422014237,41.67221451,30000
4362.733584,BAAT GP.,Ness Fm.,8.349006653,12.57060337,12.22515583,2.406196833,41.50020599,30000
4362.885584,BAAT GP.,Ness Fm.,8.358487129,12.96743965,12.73572826,2.390065908,39.48562241,30000
4363.037584,BAAT GP.,Ness Fm.,8.360310555,13.410882,13.25820065,2.377475262,35.72536469,30000
4363.189584,BAAT GP.,Ness Fm.,8.363100052,14.40736294,14.20025063,2.371626377,34.18603134,30000
4363.341584,BAAT GP.,Ness Fm.,8.358270645,15.22307015,14.94757271,2.377890348,38.21570206,30000
4363.493584,BAAT GP.,Ness Fm.,8.352419853,15.42433071,15.13069725,2.403220415,44.32364273,30000
4363.645584,BAAT GP.,Ness Fm.,8.352568626,13.84333992,13.53540611,2.439968824,48.66029739,30000
4363.797584,BAAT GP.,Ness Fm.,8.357175827,11.12492657,10.87216854,2.472099781,49.81990433,30000
4363.949584,BAAT GP.,Ness Fm.,8.353826523,9.573248863,9.377438545,2.490095615,49.78305054,30000
4364.101584,BAAT GP.,Ness Fm.,8.352696419,9.749116898,9.520633698,2.496584177,49.47570801,30000
4364.253584,BAAT GP.,Ness Fm.,8.352012634,10.36289692,10.09344387,2.506860018,48.62133789,30000
4364.405584,BAAT GP.,Ness Fm.,8.349143982,10.28277111,9.996263504,2.525968075,48.57589722,30000
4364.557584,BAAT GP.,Ness Fm.,8.341831207,10.44973183,10.13351727,2.558238268,49.50939179,30000
4364.709584,BAAT GP.,Ness Fm.,8.349733353,11.151968,10.76809406,2.598215342,51.5086441,30000
4364.861584,BAAT GP.,Ness Fm.,8.373624802,11.74471092,11.30516625,2.625878096,53.76699448,30000
4365.013584,BAAT GP.,Ness Fm.,8.367565155,12.11654854,11.64671803,2.636896849,55.49488068,30000
4365.165584,BAAT GP.,Ness Fm.,8.357032776,11.88675976,11.4464941,2.634777546,55.40426636,30000
4365.317584,BAAT GP.,Ness Fm.,8.357081413,11.53391743,11.13190937,2.631978512,53.10556793,30000
4365.469584,BAAT GP.,Ness Fm.,8.354000092,11.57321072,11.13727856,2.628779411,55.28182221,30000
4365.621584,BAAT GP.,Ness Fm.,8.355520248,11.17055893,10.73676872,2.619573116,64.89149475,30000
4365.773584,BAAT GP.,Ness Fm.,8.360028267,10.42970371,10.03656292,2.610183954,74.35779572,30000
4365.925584,BAAT GP.,Ness Fm.,8.358678818,9.711395264,9.357421875,2.600172758,74.62736511,30000
4366.077584,BAAT GP.,Ness Fm.,8.348215103,8.937555313,8.609345436,2.591891527,67.10683441,30000
4366.229584,BAAT GP.,Ness Fm.,8.350654602,8.427436829,8.129152298,2.58230114,63.9482193,30000
4366.381584,BAAT GP.,Ness Fm.,8.364382744,7.766723633,7.537855625,2.571112394,71.10112,65030
4366.533584,BAAT GP.,Ness Fm.,8.379094124,6.777779102,6.608967304,2.561657906,80.03221893,65030
4366.685584,BAAT GP.,Ness Fm.,8.393028259,6.182931423,6.046025276,2.551277399,84.17687225,65030
4366.837584,BAAT GP.,Ness Fm.,8.39620018,6.13435173,6.003638268,2.540593863,81.4007721,65030
4366.989584,BAAT GP.,Ness Fm.,8.393398285,6.279420853,6.142925739,2.528462887,76.53459168,65030
4367.141584,BAAT GP.,Ness Fm.,8.39735508,6.380189896,6.236978054,2.519074678,71.74803925,65030
4367.293584,BAAT GP.,Ness Fm.,8.399866104,6.584813595,6.436184406,2.510377169,64.9084549,65030
4367.445584,BAAT GP.,Ness Fm.,8.3738451,7.235080242,7.052721977,2.491343498,60.35622025,65030
4367.597584,BAAT GP.,Ness Fm.,8.356501579,8.296989441,8.060021401,2.466160059,57.62164688,65030
4367.749584,BAAT GP.,Ness Fm.,8.361742973,8.90090847,8.649439812,2.447752237,58.12041473,65030
4367.901584,BAAT GP.,Ness Fm.,8.357354164,8.84313488,8.602865219,2.447170496,57.62755203,30000
4368.053584,BAAT GP.,Ness Fm.,8.354000092,8.982889175,8.751719475,2.452272654,54.85504532,30000
4368.205584,BAAT GP.,Ness Fm.,8.354000092,9.512587547,9.27600193,2.450160027,51.41247177,30000
4368.357584,BAAT GP.,Ness Fm.,8.355374336,10.20873451,9.963985443,2.434096575,50.08782959,30000
4368.509584,BAAT GP.,Ness Fm.,8.358423233,10.75569725,10.53229904,2.413272142,49.20501328,30000
4368.661584,BAAT GP.,Ness Fm.,8.361412048,10.81081295,10.60096264,2.388932228,48.35701752,30000
4368.813584,BAAT GP.,Ness Fm.,8.363100052,10.93402576,10.72725296,2.370615959,47.78556442,30000
4368.965584,BAAT GP.,Ness Fm.,8.36180687,11.10537243,10.88682365,2.363798142,47.526371,30000
4369.117584,BAAT GP.,Ness Fm.,8.36267376,10.95300865,10.76037884,2.371291399,46.62611771,30000
4369.269584,BAAT GP.,Ness Fm.,8.363540649,11.17909527,11.01404858,2.387132883,45.13322449,30000
4369.421584,BAAT GP.,Ness Fm.,8.361372948,11.30428124,11.10210896,2.400495768,48.39689255,30000
4369.573584,BAAT GP.,Ness Fm.,8.360567093,10.55089665,10.34621429,2.419030666,54.18166351,30000
4369.725584,BAAT GP.,Ness Fm.,8.355797768,8.797996521,8.639469147,2.444656134,59.29043579,30000
4369.877584,BAAT GP.,Ness Fm.,8.361558914,7.93416357,7.810470581,2.471465349,62.68710709,30000
4370.029584,BAAT GP.,Ness Fm.,8.384561539,7.796142101,7.66980505,2.48893261,63.60181046,30000
4370.181584,BAAT GP.,Ness Fm.,8.396010399,7.644443512,7.509448052,2.492226124,63.16524506,30000
4370.333584,BAAT GP.,Ness Fm.,8.388363838,7.388812542,7.25093317,2.490014076,62.84634018,30000
4370.485584,BAAT GP.,Ness Fm.,8.392632484,7.170654774,7.064008236,2.490513325,64.84373474,30000
4370.637584,BAAT GP.,Ness Fm.,8.39620018,6.816086292,6.671616077,2.498271465,70.22231293,30000
4370.789584,BAAT GP.,Ness Fm.,8.398605347,6.351620674,6.196048737,2.513399601,73.28899384,65030
4370.941584,BAAT GP.,Ness Fm.,8.402199745,5.690281868,5.539636612,2.542784691,75.86331177,65030
4371.093584,BAAT GP.,Ness Fm.,8.403388977,4.731170178,4.615289688,2.594066858,82.01008606,65030
4371.245584,BAAT GP.,Ness Fm.,8.411150932,3.977402687,3.889510632,2.647092104,88.54620361,65030
4371.397584,BAAT GP.,Ness Fm.,8.419089317,3.93516326,3.840758801,2.648910999,91.59163666,65030
4371.549584,BAAT GP.,Ness Fm.,8.41140461,4.593677998,4.454743385,2.591981173,91.28192139,65030
4371.701584,BAAT GP.,Ness Fm.,8.398742676,5.23225975,5.04192543,2.511966705,90.62102509,65030
4371.853584,BAAT GP.,Ness Fm.,8.396636963,5.457465649,5.236870289,2.463452101,92.13869476,65030
4372.005584,BAAT GP.,Ness Fm.,8.382763863,5.43178463,5.185427189,2.471362829,89.91001892,65030
4372.157584,BAAT GP.,Ness Fm.,8.348735809,5.389019966,5.137966633,2.52024436,88.46768951,65030
4372.309584,BAAT GP.,Ness Fm.,8.346125603,5.233965397,5.027317524,2.572740078,86.33899689,65030
4372.461584,BAAT GP.,Ness Fm.,8.353629112,5.063337803,4.875613689,2.59318614,83.87519836,65030
4372.613584,BAAT GP.,Ness Fm.,8.361031532,5.055608273,4.87882328,2.593912363,80.34598541,65030
4372.765584,BAAT GP.,Ness Fm.,8.355126381,5.072924137,4.908264637,2.585379124,74.6434021,65030
4372.917584,BAAT GP.,Ness Fm.,8.363010407,5.133775711,4.988409042,2.572280884,64.54388428,30000
4373.069584,BAAT GP.,Ness Fm.,8.390626907,5.778338909,5.631884575,2.544569016,52.16287994,30000
4373.221584,BAAT GP.,Ness Fm.,8.402199745,6.787441731,6.613673687,2.498791695,43.24627304,30000
4373.373584,BAAT GP.,Ness Fm.,8.404336929,7.574154854,7.396080494,2.445108414,41.89835358,30000
4373.525584,BAAT GP.,Ness Fm.,8.405015945,8.823724747,8.594244957,2.412515402,41.83598709,30000
4373.677584,BAAT GP.,Ness Fm.,8.404474258,9.727145195,9.450456619,2.409144878,45.34940338,30000
4373.829584,BAAT GP.,Ness Fm.,8.408960342,9.320997238,9.07965374,2.424788475,50.64092255,30000
4373.981584,BAAT GP.,Ness Fm.,8.387749672,8.155999184,7.986093521,2.431272984,54.46001053,30000
4374.133584,BAAT GP.,Ness Fm.,8.360941887,7.915688515,7.754983902,2.427603245,57.58385086,30000
4374.285584,BAAT GP.,Ness Fm.,8.347946167,7.92997551,7.761826515,2.420307159,61.10892868,30000
4374.437584,BAAT GP.,Ness Fm.,8.344022751,7.740991116,7.614245415,2.422279835,61.97193527,30000
4374.589584,BAAT GP.,Ness Fm.,8.349003792,7.62122488,7.523800373,2.424097776,58.52636719,30000
4374.741584,BAAT GP.,Ness Fm.,8.348006249,7.890050888,7.797049999,2.418244362,54.10783005,30000
4374.893584,BAAT GP.,Ness Fm.,8.345963478,7.935418129,7.831325054,2.400473118,50.19709015,30000
4375.045584,BAAT GP.,Ness Fm.,8.352031708,7.966339111,7.859567642,2.378458977,49.02069855,30000
4375.197584,BAAT GP.,Ness Fm.,8.349954605,8.2307024,8.138037682,2.36549449,45.27083969,30000
4375.349584,BAAT GP.,Ness Fm.,8.355129242,8.229024887,8.070877075,2.378577709,45.58154297,30000
4375.501584,BAAT GP.,Ness Fm.,8.367901802,7.52491951,7.359127522,2.436906338,52.94083023,30000
4375.653584,BAAT GP.,Ness Fm.,8.386378288,6.546648979,6.391059399,2.51602459,65.37825775,30000
4375.805584,BAAT GP.,Ness Fm.,8.365839005,5.740695,5.603301525,2.574081659,78.98388672,30000
4375.957584,BAAT GP.,Ness Fm.,8.338999748,5.25294447,5.149113655,2.589288712,81.96527863,30000
4376.109584,BAAT GP.,Ness Fm.,8.348302841,5.109634876,5.009823799,2.610518932,80.97065735,65030
4376.261584,BAAT GP.,Ness Fm.,8.389410019,5.117097378,5.016797543,2.655871153,75.94096375,65030
4376.413584,BAAT GP.,Ness Fm.,8.421564102,5.145815373,5.043831348,2.683586359,71.62770844,65030
4376.565584,BAAT GP.,Ness Fm.,8.374771118,5.110803127,5.01724577,2.670682192,69.87139893,65030
4376.717584,BAAT GP.,Ness Fm.,8.334517479,5.016041756,4.917008877,2.638179064,70.79932404,65030
4376.869584,BAAT GP.,Ness Fm.,8.330116272,4.83244133,4.726624966,2.61909771,75.26470184,65030
4377.021584,BAAT GP.,Ness Fm.,8.347631455,4.767248154,4.653687954,2.613161326,77.23219299,65030
4377.173584,BAAT GP.,Ness Fm.,8.355769157,4.758038521,4.639128208,2.607528925,78.19468689,65030
4377.325584,BAAT GP.,Ness Fm.,8.359236717,4.668178082,4.540447712,2.604376316,80.8035202,65030
4377.477584,BAAT GP.,Ness Fm.,8.36480999,4.57678318,4.448254585,2.593944073,84.64797211,65030
4377.629584,BAAT GP.,Ness Fm.,8.389227867,4.623542309,4.487104416,2.583833933,83.49407959,65030
4377.781584,BAAT GP.,Ness Fm.,8.402199745,4.908842564,4.754066944,2.571748495,78.15000153,65030
4377.933584,BAAT GP.,Ness Fm.,8.404700279,5.040266991,4.882148743,2.5665555,72.74462891,65030
4378.085584,BAAT GP.,Ness Fm.,8.409560204,5.100652695,4.939048767,2.561589003,72.46127319,65030
4378.237584,BAAT GP.,Ness Fm.,8.407639504,5.121472359,4.972658157,2.539840937,71.58660889,65030
4378.389584,BAAT GP.,Ness Fm.,8.415006638,5.626832008,5.461548328,2.505454063,67.54450989,30000
4378.541584,BAAT GP.,Ness Fm.,8.416399956,6.087342739,5.913063526,2.462697268,60.17601395,30000
4378.693584,BAAT GP.,Ness Fm.,8.400693893,6.751935959,6.572196484,2.432729006,56.102314,30000
4378.845584,BAAT GP.,Ness Fm.,8.359824181,7.554890156,7.36330986,2.419753552,53.98263931,30000
4378.997584,BAAT GP.,Ness Fm.,8.356185913,7.834436417,7.633154869,2.43324399,53.21723557,30000
4379.149584,BAAT GP.,Ness Fm.,8.380597115,7.758732796,7.56504488,2.465767622,55.39332962,30000
4379.301584,BAAT GP.,Ness Fm.,8.403687477,7.324995995,7.163265228,2.508687973,60.76839066,30000
4379.453584,BAAT GP.,Ness Fm.,8.393929482,6.678998947,6.55199194,2.538619518,72.26406097,30000
4379.605584,BAAT GP.,Ness Fm.,8.372134209,5.827963352,5.7358284,2.563886643,80.87598419,30000
4379.757584,BAAT GP.,Ness Fm.,8.351792336,5.186441422,5.117843628,2.578324795,86.28029633,65030
4379.909584,BAAT GP.,Ness Fm.,8.344270706,4.791472912,4.736385822,2.586618662,84.99833679,65030
4380.061584,BAAT GP.,Ness Fm.,8.347803116,4.857514381,4.79549408,2.58621645,80.47921753,65030
4380.213584,BAAT GP.,Ness Fm.,8.373279572,4.76166296,4.703389168,2.578053236,78.08702087,65030
4380.365584,BAAT GP.,Ness Fm.,8.39690876,4.807856083,4.762495995,2.556048155,73.91062927,65030
4380.517584,BAAT GP.,Ness Fm.,8.406921387,5.317807674,5.267805576,2.523286104,66.27548218,65030
4380.669584,BAAT GP.,Ness Fm.,8.43092823,6.084314823,6.024991512,2.482228994,55.58792496,65030
4380.821584,BAAT GP.,Ness Fm.,8.428337097,7.335663796,7.275477409,2.459883928,47.46529388,30000
4380.973584,BAAT GP.,Ness Fm.,8.429900169,8.619563103,8.517075539,2.45944953,46.04441071,30000
4381.125584,BAAT GP.,Ness Fm.,8.410533905,9.463339806,9.351384163,2.483817577,48.23114777,30000
4381.277584,BAAT GP.,Ness Fm.,8.398299217,9.611121178,9.507907867,2.492742539,51.93973541,30000
4381.429584,BAAT GP.,Ness Fm.,8.361123085,8.937314034,8.867527008,2.370904207,52.65690613,30000
4381.581584,BAAT GP.,Ness Fm.,8.35466671,9.814709663,9.755504608,2.155782938,52.3707695,30000
4381.733584,BAAT GP.,Ness Fm.,8.358376503,10.18214035,10.16484165,2.102546454,49.55617142,90000
4381.885584,BAAT GP.,Ness Fm.,8.368136406,11.13024902,11.12777615,2.19156599,49.21483612,90000
4382.037584,BAAT GP.,Ness Fm.,8.390810967,11.72154713,11.65436554,2.387229919,49.93951798,90000
4382.189584,BAAT GP.,Ness Fm.,8.409479141,12.19280338,12.11530304,2.465757132,51.7413826,90000
4382.341584,BAAT GP.,Ness Fm.,8.428104401,9.505582809,9.376381874,2.473447323,54.92307663,30000
4382.493584,BAAT GP.,Ness Fm.,8.432315826,8.393684387,8.268164635,2.484300852,57.02994919,30000
4382.645584,BAAT GP.,Ness Fm.,8.417300224,7.220139504,7.120697498,2.486271858,61.99185944,30000
4382.797584,BAAT GP.,Ness Fm.,8.404618263,6.269127846,6.20343256,2.499894619,67.02770996,30000
4382.949584,BAAT GP.,Ness Fm.,8.390096664,5.986598969,5.925250053,2.523568392,70.01242065,65030
4383.101584,BAAT GP.,Ness Fm.,8.337863922,5.909956455,5.845417976,2.560133934,73.7159195,65030
4383.253584,BAAT GP.,Ness Fm.,8.338067055,5.833806992,5.759489536,2.583251953,78.3846283,65030
4383.405584,BAAT GP.,Ness Fm.,8.359545708,5.480949402,5.402693272,2.589593411,78.7670517,65030
4383.557584,BAAT GP.,Ness Fm.,8.364234924,5.304628372,5.218347073,2.590427637,75.92972565,65030
4383.709584,BAAT GP.,Ness Fm.,8.392938614,5.160067558,5.061676025,2.603731871,78.87587738,65030
4383.861584,BAAT GP.,Ness Fm.,8.374362946,5.032857895,4.929584026,2.61158967,88.06783295,65030
4384.013584,BAAT GP.,Ness Fm.,8.358150482,4.883348465,4.777262688,2.613773346,90.13298798,65030
4384.165584,BAAT GP.,Ness Fm.,8.362078667,4.762461186,4.648792744,2.604665995,84.29508209,65030
4384.317584,BAAT GP.,Ness Fm.,8.358107567,4.692156792,4.564911366,2.606499195,75.88399506,65030
4384.469584,BAAT GP.,Ness Fm.,8.3586092,4.686737061,4.548489571,2.619499207,73.76174927,65030
4384.621584,BAAT GP.,Ness Fm.,8.332551003,4.756793976,4.599453926,2.636505842,77.95230103,65030
4384.773584,BAAT GP.,Ness Fm.,8.315657616,4.806135654,4.638447762,2.64273262,85.93719482,65030
4384.925584,BAAT GP.,Ness Fm.,8.319330216,4.675230503,4.514665604,2.637350321,91.47357178,65000
4385.077584,BAAT GP.,Ness Fm.,8.321676254,4.625901222,4.469157219,2.632992744,88.09362793,65000
4385.229584,BAAT GP.,Ness Fm.,8.342924118,4.830021858,4.652480602,2.616158962,83.45561981,65000
4385.381584,BAAT GP.,Ness Fm.,8.34710598,5.122128964,4.92126751,2.594567061,77.22796631,65000
4385.533584,BAAT GP.,Ness Fm.,8.349072456,5.599402905,5.364392281,2.575248957,75.91769409,65030
4385.685584,BAAT GP.,Ness Fm.,8.388018608,6.080980301,5.812281609,2.570069075,67.28468323,65030
4385.837584,BAAT GP.,Ness Fm.,8.372540474,6.150741577,5.887135983,2.565372229,66.24765015,65030
4385.989584,BAAT GP.,Ness Fm.,8.35751915,6.207108498,5.964128017,2.543942452,60.64255142,65030
4386.141584,BAAT GP.,Ness Fm.,8.360099793,6.764851093,6.480247498,2.535751343,58.50479507,65030
4386.293584,BAAT GP.,Ness Fm.,8.359273911,7.355743885,7.066182613,2.536347866,54.33553696,65030
4386.445584,BAAT GP.,Ness Fm.,8.35641098,7.040907383,6.797254562,2.529904366,55.17607117,65030
4386.597584,BAAT GP.,Ness Fm.,8.37366581,6.96045208,6.753374577,2.496896267,55.8141098,30000
4386.749584,BAAT GP.,Ness Fm.,8.386370659,7.406553268,7.202749729,2.455712795,50.99905777,30000
4386.901584,BAAT GP.,Ness Fm.,8.404047966,8.438387871,8.203204155,2.431084871,41.18199158,30000
4387.053584,BAAT GP.,Ness Fm.,8.416836739,9.317404747,9.065191269,2.412786961,39.03629303,30000
4387.205584,BAAT GP.,Ness Fm.,8.413844109,10.21229553,9.943876267,2.403904676,42.14554215,30000
4387.357584,BAAT GP.,Ness Fm.,8.409452438,10.73224258,10.46167374,2.397964954,46.48617172,30000
4387.509584,BAAT GP.,Ness Fm.,8.396542549,11.52635193,11.25383663,2.398316383,44.54589462,30000
4387.661584,BAAT GP.,Ness Fm.,8.398529053,10.96483898,10.75628281,2.405114889,39.92928314,30000
4387.813584,BAAT GP.,Ness Fm.,8.3898983,10.46497822,10.29539585,2.422679424,39.40180588,30000
4387.965584,BAAT GP.,Ness Fm.,8.362864494,10.38503265,10.25623322,2.436474323,40.9136467,30000
4388.117584,BAAT GP.,Ness Fm.,8.360512734,10.05686092,9.960487366,2.444018841,43.48823547,30000
4388.269584,BAAT GP.,Ness Fm.,8.357398987,10.09263134,9.980272293,2.436108112,41.9516983,30000
4388.421584,BAAT GP.,Ness Fm.,8.360392571,11.1873312,11.06988907,2.407996178,38.54865646,30000
4388.573584,BAAT GP.,Ness Fm.,8.359368324,12.30985546,12.17548943,2.380167007,35.76317978,30000
4388.725584,BAAT GP.,Ness Fm.,8.323342323,12.74437332,12.61380196,2.37300086,38.98607636,30000
4388.877584,BAAT GP.,Ness Fm.,8.318444252,12.93626404,12.83176041,2.391105413,41.85912323,30000
4389.029584,BAAT GP.,Ness Fm.,8.323104858,12.56023789,12.47183323,2.406792402,40.42790985,30000
4389.181584,BAAT GP.,Ness Fm.,8.315415382,12.48302269,12.42195988,2.411766291,32.31079102,30000
4389.333584,BAAT GP.,Ness Fm.,8.323821068,13.11128807,13.11039257,2.399457693,29.20519257,30000
4389.485584,BAAT GP.,Ness Fm.,8.358511925,13.73354244,13.71545124,2.396778345,34.09231949,30000
4389.637584,BAAT GP.,Ness Fm.,8.374643326,12.9443655,12.84188747,2.398263693,40.98191071,30000
4389.789584,BAAT GP.,Ness Fm.,8.369321823,13.07067204,12.94305611,2.405809879,48.38212967,30000
4389.941584,BAAT GP.,Ness Fm.,8.371884346,9.194083214,9.09718132,2.414083481,51.19362259,30000
4390.093584,BAAT GP.,Ness Fm.,8.36847496,7.332454681,7.229112148,2.40540576,53.32807159,30000
4390.245584,BAAT GP.,Ness Fm.,8.360388756,8.289716721,8.1715765,2.396100044,51.11555862,30000
4390.397584,BAAT GP.,Ness Fm.,8.364769936,9.382092476,9.290637016,2.397132158,50.1402626,30000
4390.549584,BAAT GP.,Ness Fm.,8.369956017,9.69207859,9.607675552,2.412861824,51.05114746,30000
4390.701584,BAAT GP.,Ness Fm.,8.367530823,10.01971245,9.858597755,2.425765753,48.81602097,30000
4390.853584,BAAT GP.,Ness Fm.,8.363100052,9.980000496,9.817583084,2.425732851,49.90135574,30000
4391.005584,BAAT GP.,Ness Fm.,8.363100052,9.875781059,9.725261688,2.435153008,50.54614258,30000
4391.157584,BAAT GP.,Ness Fm.,8.363100052,8.56967926,8.455247879,2.440456152,52.43512344,30000
4391.309584,BAAT GP.,Ness Fm.,8.363100052,7.594502449,7.524065018,2.454738617,54.043293,30000
4391.461584,BAAT GP.,Ness Fm.,8.363100052,7.173066616,7.128356457,2.454815865,53.67080689,30000
4391.613584,BAAT GP.,Ness Fm.,8.363230705,7.450418949,7.423183918,2.439944983,53.65930557,30000
4391.765584,BAAT GP.,Ness Fm.,8.365729332,8.417201996,8.414886475,2.425113201,49.29925537,30000
4391.917584,BAAT GP.,Ness Fm.,8.357099533,8.890205383,8.927289009,2.413817883,49.20550919,30000
4392.069584,BAAT GP.,Ness Fm.,8.357807159,9.1148386,9.221606255,2.414155245,51.389534,30000
4392.221584,BAAT GP.,Ness Fm.,8.378005981,9.174770355,9.292212486,2.410144568,56.72187424,30000
4392.373584,BAAT GP.,Ness Fm.,8.374662399,9.387656212,9.5099926,2.414497852,57.28949738,30000
4392.525584,BAAT GP.,Ness Fm.,8.360099793,9.1143713,9.254657745,2.410833597,57.78575897,30000
4392.677584,BAAT GP.,Ness Fm.,8.360469818,9.037120819,9.181850433,2.400928736,55.76047134,30000
4392.829584,BAAT GP.,Ness Fm.,8.375639916,9.16004467,9.357344627,2.39013052,55.95406723,30000
4392.981584,BAAT GP.,Ness Fm.,8.399140358,8.783106804,8.980814934,2.387438297,56.43525314,30000
4393.133584,BAAT GP.,Ness Fm.,8.396491051,8.39136219,8.608047485,2.404156685,61.49760056,30000
4393.285584,BAAT GP.,Ness Fm.,8.411961556,7.956634998,8.122723579,2.418595552,64.55558777,30000
4393.437584,BAAT GP.,Ness Fm.,8.369038582,7.275516987,7.424499035,2.442341089,70.74684143,30000
4393.589584,BAAT GP.,Ness Fm.,8.363123894,6.461483002,6.579107761,2.465867281,71.61821747,65030
4393.741584,BAAT GP.,Ness Fm.,8.366083145,5.491891861,5.562436581,2.474309444,80.27928162,65030
4393.893584,BAAT GP.,Ness Fm.,8.363079071,5.15693903,5.217725754,2.475989819,79.32109833,65030
4394.045584,BAAT GP.,Ness Fm.,8.357048988,5.315943718,5.373065949,2.472982168,77.75747681,65030
4399.365584,BAAT GP.,Ness Fm.,8.395653725,4.173340797,4.113549709,1.676166296,70.54291534,90000
4399.517584,BAAT GP.,Ness Fm.,8.398838043,4.714275837,4.648398399,1.535493016,59.62133789,90000
4399.669584,BAAT GP.,Ness Fm.,8.410058022,5.555677891,5.470900059,1.532615066,64.27742004,90000
4399.821584,BAAT GP.,Ness Fm.,8.41119957,6.4387784,6.331385613,1.695105195,75.07543182,90000
4399.973584,BAAT GP.,Ness Fm.,8.362665176,6.310628414,6.220664978,2.073112965,82.35445404,90000
4400.125584,BAAT GP.,Ness Fm.,8.357099533,5.335178852,5.258396149,2.459458113,78.30700684,90000
4400.277584,BAAT GP.,Ness Fm.,8.362455368,5.954275131,5.86618948,2.475185633,69.98402405,30000
4400.429584,BAAT GP.,Ness Fm.,8.36042881,7.892520905,7.746294498,2.481726646,72.07235718,30000
4400.581584,BAAT GP.,Ness Fm.,8.362764359,7.893404007,7.779457092,2.49773097,73.96039581,30000
4400.733584,BAAT GP.,Ness Fm.,8.363100052,7.874455452,7.710090637,2.487286806,78.41439056,30000
4400.885584,BAAT GP.,Ness Fm.,8.357798576,7.985970497,7.783192158,2.406708241,74.94219208,30000
4401.037584,BAAT GP.,Ness Fm.,8.35436821,7.716273785,7.515631199,2.285694122,76.91940308,30000
4401.189584,BAAT GP.,Ness Fm.,8.351370812,7.695875645,7.476622582,2.181421995,78.53879547,30000
4401.341584,BAAT GP.,Ness Fm.,8.358949661,8.052384377,7.705458641,2.120052815,84.96057129,30000
4401.493584,BAAT GP.,Ness Fm.,8.348859787,8.216091156,7.916441917,2.133738041,86.86467743,30000
4401.645584,BAAT GP.,Ness Fm.,8.358410835,8.424856186,8.120863915,2.234225035,84.03099823,30000
4401.797584,BAAT GP.,Ness Fm.,8.344409943,8.320568085,8.039865494,2.408397675,77.88263702,30000
4401.949584,BAAT GP.,Ness Fm.,8.35764885,8.43523407,8.146934509,2.55748558,69.94038391,30000
4402.101584,BAAT GP.,Ness Fm.,8.357512474,8.433376312,8.178113937,2.62684226,67.36979675,30000
4402.253584,BAAT GP.,Ness Fm.,8.351853371,8.44363308,8.194363594,2.635574102,65.83120728,30000
4402.405584,BAAT GP.,Ness Fm.,8.358780861,8.319092751,8.085455895,2.637666702,67.41676331,30000
4402.557584,BAAT GP.,Ness Fm.,8.360099793,8.290099144,8.038301468,2.635357857,69.47409821,30000
4402.709584,BAAT GP.,Ness Fm.,8.337062836,8.185004234,7.927563191,2.631329775,71.40579987,30000
4402.861584,BAAT GP.,Ness Fm.,8.358519554,7.900310516,7.648445129,2.631124258,68.79135132,30000
4403.013584,BAAT GP.,Ness Fm.,8.35286808,7.301351547,7.069915295,2.634159565,65.88252258,30000
4403.165584,BAAT GP.,Ness Fm.,8.373854637,6.926198483,6.715924263,2.586124659,67.97173309,30000
4403.317584,BAAT GP.,Ness Fm.,8.36363411,6.585116386,6.391321182,2.521337271,76.42547607,30000
4403.469584,BAAT GP.,Ness Fm.,8.362745285,6.339135647,6.154294491,2.507780314,76.50262451,30000
4403.621584,BAAT GP.,Ness Fm.,8.360589981,6.126891136,5.950067043,2.549027681,75.28118897,30000
4403.773584,BAAT GP.,Ness Fm.,8.362594605,6.01999855,5.836431503,2.610590696,76.1910553,30000
4403.925584,BAAT GP.,Ness Fm.,8.35812664,6.096969128,5.904392719,2.624881268,80.95346832,30000
4404.077584,BAAT GP.,Ness Fm.,8.357099533,6.213105679,6.009086609,2.624525547,87.41068268,30000
4404.229584,BAAT GP.,Ness Fm.,8.357099533,5.958341599,5.765265942,2.627844572,85.79419708,65000
4404.381584,BAAT GP.,Ness Fm.,8.359565735,5.407693863,5.246823788,2.625887156,86.47850037,65000
4404.533584,BAAT GP.,Ness Fm.,8.360099793,4.881047726,4.742779732,2.631120682,86.10169983,65000
4404.685584,BAAT GP.,Ness Fm.,8.357646942,4.629440785,4.517223358,2.59103179,86.55648804,65000
4404.837584,BAAT GP.,Ness Fm.,8.361991882,4.547835827,4.446750164,2.387759447,86.21533966,65000
4404.989584,BAAT GP.,Ness Fm.,8.355701447,5.190921307,5.0672369,2.198672295,82.10894775,30000
4405.141584,BAAT GP.,Ness Fm.,8.375902176,6.883636951,6.656403065,2.177826881,84.22805023,30000
4405.293584,BAAT GP.,Ness Fm.,8.356859207,7.561762333,7.297169209,2.32712698,81.59672546,30000
4405.445584,BAAT GP.,Ness Fm.,8.356220245,7.74513197,7.453923225,2.552826405,78.04496002,30000
4405.597584,BAAT GP.,Ness Fm.,8.357179642,7.969800472,7.649917126,2.603263617,68.72572327,30000
4405.749584,BAAT GP.,Ness Fm.,8.361890793,8.175855637,7.834683895,2.595336199,66.87036133,30000
4405.901584,BAAT GP.,Ness Fm.,8.370266914,8.473081589,8.104331017,2.601063013,68.90808868,30000
4406.053584,BAAT GP.,Ness Fm.,8.364953995,8.893141747,8.481974602,2.6104846,75.43373108,30000
4406.205584,BAAT GP.,Ness Fm.,8.363100052,8.20445919,7.889958859,2.619605303,78.34751892,30000
4406.357584,BAAT GP.,Ness Fm.,8.355937958,7.400918961,7.160673618,2.473543167,77.65814972,30000
4406.509584,BAAT GP.,Ness Fm.,8.396496773,6.813644409,6.634634972,2.42338562,70.08931732,30000
4406.661584,BAAT GP.,Ness Fm.,8.40350914,6.996949196,6.832912922,2.415205479,59.48326874,65000
4406.813584,BAAT GP.,Ness Fm.,8.404538155,7.325501919,7.15324831,2.537181139,49.39768982,65000
4406.965584,BAAT GP.,Ness Fm.,8.402868271,8.34144783,8.147547722,2.571244955,49.87768173,65000
4407.117584,BAAT GP.,Ness Fm.,8.409174919,9.726742744,9.466269493,2.565807343,65.70948029,65000
4407.269584,BAAT GP.,Ness Fm.,8.41119957,7.859026432,7.686311722,2.563140869,88.03671265,65000
4407.421584,BAAT GP.,Ness Fm.,8.413511276,6.122037888,6.016784191,2.558099747,108.3662949,65000
4407.573584,BAAT GP.,Ness Fm.,8.414199829,5.120598316,5.02105093,2.555163384,114.0813141,65000
4407.725584,BAAT GP.,Ness Fm.,8.416490555,4.131142139,4.05554533,2.555081844,113.2207031,65000
4407.877584,BAAT GP.,Ness Fm.,8.411039352,3.494009495,3.462055683,2.556112766,108.2235336,65000
4408.029584,BAAT GP.,Ness Fm.,8.401593208,3.485261202,3.474267244,2.551546812,101.5933609,65000
4408.181584,BAAT GP.,Ness Fm.,8.419689179,4.061812878,4.06359005,2.510081053,91.77056122,65000
4408.333584,BAAT GP.,Ness Fm.,8.430822372,4.815056801,4.843851566,2.28154254,80.13427734,65000
4408.485584,BAAT GP.,Ness Fm.,8.43680954,5.722735405,5.779927254,1.991804361,73.20411682,65000
4408.637584,BAAT GP.,Ness Fm.,8.442795754,6.688141823,6.785783768,1.821595073,70.89003754,90000
4408.789584,BAAT GP.,Ness Fm.,8.437576294,7.3891716,7.53781271,1.743630886,62.19205856,90000
4408.941584,BAAT GP.,Ness Fm.,8.42859745,7.925714493,8.104571343,1.651440978,51.0259285,90000
4409.093584,BAAT GP.,Ness Fm.,8.435181618,9.450978279,9.709368706,1.497279644,43.67837524,90000
4409.245584,BAAT GP.,Ness Fm.,8.444639206,13.93410397,14.03451252,1.407735348,56.49827194,90000
4409.397584,BAAT GP.,Ness Fm.,8.442785263,10.3179903,10.27233124,1.476961374,80.24275208,90000
4409.549584,BAAT GP.,Ness Fm.,8.412657738,6.05574131,5.992322445,1.746577144,100.29039,90000
4409.701584,BAAT GP.,Ness Fm.,8.410963059,3.905032158,3.849529505,2.198351145,107.8587112,90000
4409.853584,BAAT GP.,Ness Fm.,8.398911476,2.76260972,2.724962711,2.476200342,111.5484695,65000
4410.005584,BAAT GP.,Ness Fm.,8.369176865,2.214551926,2.183124542,2.581156254,114.4075241,65000
4410.157584,BAAT GP.,Ness Fm.,8.360099793,2.141083956,2.109683991,2.621147394,115.3783188,65000
4410.309584,BAAT GP.,Ness Fm.,8.351400375,2.196795225,2.153748512,2.636980295,115.2090073,65000
4410.461584,BAAT GP.,Ness Fm.,8.356660843,2.213186264,2.162508488,2.636735916,112.8347321,65000
4410.613584,BAAT GP.,Ness Fm.,8.360671043,2.176339388,2.107457399,2.632117748,107.756958,65000
4410.765584,BAAT GP.,Ness Fm.,8.360330582,2.103104591,2.036082029,2.60163784,102.414978,65000
4410.917584,BAAT GP.,Ness Fm.,8.360099793,2.114354372,2.047876597,2.56271553,98.60187531,65000
4411.069584,BAAT GP.,Ness Fm.,8.360099793,2.244042873,2.170123339,2.539231777,96.55053711,65000
4411.221584,BAAT GP.,Ness Fm.,8.343121529,2.465841532,2.379901171,2.554671288,93.06104279,65000
4411.373584,BAAT GP.,Ness Fm.,8.329679489,3.111340523,2.978673697,2.581347704,86.3208313,65000
4411.525584,BAAT GP.,Ness Fm.,8.331199646,4.268915176,4.040136337,2.621479511,75.25708008,65000
4411.677584,BAAT GP.,Ness Fm.,8.330913544,5.324649334,4.991299152,2.682972431,63.83795548,65030
4411.829584,BAAT GP.,Ness Fm.,8.327922821,6.624322891,6.133414745,2.718406916,55.77098084,65030
4411.981584,BAAT GP.,Ness Fm.,8.337349892,7.901883125,7.235272884,2.694056511,58.91220856,65030
4412.133584,BAAT GP.,Ness Fm.,8.362701416,8.374918938,7.647810459,2.638384104,66.48577881,65030
4412.285584,BAAT GP.,Ness Fm.,8.364421845,7.394952297,6.792255878,2.61275053,72.08318329,65030
4412.437584,BAAT GP.,Ness Fm.,8.368552208,6.224142075,5.821032047,2.573761225,76.19078064,65030
4412.589584,BAAT GP.,Ness Fm.,8.36181736,5.358931065,5.093552113,2.494721413,77.69978333,65030
4412.741584,BAAT GP.,Ness Fm.,8.357068062,4.806175709,4.613498688,2.334301233,78.868927,65030
4412.893584,BAAT GP.,Ness Fm.,8.357099533,5.14496851,4.975471497,2.092392683,74.70391846,90000
4413.045584,BAAT GP.,Ness Fm.,8.385394096,6.403328896,6.214152336,1.960497975,73.83315277,90000
4413.197584,BAAT GP.,Ness Fm.,8.373051643,6.960372448,6.786888599,1.886404991,77.43676758,90000
4413.349584,BAAT GP.,Ness Fm.,8.362099648,5.569584847,5.441376686,1.882194758,88.75335693,90000
4413.501584,BAAT GP.,Ness Fm.,8.363100052,4.156364918,4.073690891,1.846668482,93.92061615,90000
4413.653584,BAAT GP.,Ness Fm.,8.367072105,3.583170414,3.521791697,1.830449462,92.08053589,90000
4413.805584,BAAT GP.,Ness Fm.,8.370485306,5.352997303,5.179905891,1.869725585,78.94891357,90000
4413.957584,BAAT GP.,Ness Fm.,8.359890938,10.76369286,10.32136059,1.843062878,64.12449646,90000
4414.109584,BAAT GP.,Ness Fm.,8.361927986,15.90338993,14.88976002,1.779172897,48.1640625,90000
4414.261584,BAAT GP.,Ness Fm.,8.371957779,24.09118462,21.85907936,1.791680574,39.01726151,90000
4414.413584,BAAT GP.,Ness Fm.,8.347840309,34.21710205,30.81274605,1.969344378,34.04192734,90000
4414.565584,BAAT GP.,Ness Fm.,8.325192452,38.91082382,35.44026184,2.252677202,32.97185898,90000
4414.717584,BAAT GP.,Ness Fm.,8.324822426,36.42992783,33.13748169,2.442359448,33.86970139,30000
4414.869584,BAAT GP.,Ness Fm.,8.317324638,28.65331841,26.06635284,2.511727333,36.44086838,30000
4415.021584,BAAT GP.,Ness Fm.,8.315731049,21.99860001,20.43643951,2.534010887,42.1036644,30000
4415.173584,BAAT GP.,Ness Fm.,8.316818237,17.86812592,16.89868355,2.544789553,45.7038269,30000
4415.325584,BAAT GP.,Ness Fm.,8.336359978,14.74047947,14.14806557,2.565597296,49.83935547,30000
4415.477584,BAAT GP.,Ness Fm.,8.355643272,12.29770851,11.96992302,2.607727528,51.59253693,30000
4415.629584,BAAT GP.,Ness Fm.,8.348743439,10.82648277,10.61894417,2.655701399,53.75432587,30000
4415.781584,BAAT GP.,Ness Fm.,8.330705643,9.835806847,9.6984272,2.683583021,54.07288742,30000
4415.933584,BAAT GP.,Ness Fm.,8.333288193,9.060217857,8.947483063,2.710230589,54.62374497,30000
4416.085584,BAAT GP.,Ness Fm.,8.335283279,8.520982742,8.401291847,2.738830328,55.84345245,30000
4416.237584,BAAT GP.,Ness Fm.,8.347874641,8.151795387,8.03676033,2.743306875,56.13612366,30000
4416.389584,BAAT GP.,Ness Fm.,8.373703957,7.87460804,7.77699995,2.716592789,56.1328125,30000
4416.541584,BAAT GP.,Ness Fm.,8.371232987,7.718956947,7.630756378,2.676327467,54.04416275,30000
4416.693584,BAAT GP.,Ness Fm.,8.364931107,7.672583103,7.57288599,2.647036314,56.89397812,30000
4416.845584,BAAT GP.,Ness Fm.,8.354641914,7.70049572,7.553471088,2.643913746,62.07001877,30000
4416.997584,BAAT GP.,Ness Fm.,8.338641167,7.81421423,7.64575243,2.652362824,68.62943268,65030
4417.149584,BAAT GP.,Ness Fm.,8.345609665,7.815853596,7.630358219,2.656780958,70.28244019,65030
4417.301584,BAAT GP.,Ness Fm.,8.359443665,7.832714081,7.621371746,2.657081366,71.38815308,65030
4417.453584,BAAT GP.,Ness Fm.,8.359523773,7.342057705,7.135566711,2.658826351,75.42443848,65030
4417.605584,BAAT GP.,Ness Fm.,8.351696968,6.545013428,6.351234913,2.667918205,83.59985352,65030
4417.757584,BAAT GP.,Ness Fm.,8.3284235,5.89611721,5.736341476,2.671011686,90.51273346,65030
4417.909584,BAAT GP.,Ness Fm.,8.318435669,5.587996006,5.453118801,2.657126904,91.13981628,65030
4418.061584,BAAT GP.,Ness Fm.,8.319138527,5.548806191,5.417573452,2.637583017,87.35253143,65000
4418.213584,BAAT GP.,Ness Fm.,8.323203087,5.520962715,5.386333942,2.625878573,85.39865112,65000
4418.365584,BAAT GP.,Ness Fm.,8.326999664,5.297037602,5.167115212,2.625316858,85.96350861,65000
4418.517584,BAAT GP.,Ness Fm.,8.320018768,4.998516083,4.874893189,2.628384829,87.70974731,65000
4418.669584,BAAT GP.,Ness Fm.,8.317601204,4.863843918,4.739379406,2.628997803,90.83061218,65000
4418.821584,BAAT GP.,Ness Fm.,8.31690979,4.873346329,4.745198727,2.623376131,94.41062927,65000
4418.973584,BAAT GP.,Ness Fm.,8.321799278,4.765646458,4.640007973,2.623049021,98.87135315,65000
4419.125584,BAAT GP.,Ness Fm.,8.330407143,4.536561966,4.418791771,2.622619391,100.7104645,65000
4419.277584,BAAT GP.,Ness Fm.,8.327852249,4.228839874,4.125696659,2.618729115,100.762085,65000
4419.429584,BAAT GP.,Ness Fm.,8.327337265,4.104318142,4.008465767,2.609599352,102.1797638,65000
4419.581584,BAAT GP.,Ness Fm.,8.326587677,4.181726933,4.082756996,2.597135067,102.1589966,65000
4419.733584,BAAT GP.,Ness Fm.,8.323900223,4.320860386,4.216703892,2.585309267,101.5541229,65000
4419.885584,BAAT GP.,Ness Fm.,8.322239876,4.551600456,4.436465263,2.576202393,97.34629822,65000
4420.037584,BAAT GP.,Ness Fm.,8.327569962,4.851815224,4.720193863,2.567953348,94.87241364,65000
4420.189584,BAAT GP.,Ness Fm.,8.329706192,5.031512737,4.890879154,2.556463957,94.83851624,65000
4420.341584,BAAT GP.,Ness Fm.,8.326726914,5.09611702,4.95345974,2.534691572,94.03286743,65000
4420.493584,BAAT GP.,Ness Fm.,8.326771736,5.183990002,5.03577137,2.528468847,92.15707398,65000
4420.645584,BAAT GP.,Ness Fm.,8.328626633,5.094726563,4.954166412,2.546444655,93.33583069,65000
4420.797584,BAAT GP.,Ness Fm.,8.326717377,4.80904007,4.688258171,2.576020956,98.25331116,65000
4420.949584,BAAT GP.,Ness Fm.,8.325556755,4.597100735,4.489436626,2.59922719,99.0986023,65000
4421.101584,BAAT GP.,Ness Fm.,8.325349808,4.497382641,4.397041798,2.601487637,99.36685944,65000
4421.253584,BAAT GP.,Ness Fm.,8.32554245,4.370127678,4.277279377,2.594690561,99.20381165,65000
4421.405584,BAAT GP.,Ness Fm.,8.325364113,4.186274529,4.102493286,2.585595369,99.68050385,65000
4421.557584,BAAT GP.,Ness Fm.,8.330677986,4.031489849,3.95334053,2.580505133,103.2503738,65000
4421.709584,BAAT GP.,Ness Fm.,8.330051422,3.89284873,3.818892241,2.581646442,104.4109573,65000
4421.861584,BAAT GP.,Ness Fm.,8.328640938,3.762952089,3.692837715,2.575880289,109.5913162,65000
4422.013584,BAAT GP.,Ness Fm.,8.337668419,3.607520342,3.538738966,2.575405121,112.8355484,65000
4422.165584,BAAT GP.,Ness Fm.,8.345088005,3.538105249,3.46584177,2.578126192,108.7105179,65030
4422.317584,BAAT GP.,Ness Fm.,8.354182243,4.007276535,3.910992146,2.564919233,95.37115479,65030
4422.469584,BAAT GP.,Ness Fm.,8.361625671,5.333044052,5.144907951,2.534914017,75.74707794,65030
4422.621584,BAAT GP.,Ness Fm.,8.364619255,7.021568298,6.708571911,2.510025501,60.05804825,65030
4422.773584,BAAT GP.,Ness Fm.,8.362722397,8.043462753,7.678021908,2.51695466,50.05731201,65030
4422.925584,BAAT GP.,Ness Fm.,8.364268303,8.519820213,8.124703407,2.545912981,47.98917389,30000
4423.077584,BAAT GP.,Ness Fm.,8.366102219,8.96646595,8.546662331,2.581586599,49.22130203,30000
4423.229584,BAAT GP.,Ness Fm.,8.366084099,8.547207832,8.177576065,2.611395121,50.91141892,30000
4423.381584,BAAT GP.,Ness Fm.,8.367614746,7.653536797,7.346957684,2.631853342,52.42916107,30000
4423.533584,BAAT GP.,Ness Fm.,8.366100311,7.38633728,7.109047413,2.643373966,54.39549637,30000
4423.685584,BAAT GP.,Ness Fm.,8.363175392,7.367458344,7.102915764,2.64436388,55.81241989,30000
4423.837584,BAAT GP.,Ness Fm.,8.36301136,7.341583252,7.091397762,2.640791893,54.89865875,30000
4423.989584,BAAT GP.,Ness Fm.,8.366100311,7.359869003,7.13977766,2.636344433,54.77157211,30000
4424.141584,BAAT GP.,Ness Fm.,8.367542267,7.382983685,7.203807354,2.633558035,56.57984161,30000
4424.293584,BAAT GP.,Ness Fm.,8.366229057,7.432193279,7.267559528,2.63735795,58.40195847,30000
4424.445584,BAAT GP.,Ness Fm.,8.361671448,7.506006241,7.320678234,2.652722836,56.61728668,30000
4424.597584,BAAT GP.,Ness Fm.,8.361521721,7.563529968,7.369440556,2.668081045,56.49494553,30000
4424.749584,BAAT GP.,Ness Fm.,8.363100052,7.53396368,7.342321396,2.661370754,59.3225174,30000
4424.901584,BAAT GP.,Ness Fm.,8.363100052,7.304022789,7.11191082,2.632969141,63.30807114,30000
4425.053584,BAAT GP.,Ness Fm.,8.364491463,7.066804409,6.878778935,2.610301256,68.49689484,30000
4425.205584,BAAT GP.,Ness Fm.,8.366100311,6.837538719,6.662901878,2.56828332,73.70219421,30000
4425.357584,BAAT GP.,Ness Fm.,8.360541344,6.420118809,6.266582012,2.464989424,77.70702362,30000
4425.509584,BAAT GP.,Ness Fm.,8.359531403,6.395205498,6.236417294,2.321317196,77.29463196,30000
4425.661584,BAAT GP.,Ness Fm.,8.366100311,7.001888752,6.790276527,2.207932234,79.17675018,90000
4425.813584,BAAT GP.,Ness Fm.,8.36062336,6.957693577,6.732795239,2.173722029,87.56175232,90000
4425.965584,BAAT GP.,Ness Fm.,8.368907929,5.651465416,5.488490582,2.209878683,100.0716934,90000
4426.117584,BAAT GP.,Ness Fm.,8.395363808,4.482732773,4.37112236,2.293116331,109.0839844,90000
4426.269584,BAAT GP.,Ness Fm.,8.406750679,4.078159332,3.976552725,2.383329153,109.7319717,65000
4426.421584,BAAT GP.,Ness Fm.,8.393623352,3.845463514,3.746435881,2.487709522,101.0847092,65000
4426.573584,BAAT GP.,Ness Fm.,8.369842529,4.170170307,4.040761948,2.569806099,90.35275269,65000
4426.725584,BAAT GP.,Ness Fm.,8.361792564,5.12563467,4.932404995,2.581610441,81.21433258,65000
4426.877584,BAAT GP.,Ness Fm.,8.336597443,5.8729496,5.617788315,2.5689919,72.23987579,65000
4427.029584,BAAT GP.,Ness Fm.,8.30589962,6.840871811,6.511538029,2.558245182,62.09518814,65000
4427.181584,BAAT GP.,Ness Fm.,8.30718708,8.991007805,8.520098686,2.551766396,51.53453827,65030
4427.333584,BAAT GP.,Ness Fm.,8.306339264,11.98746967,11.29414368,2.546869516,44.4778862,65030
4427.485584,BAAT GP.,Ness Fm.,8.288890839,14.70402432,13.74699497,2.544071674,41.6061821,30000
4427.637584,BAAT GP.,Ness Fm.,8.267620087,16.04501343,14.95500088,2.534496069,42.52534103,30000
4427.789584,BAAT GP.,Ness Fm.,8.26926899,16.67820358,15.50441837,2.51994586,45.3890152,30000
4427.941584,BAAT GP.,Ness Fm.,8.285792351,18.90582275,17.5341301,2.506031752,49.1663208,30000
4428.093584,BAAT GP.,Ness Fm.,8.318498612,19.52809525,18.50738525,2.503143311,52.78181458,30000
4428.245584,BAAT GP.,Ness Fm.,8.335116386,16.63742447,16.21535301,2.509957075,58.31586838,30000
4428.397584,BAAT GP.,Ness Fm.,8.30739975,12.19567871,12.04874229,2.512558222,58.91252136,30000
4428.549584,BAAT GP.,Ness Fm.,8.28414917,11.51807594,11.39388371,2.498652935,55.13612747,30000
4428.701584,BAAT GP.,Ness Fm.,8.280006409,14.09922791,13.87041187,2.482434988,49.89951325,30000
4428.853584,BAAT GP.,Ness Fm.,8.28180027,15.89651489,15.66073322,2.472096443,47.420784,30000
4429.005584,BAAT GP.,Ness Fm.,8.280612946,16.24398232,16.04011917,2.463483334,44.95876694,30000
4429.157584,BAAT GP.,Ness Fm.,8.266448021,16.50028038,16.30918312,2.454785585,40.34747696,30000
4429.309584,BAAT GP.,Ness Fm.,8.249082565,16.8620472,16.6955986,2.458265781,36.56124878,30000
4429.461584,BAAT GP.,Ness Fm.,8.262238503,17.63553619,17.43799782,2.481049299,36.95748138,30000
4429.613584,BAAT GP.,Ness Fm.,8.268322945,17.70439911,17.51381302,2.503203154,39.26538086,30000
4429.765584,BAAT GP.,Ness Fm.,8.260962486,18.32745552,18.17983055,2.501460791,45.89368439,30000
4429.917584,BAAT GP.,Ness Fm.,8.274653435,17.75548363,17.6352787,2.477484942,51.3870697,30000
4430.069584,BAAT GP.,Ness Fm.,8.275072098,14.33415413,14.19795895,2.460072994,56.46550751,30000
4430.221584,BAAT GP.,Ness Fm.,8.277676582,12.21183491,12.05274773,2.456070423,57.31899643,30000
4430.373584,BAAT GP.,Ness Fm.,8.276767731,10.71927261,10.58750534,2.472421646,60.22390366,30000
4430.525584,BAAT GP.,Ness Fm.,8.270744324,9.452335358,9.335431099,2.506106615,62.84588623,30000
4430.677584,BAAT GP.,Ness Fm.,8.258802414,8.460906029,8.359192848,2.543438196,65.46408081,30000
4430.829584,BAAT GP.,Ness Fm.,8.259604454,7.730295658,7.622378349,2.568032503,63.97644424,30000
4430.981584,BAAT GP.,Ness Fm.,8.254432678,7.225811958,7.111785412,2.566078663,63.67291641,30000
4431.133584,BAAT GP.,Ness Fm.,8.251947403,7.312958717,7.181488514,2.553138018,63.33037567,30000
4431.285584,BAAT GP.,Ness Fm.,8.263097763,7.503522396,7.349934578,2.538289547,64.94044495,30000
4431.437584,BAAT GP.,Ness Fm.,8.278097153,7.450704098,7.271389484,2.529593468,65.94129944,30000
4431.589584,BAAT GP.,Ness Fm.,8.28253746,7.382864952,7.182949543,2.530427933,67.21147156,30000
4431.741584,BAAT GP.,Ness Fm.,8.278029442,7.235838413,7.027470589,2.536957741,65.83582306,30000
4431.893584,BAAT GP.,Ness Fm.,8.283643723,6.96232748,6.770641327,2.539558649,58.86816406,30000
4432.045584,BAAT GP.,Ness Fm.,8.277864456,7.30128336,7.083488464,2.539231062,48.28313446,30000
4432.197584,BAAT GP.,Ness Fm.,8.28180027,8.379277229,8.092582703,2.534127951,38.62824631,30000
4432.349584,BAAT GP.,Ness Fm.,8.284856796,9.392982483,9.037670136,2.536198139,38.12616348,30000
4432.501584,BAAT GP.,Ness Fm.,8.287764549,9.576153755,9.196962357,2.537315607,45.33704376,30000
4432.653584,BAAT GP.,Ness Fm.,8.28380394,9.325453758,8.956092835,2.540300846,54.36642838,30000
4432.805584,BAAT GP.,Ness Fm.,8.285821915,8.517853737,8.202420235,2.542945862,57.41014862,30000
4432.957584,BAAT GP.,Ness Fm.,8.28180027,7.92296505,7.647582054,2.545947075,57.26786041,30000
4433.109584,BAAT GP.,Ness Fm.,8.285701752,7.42370224,7.177224636,2.543977499,59.90665054,30000
4433.261584,BAAT GP.,Ness Fm.,8.290894508,7.220842362,7.003555298,2.542841911,62.5492897,30000
4433.413584,BAAT GP.,Ness Fm.,8.285761833,7.104797363,6.910670281,2.542331934,62.26062012,30000
4433.565584,BAAT GP.,Ness Fm.,8.286845207,7.23829174,7.029913902,2.539121151,58.93126297,30000
4433.717584,BAAT GP.,Ness Fm.,8.286696434,7.735619545,7.492851257,2.532605648,55.29690933,30000
4433.869584,BAAT GP.,Ness Fm.,8.288917542,8.337446213,8.056138039,2.534986734,52.37105942,30000
4434.021584,BAAT GP.,Ness Fm.,8.284923554,9.036225319,8.710585594,2.540377617,51.51997376,30000
4434.173584,BAAT GP.,Ness Fm.,8.285077095,9.749779701,9.364900589,2.553476811,52.10601807,30000
4434.325584,BAAT GP.,Ness Fm.,8.273831368,9.753200531,9.345801354,2.579071999,54.23264313,30000
4434.477584,BAAT GP.,Ness Fm.,8.250509262,8.757632256,8.421147347,2.61101079,55.42713928,30000
4434.629584,BAAT GP.,Ness Fm.,8.252903938,7.99154377,7.697214127,2.639426708,55.91165161,30000
4434.781584,BAAT GP.,Ness Fm.,8.251373291,7.803927898,7.491585732,2.642970324,56.00199509,30000
4434.933584,BAAT GP.,Ness Fm.,8.257699966,8.170280457,7.808169365,2.643460035,52.74251938,30000
4435.085584,BAAT GP.,Ness Fm.,8.255945206,8.612792969,8.234304428,2.649802685,49.1869278,30000
4435.237584,BAAT GP.,Ness Fm.,8.252568245,8.851053238,8.470160484,2.667021751,43.81444931,30000
4435.389584,BAAT GP.,Ness Fm.,8.252136231,9.654948235,9.205236435,2.686891794,40.15181351,30000
4435.541584,BAAT GP.,Ness Fm.,8.245699883,11.55245113,10.92967415,2.700763464,37.61395264,30000
4435.693584,BAAT GP.,Ness Fm.,8.24712944,13.55333996,12.77764893,2.690116882,37.97441101,30000
4435.845584,BAAT GP.,Ness Fm.,8.255249023,14.45292759,13.49996948,2.689531088,39.35863113,30000
4435.997584,BAAT GP.,Ness Fm.,8.281721115,13.71235275,12.81528473,,47.03763962,30000
4436.149584,BAAT GP.,Ness Fm.,8.336546898,12.31818676,11.55354404,,53.25484085,30000
4436.301584,BAAT GP.,Ness Fm.,8.385452271,10.36226559,9.757837296,,58.50569916,30000
4436.453584,BAAT GP.,Ness Fm.,8.405200005,9.252775192,8.781357765,,56.37375259,30000
4436.605584,BAAT GP.,Ness Fm.,8.40796566,8.307863236,7.93814373,,55.30583191,30000
4436.757584,BAAT GP.,Ness Fm.,8.412097931,8.004509926,7.692084312,,54.96818543,30000
4436.909584,BAAT GP.,Ness Fm.,8.399868012,7.916237831,7.622401238,,57.91387558,30000
4437.061584,BAAT GP.,Ness Fm.,8.394741058,7.970921993,7.689860344,,57.73070908,30000
4437.213584,BAAT GP.,Ness Fm.,8.398436546,8.088443756,7.809991837,,59.10535049,30000
4437.365584,BAAT GP.,Ness Fm.,8.394686699,8.19788456,7.919148922,,60.68543243,30000
4437.517584,BAAT GP.,Ness Fm.,8.392450333,8.230924606,7.966924667,,59.55257416,30000
4437.669584,BAAT GP.,Ness Fm.,8.397713661,8.226415634,7.981922627,,58.65024185,30000
4437.821584,BAAT GP.,Ness Fm.,8.39474678,8.153047562,7.956602573,,56.93849182,30000
4437.973584,BAAT GP.,Ness Fm.,8.397244453,7.744054794,7.584834099,,61.32438278,30000
4438.125584,BAAT GP.,Ness Fm.,8.391626358,7.12903595,7.019343853,,65.53941345,30000
4438.277584,BAAT GP.,Ness Fm.,8.39620018,6.545632839,6.471161366,,65.79570007,30000
4438.429584,BAAT GP.,Ness Fm.,8.394800186,6.29271555,6.236254692,,65.64916229,30000
4438.581584,BAAT GP.,Ness Fm.,8.391586304,6.611972332,6.562851429,,64.4369812,30000
4438.733584,BAAT GP.,Ness Fm.,8.395994186,7.0498662,6.980584621,,67.80396271,30000
4438.885584,BAAT GP.,Ness Fm.,8.395503998,6.641395569,6.557082653,,76.30314636,65030
4439.037584,BAAT GP.,Ness Fm.,8.397545815,5.890851498,5.812134743,,90.95684815,65030
4439.189584,BAAT GP.,Ness Fm.,8.400208473,4.871044159,4.8083601,,106.7722778,65030
4439.341584,BAAT GP.,Ness Fm.,8.392550468,3.677172899,3.646803379,,107.9127731,90000
4439.493584,BAAT GP.,Ness Fm.,8.392128944,3.930259943,3.884537935,,91.89698792,90000
4439.645584,BAAT GP.,Ness Fm.,8.398564339,5.421932221,5.329494953,,66.24302673,65030
4439.797584,BAAT GP.,Ness Fm.,8.39494133,6.211537361,6.112854958,,46.85495377,90000
4439.949584,BAAT GP.,Ness Fm.,8.390822411,5.664762974,5.618441105,,36.67653275,90000
4440.101584,BAAT GP.,Ness Fm.,8.395047188,5.166148663,5.086377621,,35.70421982,90000
4440.253584,BAAT GP.,Ness Fm.,8.402809143,5.932081699,5.811229229,,42.0076828,90000
4440.405584,BAAT GP.,Ness Fm.,8.398554802,6.983013153,6.782243729,,60.55802918,90000
4440.557584,BAAT GP.,Ness Fm.,8.371249199,7.274427414,7.028120518,,80.03155518,90000
4440.709584,BAAT GP.,Ness Fm.,8.36920929,6.958107948,6.690596104,,95.19741058,65030
4440.861584,BAAT GP.,Ness Fm.,8.380270004,4.704648018,4.598501205,,100.9803619,65030
4441.013584,BAAT GP.,Ness Fm.,8.393113136,3.846171141,3.784493208,,102.7339249,65030
4441.165584,BAAT GP.,Ness Fm.,8.352323532,3.000738382,2.960849047,,104.6287537,65030
4441.317584,BAAT GP.,Ness Fm.,8.343895912,3.081003189,3.037091255,2.310252905,100.7932358,65030
4441.469584,BAAT GP.,Ness Fm.,8.343379974,3.531796455,3.482015371,2.260665417,102.7239685,65030
4441.621584,BAAT GP.,Ness Fm.,8.362561226,3.698086977,3.639968872,2.237910271,99.32248688,90000
4441.773584,BAAT GP.,Ness Fm.,8.359018326,3.75331521,3.679666042,2.234043598,102.6548386,90000
4441.925584,BAAT GP.,Ness Fm.,8.35581398,4.174303532,4.069003105,2.215244055,95.84629822,90000
4442.077584,BAAT GP.,Ness Fm.,8.364179611,4.638222218,4.513588905,2.196809053,98.49525452,90000
4442.229584,BAAT GP.,Ness Fm.,8.360072136,4.383392334,4.266853333,2.17098546,92.60183716,65000
4442.381584,BAAT GP.,Ness Fm.,8.343020439,4.71352911,4.587547302,2.177876711,93.04971314,65000
4442.533584,BAAT GP.,Ness Fm.,8.333488464,5.049242973,4.915691853,2.222495079,88.5668869,65000
4442.685584,BAAT GP.,Ness Fm.,8.339868546,5.070611954,4.947898865,2.370248079,86.83451843,65000
4442.837584,BAAT GP.,Ness Fm.,8.361523628,5.121097088,5.01497364,2.498700857,86.8456192,65000
4442.989584,BAAT GP.,Ness Fm.,8.367695808,5.526738644,5.416354656,2.578085423,91.78704071,65000
4443.141584,BAAT GP.,Ness Fm.,8.360099793,5.466711044,5.366852284,2.585833311,95.36854553,65030
4443.293584,BAAT GP.,Ness Fm.,8.363287926,5.239101887,5.147524834,2.592903376,96.77005005,65030
4443.445584,BAAT GP.,Ness Fm.,8.370108604,5.04085207,4.958430767,2.592163801,93.81363678,65030
4443.597584,BAAT GP.,Ness Fm.,8.301591873,4.828365803,4.751780987,2.598432541,96.75325775,65030
4443.749584,BAAT GP.,Ness Fm.,8.293375969,4.555597305,4.478027344,2.60187459,99.70436859,65030
4443.901584,BAAT GP.,Ness Fm.,8.292902947,4.23161459,4.144666195,2.600011349,98.11401367,65030
4444.053584,BAAT GP.,Ness Fm.,8.307543755,4.100528717,4.020009518,2.600768328,95.90092468,65030
4444.205584,BAAT GP.,Ness Fm.,8.319126129,3.959564209,3.891167164,2.603167057,94.00862122,65030
4444.357584,BAAT GP.,Ness Fm.,8.321806908,3.840328455,3.775913715,2.616051674,93.72886658,65030
4444.509584,BAAT GP.,Ness Fm.,8.289370537,4.059695721,3.982097626,2.620010614,89.61219025,65030
4444.661584,BAAT GP.,Ness Fm.,8.301397324,4.242577076,4.152821541,2.636572838,88.04399109,65030
4444.813584,BAAT GP.,Ness Fm.,8.313002586,4.634678841,4.519477844,2.644418478,90.60027313,65030
4444.965584,BAAT GP.,Ness Fm.,8.321573257,4.545707703,4.422941685,2.646796227,96.81520844,65030
4445.117584,BAAT GP.,Ness Fm.,8.324069023,4.226221085,4.111741066,2.648845196,95.43415833,65030
4445.269584,BAAT GP.,Ness Fm.,8.307982445,3.967876196,3.858996153,2.659686804,96.23031616,65030
4445.421584,BAAT GP.,Ness Fm.,8.32459259,3.760108233,3.652999163,2.666119814,95.33879089,65030
4445.573584,BAAT GP.,Ness Fm.,8.327652931,3.566210747,3.46144557,2.668677092,99.29194641,65030
4445.725584,BAAT GP.,Ness Fm.,8.307596207,3.267533779,3.177028656,2.663388729,98.94397736,65030
4445.877584,BAAT GP.,Ness Fm.,8.296899796,3.096019507,3.014646769,2.668248653,101.3964844,65030
4446.029584,BAAT GP.,Ness Fm.,8.296586037,3.205825329,3.117744446,2.675944328,100.5692444,65030
4446.181584,BAAT GP.,Ness Fm.,8.292909622,3.352189779,3.253973246,2.678673267,96.35408783,65030
4446.333584,BAAT GP.,Ness Fm.,8.286260605,3.700903416,3.578982115,2.6746068,81.5298233,65030
4446.485584,BAAT GP.,Ness Fm.,8.300183296,4.072072506,3.922432184,2.66429615,70.64316559,65030
4446.637584,BAAT GP.,Ness Fm.,8.30150795,4.374764442,4.19152832,2.664295912,70.30506134,65030
4446.789584,BAAT GP.,Ness Fm.,8.288069725,4.543830872,4.338923454,2.674315929,77.88040161,65030
4446.941584,BAAT GP.,Ness Fm.,8.290308952,4.108903408,3.940890789,2.675789595,86.64119721,65030
4447.093584,BAAT GP.,Etive Fm.,8.285676956,3.717123747,3.586415291,2.666764736,85.82943726,65030
4447.245584,BAAT GP.,Etive Fm.,8.289360046,3.745532513,3.612908602,2.645224571,82.11534882,65030
4447.397584,BAAT GP.,Etive Fm.,8.271860123,4.060726643,3.905540943,2.594074249,71.91305542,65030
4447.549584,BAAT GP.,Etive Fm.,8.260926247,4.458712578,4.280523777,2.526077271,60.41102219,65030
4447.701584,BAAT GP.,Etive Fm.,8.26480484,5.248923779,5.016172886,2.479517937,56.51201248,65030
4447.853584,BAAT GP.,Etive Fm.,8.279651642,5.903150082,5.622728348,2.452637911,54.24623489,30000
4448.005584,BAAT GP.,Etive Fm.,8.290182114,6.7426157,6.378787518,2.462485552,56.85406876,30000
4448.157584,BAAT GP.,Etive Fm.,8.282803536,6.479387283,6.144413471,2.466594696,59.21193314,30000
4448.309584,BAAT GP.,Etive Fm.,8.298440933,5.771179676,5.474380016,2.48940444,65.41220093,30000
4448.461584,BAAT GP.,Etive Fm.,8.319973946,4.711138725,4.5375247,2.494904995,67.21318817,65030
4448.613584,BAAT GP.,Etive Fm.,8.305047035,4.83298111,4.691400051,2.486431837,61.48470688,65030
4448.765584,BAAT GP.,Etive Fm.,8.290474892,5.783894062,5.619959354,2.443736076,54.41143417,30000
4448.917584,BAAT GP.,Etive Fm.,8.285428047,6.530045986,6.323762894,2.417430878,46.98538208,30000
4449.069584,BAAT GP.,Etive Fm.,8.296596527,6.697691441,6.553230763,2.40329051,42.52238846,30000
4449.221584,BAAT GP.,Etive Fm.,8.290800095,7.639917374,7.410707474,2.400782585,37.90014267,30000
4449.373584,BAAT GP.,Etive Fm.,8.290664673,8.822944641,8.48339653,2.392228603,39.49864197,30000
4449.525584,BAAT GP.,Etive Fm.,8.288319588,10.24947643,9.79386425,2.38972497,50.75395584,30000
4449.677584,BAAT GP.,Etive Fm.,8.301120758,7.744702816,7.419109345,2.416998148,61.67325592,65030
4449.829584,BAAT GP.,Etive Fm.,8.331377029,4.438126564,4.346883774,2.471380949,62.10980225,65030
4449.981584,BAAT GP.,Etive Fm.,8.368829727,4.227039814,4.130568504,2.537226439,48.61323929,65030
4450.133584,BAAT GP.,Etive Fm.,8.361151695,6.737724781,6.519061565,2.55541563,32.85603714,30000
4450.285584,BAAT GP.,Etive Fm.,8.368928909,8.214797974,7.911444187,2.548666716,27.52814865,30000
4450.437584,BAAT GP.,Etive Fm.,8.362154007,9.989572525,9.763902664,2.515568495,27.48780823,30000
4450.589584,BAAT GP.,Etive Fm.,8.326782227,13.15976429,12.58341694,2.468605518,26.94150925,30000
4450.741584,BAAT GP.,Etive Fm.,8.317964554,14.39768219,13.57040119,2.419561625,26.90901756,30000
4450.893584,BAAT GP.,Etive Fm.,8.321076393,15.5042305,14.47734356,2.404486418,25.62487793,30000
4451.045584,BAAT GP.,Etive Fm.,8.329895973,16.00535584,14.8863821,2.414156675,26.28294182,30000
4451.197584,BAAT GP.,Etive Fm.,8.323654175,13.38305473,12.45185661,2.42881918,21.78018951,30000
4451.349584,BAAT GP.,Etive Fm.,8.302757263,13.3126936,12.58445358,2.421867609,19.14844894,30000
4451.501584,BAAT GP.,Etive Fm.,8.28782177,12.51562882,11.81638432,2.407978296,18.61175346,30000
4451.653584,BAAT GP.,Etive Fm.,8.29080677,11.09360886,10.62360477,2.405094862,21.94993973,30000
4451.805584,BAAT GP.,Etive Fm.,8.2921772,10.18586922,9.856289864,2.424220324,25.72812653,30000
4451.957584,BAAT GP.,Etive Fm.,8.320900917,9.207022667,8.959643364,2.431793451,26.29574585,30000
4452.109584,BAAT GP.,Etive Fm.,8.323894501,9.025933266,8.828241348,2.416627884,26.17112923,30000
4452.261584,BAAT GP.,Etive Fm.,8.3179245,9.136942864,8.949899674,2.385726929,22.80073357,30000
4452.413584,BAAT GP.,Etive Fm.,8.32694149,9.265681267,9.122898102,2.372086287,19.76877213,30000
4452.565584,BAAT GP.,Etive Fm.,8.323936462,9.683336258,9.545085907,2.373383522,18.44088364,30000
4452.717584,BAAT GP.,Etive Fm.,8.320941925,10.19842434,10.01565933,2.373893023,18.76998329,30000
4452.869584,BAAT GP.,Etive Fm.,8.323851585,11.1228838,10.91508865,2.372424603,20.26734161,30000
4453.021584,BAAT GP.,Etive Fm.,8.344608307,8.191961289,8.086811066,2.369259358,19.17759323,30000
4453.173584,BAAT GP.,Etive Fm.,8.34793663,5.865802765,5.791585922,2.382810354,22.51563454,30000
4453.325584,BAAT GP.,Etive Fm.,8.313612938,5.422534466,5.393188953,2.378410816,24.99557877,30000
4453.477584,BAAT GP.,Etive Fm.,8.323618889,6.436393261,6.407801151,2.40490818,31.14994431,30000
4453.629584,BAAT GP.,Etive Fm.,8.347334862,7.129676819,7.120038509,2.440412045,33.31572723,30000
4453.781584,BAAT GP.,Etive Fm.,8.359701157,7.669836521,7.686265945,2.467606783,34.47686768,30000
4453.933584,BAAT GP.,Etive Fm.,8.365888596,8.119005203,8.158203125,2.466377735,33.23388672,30000
4454.085584,BAAT GP.,Etive Fm.,8.366100311,8.561731339,8.575457573,2.457638025,35.88650513,30000
4454.237584,BAAT GP.,Etive Fm.,8.366100311,8.141139031,8.162481308,2.486297131,40.534935,30000
4454.389584,BAAT GP.,Etive Fm.,8.406428337,7.550647259,7.575987816,2.474089146,46.35496521,30000
4454.541584,BAAT GP.,Etive Fm.,8.405333519,7.166938305,7.196451664,2.453909159,47.37007904,30000
4454.693584,BAAT GP.,Etive Fm.,8.36506176,6.716693878,6.737527371,2.441749811,47.06095123,30000
4454.845584,BAAT GP.,Etive Fm.,8.357392311,6.241329193,6.271050453,2.450426102,43.61694336,30000
4454.997584,BAAT GP.,Etive Fm.,8.360705376,5.934852123,5.948921204,2.461812258,38.57396698,30000
4455.149584,BAAT GP.,Etive Fm.,8.360144615,6.029530048,6.041597843,2.463438034,38.3110466,30000
4455.301584,BAAT GP.,Etive Fm.,8.357275963,5.935300827,5.936195374,2.475547075,34.20571899,30000
4455.453584,BAAT GP.,Etive Fm.,8.365550041,6.258088589,6.250777245,2.498552322,37.69657898,30000
4455.605584,BAAT GP.,Etive Fm.,8.35766983,6.391055584,6.363211155,2.511333466,40.7592659,30000
4455.757584,BAAT GP.,Etive Fm.,8.365509987,6.869443893,6.813987255,2.49845767,53.50850678,30000
4455.909584,BAAT GP.,Etive Fm.,8.363303185,6.250466347,6.194564343,2.483144999,62.53936386,30000
4456.061584,BAAT GP.,Etive Fm.,8.365889549,5.415014267,5.352891445,2.473638058,67.6998291,30000
4456.213584,BAAT GP.,Etive Fm.,8.360533714,4.926849842,4.87352562,2.472628832,69.95808411,65030
4456.365584,BAAT GP.,Etive Fm.,8.35733223,4.669160366,4.614992619,2.474537134,68.99275208,65030
4456.517584,BAAT GP.,Etive Fm.,8.363815308,4.705218792,4.646595001,2.473412037,70.49063873,65030
4456.669584,BAAT GP.,Etive Fm.,8.365960121,4.637780666,4.572723866,2.475869417,71.02966309,65030
4456.821584,BAAT GP.,Etive Fm.,8.36884594,4.586353779,4.51883173,2.477564573,69.89782715,65030
4456.973584,BAAT GP.,Etive Fm.,8.366360664,4.661369324,4.582803249,2.468477249,64.75583649,65030
4457.125584,BAAT GP.,Rannoch Fm.,8.374298096,4.774836063,4.678384781,2.486819744,60.29496765,65030
4457.277584,BAAT GP.,Rannoch Fm.,8.346569061,4.621919632,4.512915611,2.523682118,64.51052094,65030
4457.429584,BAAT GP.,Rannoch Fm.,8.396722794,4.502445221,4.372405529,2.543605328,71.01022339,65030
4457.581584,BAAT GP.,Rannoch Fm.,8.433663368,4.513318062,4.372719288,2.537976742,72.319664,65030
4457.733584,BAAT GP.,Rannoch Fm.,8.443562508,4.458334923,4.313149452,2.518770933,72.22159576,65030
4457.885584,BAAT GP.,Rannoch Fm.,8.437756538,4.321025848,4.150057793,2.515803814,71.02076721,65030
4458.037584,BAAT GP.,Rannoch Fm.,8.448982239,4.177053928,4.024523735,2.513554096,73.96613312,65030
4458.189584,BAAT GP.,Rannoch Fm.,8.440856934,4.554319382,4.375689507,2.511873007,70.82588959,65030
4458.341584,BAAT GP.,Rannoch Fm.,8.449219704,5.156584263,4.930625439,2.517571688,64.21193695,65030
4458.493584,BAAT GP.,Rannoch Fm.,8.448003769,6.27738142,5.951209545,2.521494389,53.14471436,65030
4458.645584,BAAT GP.,Rannoch Fm.,8.447699547,8.140684128,7.599703789,2.516855001,48.14744568,30000
4458.797584,BAAT GP.,Rannoch Fm.,8.447346687,13.12090492,11.75823593,2.51346302,44.76565552,30000
4458.949584,BAAT GP.,Rannoch Fm.,8.454696655,14.18806362,12.57341957,2.512043238,48.25648117,30000
4459.101584,BAAT GP.,Rannoch Fm.,8.446331024,13.37349701,11.93590641,2.510411501,48.77919769,30000
4459.253584,BAAT GP.,Rannoch Fm.,8.440373421,11.43238735,10.4077301,2.515437365,56.22338486,30000
4459.405584,BAAT GP.,Rannoch Fm.,8.443704605,9.89859581,9.26362133,2.522903919,63.27470779,30000
4459.557584,BAAT GP.,Rannoch Fm.,8.444907188,9.057850838,8.623983383,2.527286768,68.59991455,30000
4459.709584,BAAT GP.,Rannoch Fm.,8.454267502,8.441408157,8.221401215,2.525894404,75.03427887,30000
4459.861584,BAAT GP.,Rannoch Fm.,8.451122284,7.66080904,7.43419981,2.517393351,75.88023377,30000
4460.013584,BAAT GP.,Rannoch Fm.,8.443421364,6.75574255,6.543603897,2.508690119,79.47582245,30000
4460.165584,BAAT GP.,Rannoch Fm.,8.444620132,5.844976425,5.671739101,2.504750252,83.92577362,30000
4460.317584,BAAT GP.,Rannoch Fm.,8.440471649,4.944806576,4.809359074,2.506521463,92.00440216,30000
4460.469584,BAAT GP.,Rannoch Fm.,8.448812485,4.149013996,4.048991203,2.509965897,96.70848084,65030
4460.621584,BAAT GP.,Rannoch Fm.,8.448106766,4.040604591,3.943850994,2.512623549,90.72128296,65030
4460.773584,BAAT GP.,Rannoch Fm.,8.443125725,4.568721771,4.441464424,2.517320395,78.95715332,65030
4460.925584,BAAT GP.,Rannoch Fm.,8.443989754,4.849922657,4.698719978,2.518522501,69.59498596,65030
4461.077584,BAAT GP.,Rannoch Fm.,8.447164536,5.089779854,4.922371864,2.514976978,68.87462616,65030
4461.229584,BAAT GP.,Rannoch Fm.,8.449969292,5.247697353,5.076385021,2.508585692,68.29055023,65030
4461.381584,BAAT GP.,Rannoch Fm.,8.448137283,5.134126186,4.976941586,2.507332325,64.37840271,65030
4461.533584,BAAT GP.,Rannoch Fm.,8.447699547,4.81993866,4.695293903,2.507968664,64.95959473,65030
4461.685584,BAAT GP.,Rannoch Fm.,8.442382813,4.525425911,4.43271637,2.507019758,69.83067322,65030
4461.837584,BAAT GP.,Rannoch Fm.,8.44659996,4.327939034,4.265548229,2.514667034,80.62086487,65030
4461.989584,BAAT GP.,Rannoch Fm.,8.452406883,4.645100117,4.605491161,2.519768477,79.97651672,65030
4462.141584,BAAT GP.,Rannoch Fm.,8.44870472,5.689364433,5.677514076,2.52972436,80.05050659,30000
4462.293584,BAAT GP.,Rannoch Fm.,8.447371483,6.851870537,6.914902687,2.528578758,75.30374146,30000
4462.445584,BAAT GP.,Rannoch Fm.,8.445415497,8.278800011,8.494033814,2.526917219,74.6915741,30000
4462.597584,BAAT GP.,Rannoch Fm.,8.449411392,7.829530239,8.058448792,2.521799088,71.68049622,30000
4462.749584,BAAT GP.,Rannoch Fm.,8.447875023,8.390035629,8.874027252,2.519966841,68.44037628,30000
4462.901584,BAAT GP.,Rannoch Fm.,8.454123497,9.818110466,10.8300457,2.517688036,65.6705246,30000
4463.053584,BAAT GP.,Rannoch Fm.,8.446494103,11.23927689,12.57719231,2.515181303,65.19046021,30000
4463.205584,BAAT GP.,Rannoch Fm.,8.444863319,10.32943344,11.723176,2.514860869,71.16091156,30000
4463.357584,BAAT GP.,Rannoch Fm.,8.449333191,7.525332451,8.298374176,2.50751853,76.37512207,30000
4463.509584,BAAT GP.,Rannoch Fm.,8.445519447,6.024119377,6.490801811,2.511380673,77.89582825,30000
4463.661584,BAAT GP.,Rannoch Fm.,8.440629959,5.201874256,5.561819553,2.510725737,74.76409912,65030
4463.813584,BAAT GP.,Rannoch Fm.,8.440973282,4.922325611,5.256890297,2.511632204,71.12317658,65030
4463.965584,BAAT GP.,Rannoch Fm.,8.446060181,4.821077347,5.16270113,2.511920691,73.06755829,65030
4464.117584,BAAT GP.,Rannoch Fm.,8.447615624,4.717211247,5.064058781,2.514589548,72.82802582,65030
4464.269584,BAAT GP.,Rannoch Fm.,8.44982338,4.510193825,4.833497524,2.511682987,73.23297882,65030
4464.421584,BAAT GP.,Rannoch Fm.,8.448285103,4.441613197,4.748599529,2.511561632,71.96568298,65030
4464.573584,BAAT GP.,Rannoch Fm.,8.44270134,4.391509056,4.684951782,2.508597612,70.37745667,65030
4464.725584,BAAT GP.,Rannoch Fm.,8.43896389,4.438559055,4.73113966,2.509491205,67.78839874,65030
4464.877584,BAAT GP.,Rannoch Fm.,8.445289612,4.823598385,5.164402485,2.507514954,66.06182861,65030
4465.029584,BAAT GP.,Rannoch Fm.,8.449700356,5.185568333,5.552070141,2.51229763,63.67754746,65030
4465.181584,BAAT GP.,Rannoch Fm.,8.443374634,5.019083977,5.352564812,2.516602516,62.06105804,65030
4465.333584,BAAT GP.,Rannoch Fm.,8.448306084,4.75475502,5.024799824,2.519170761,58.85014343,65030
4465.485584,BAAT GP.,Rannoch Fm.,8.448020935,4.628073692,4.847603321,2.516092539,61.33299255,65030
4465.637584,BAAT GP.,Rannoch Fm.,8.44966507,4.562115669,4.740296364,2.506761313,65.14635468,65030
4465.789584,BAAT GP.,Rannoch Fm.,8.443486214,4.479562759,4.631066799,2.500476837,66.35034943,65030
4465.941584,BAAT GP.,Rannoch Fm.,8.443572998,4.408127308,4.531499863,2.503163576,65.5825882,65030
4466.093584,BAAT GP.,Rannoch Fm.,8.446565628,4.368105412,4.468419075,2.510367155,62.93841553,65030
4466.245584,BAAT GP.,Rannoch Fm.,8.449634552,4.346066952,4.428239346,2.508158207,61.84112549,65030
4466.397584,BAAT GP.,Rannoch Fm.,8.448072434,4.348758221,4.411716938,2.501544237,61.19311905,65030
4466.549584,BAAT GP.,Rannoch Fm.,8.449621201,4.499712944,4.547233105,2.492464066,57.95753479,65030
4466.701584,BAAT GP.,Rannoch Fm.,8.445847511,4.687366486,4.716515064,2.489029646,58.3913765,65030
4466.853584,BAAT GP.,Rannoch Fm.,8.44653225,4.781297684,4.808448315,2.498075008,57.00912476,65030
4467.005584,BAAT GP.,Rannoch Fm.,8.443602562,4.853104115,4.881155968,2.510542631,57.29069138,65030
4467.157584,BAAT GP.,Rannoch Fm.,8.439354897,4.84619236,4.877506256,2.516892433,57.32640839,65030
4467.309584,BAAT GP.,Rannoch Fm.,8.414002419,4.728278637,4.7527771,2.517486095,57.09495926,65030
4467.461584,BAAT GP.,Rannoch Fm.,8.409590721,4.806309223,4.833544254,2.515909433,56.91519928,65030
4467.613584,BAAT GP.,Rannoch Fm.,8.406822205,4.974710465,5.004156113,2.516348362,59.67607498,65030
4467.765584,BAAT GP.,Rannoch Fm.,8.407382011,5.251461983,5.291944504,2.515754461,59.62748337,65030
4467.917584,BAAT GP.,Rannoch Fm.,8.410374641,5.82720232,5.855851173,2.511557102,58.4412384,65030
4468.069584,BAAT GP.,Rannoch Fm.,8.406863213,6.967163563,6.994967461,2.497595787,52.49589539,65030
4468.221584,BAAT GP.,Rannoch Fm.,8.428039551,8.468929291,8.467774391,2.474557161,49.0707283,65030
4468.373584,BAAT GP.,Rannoch Fm.,8.403534889,11.13384914,11.10095692,2.468258143,49.61018372,65030
4468.525584,BAAT GP.,Rannoch Fm.,8.340802193,13.73428822,13.62922192,2.488986254,50.32809448,30000
4468.677584,BAAT GP.,Rannoch Fm.,8.325234413,20.27959061,20.31556892,2.532798767,51.01774216,30000
4468.829584,BAAT GP.,Rannoch Fm.,8.329124451,22.48152924,22.58390045,2.58420229,49.9096489,30000
4468.981584,BAAT GP.,Rannoch Fm.,8.346944809,22.25245476,22.04180145,2.624111414,47.06458664,30000
4469.133584,BAAT GP.,Rannoch Fm.,8.35829258,20.8201046,20.48031998,2.676697254,44.11205292,30000
4469.285584,BAAT GP.,Rannoch Fm.,8.33259964,18.5166893,18.01762199,2.727892637,39.29020309,30000
4469.437584,BAAT GP.,Rannoch Fm.,8.297754288,18.56194496,18.16598892,2.784265995,37.31319428,30000
4469.589584,BAAT GP.,Rannoch Fm.,8.291969299,19.49800491,19.09751129,2.80101037,36.85692978,30000
4469.741584,BAAT GP.,Rannoch Fm.,8.313233376,17.87752533,17.6793747,2.775089026,38.92144775,30000
4469.893584,BAAT GP.,Rannoch Fm.,8.298395157,16.40218926,16.3692131,2.700246811,41.68108368,30000
4470.045584,BAAT GP.,Rannoch Fm.,8.256814003,15.20457268,15.21351814,2.628797293,46.18972778,30000
4470.197584,BAAT GP.,Rannoch Fm.,8.271529198,14.63922691,14.72268391,2.582182646,47.91076279,30000
4470.349584,BAAT GP.,Rannoch Fm.,8.286847115,14.41202641,14.33899975,2.577890396,48.88756561,30000
4470.501584,BAAT GP.,Rannoch Fm.,8.285758972,15.86074257,15.48527241,2.579183102,51.05594635,30000
4470.653584,BAAT GP.,Rannoch Fm.,8.286833763,13.05967808,12.64748955,2.571558952,57.4847641,30000
4470.805584,BAAT GP.,Rannoch Fm.,8.307199478,8.884719849,8.602340698,2.575101376,64.29586792,65030
4470.957584,BAAT GP.,Rannoch Fm.,8.325581551,6.353432179,6.191725254,2.584131479,67.74668884,65030
4471.109584,BAAT GP.,Rannoch Fm.,8.319912911,5.420881748,5.302698135,2.585196257,66.81990051,65030
4471.261584,BAAT GP.,Rannoch Fm.,8.27881527,5.211723328,5.098488808,2.567122936,62.29328919,65030
4471.413584,BAAT GP.,Rannoch Fm.,8.256718636,5.152419567,5.027046204,2.541181803,57.68501663,65030
4471.565584,BAAT GP.,Rannoch Fm.,8.250732422,5.057602406,4.940945625,2.526448488,55.88334656,65030
4471.717584,BAAT GP.,Rannoch Fm.,8.228863716,5.208823204,5.085951805,2.529067516,57.09334564,65030
4471.869584,BAAT GP.,Rannoch Fm.,8.198831558,5.446259499,5.313270092,2.544806957,56.52627564,65030
4472.021584,BAAT GP.,Rannoch Fm.,8.233791351,5.813541889,5.663465023,2.561121225,57.49295425,65030
4472.173584,BAAT GP.,Rannoch Fm.,8.255749703,6.236455917,6.080301762,2.58121872,54.5012207,65030
4472.325584,BAAT GP.,Rannoch Fm.,8.278048515,6.905741215,6.705013752,2.597643614,50.44224167,30000
4472.477584,BAAT GP.,Rannoch Fm.,8.298599243,7.660920143,7.388813973,2.611094475,48.74383926,30000
4472.629584,BAAT GP.,Rannoch Fm.,8.304826737,7.735346317,7.436233044,2.622872114,54.4221077,30000
4472.781584,BAAT GP.,Rannoch Fm.,8.319403648,7.330720902,7.0303092,2.629132032,63.53506088,30000
4472.933584,BAAT GP.,Rannoch Fm.,8.323747635,6.690225601,6.409615517,2.632349491,70.38166809,30000
4473.085584,BAAT GP.,Rannoch Fm.,8.292603493,6.390716553,6.140518189,2.637149572,70.71230316,30000
4473.237584,BAAT GP.,Rannoch Fm.,8.260539055,6.446352959,6.201860428,2.642719507,68.3583374,30000
4473.389584,BAAT GP.,Rannoch Fm.,8.242235184,6.634869099,6.378471851,2.646782398,63.16495895,30000
4473.541584,BAAT GP.,Rannoch Fm.,8.246101379,6.925816059,6.642719269,2.645304918,60.47852707,30000
4473.693584,BAAT GP.,Rannoch Fm.,8.253569603,7.379980087,7.052106381,2.646816254,59.18065262,30000
4473.845584,BAAT GP.,Rannoch Fm.,8.265940666,7.874512196,7.493964195,2.649134636,57.25904465,30000
4473.997584,BAAT GP.,Rannoch Fm.,8.276699066,8.360717773,7.910503388,2.651318073,56.20115662,30000
4474.149584,BAAT GP.,Rannoch Fm.,8.286313057,8.66196537,8.147087097,2.649848938,56.8763237,30000
4474.301584,BAAT GP.,Rannoch Fm.,8.294547081,8.590952873,8.050331116,2.645927429,59.77584839,30000
4474.453584,BAAT GP.,Rannoch Fm.,8.291330338,7.847916603,7.361003399,2.646886826,63.13069153,30000
4474.605584,BAAT GP.,Rannoch Fm.,8.282312393,6.795851708,6.422919273,2.656204701,63.99275971,30000
4474.757584,BAAT GP.,Rannoch Fm.,8.271533966,6.315738678,5.978850365,2.672039032,65.09124756,65030
4474.909584,BAAT GP.,Rannoch Fm.,8.281248093,6.206411839,5.85577631,2.687046766,66.4383316,65030
4475.061584,BAAT GP.,Rannoch Fm.,8.288640976,5.944289208,5.614819527,2.702375889,70.12316132,65030
4475.213584,BAAT GP.,Rannoch Fm.,8.282180786,5.661884308,5.336992741,2.709697485,73.43253326,65030
4475.365584,BAAT GP.,Rannoch Fm.,8.29314518,5.476118088,5.173537254,2.698433161,74.27636719,65030
4475.517584,BAAT GP.,Rannoch Fm.,8.304678917,5.339255333,5.060238838,2.656521797,77.2590332,65030
4475.669584,BAAT GP.,Rannoch Fm.,8.325452805,5.239683151,4.966505051,2.605553627,81.39017487,65030
4475.821584,BAAT GP.,Rannoch Fm.,8.340764999,5.06415987,4.797208786,2.566156387,83.32051849,65030
4475.973584,BAAT GP.,Rannoch Fm.,8.356127739,5.490383625,5.174865246,2.557627678,79.75543976,65030
4476.125584,BAAT GP.,Rannoch Fm.,8.36842823,5.983622551,5.649310589,2.564335823,76.22029877,30000
4476.277584,BAAT GP.,Rannoch Fm.,8.369521141,6.245408535,5.906268597,2.570465088,74.89533997,30000
4476.429584,BAAT GP.,Rannoch Fm.,8.367371559,6.51596117,6.170254231,2.575689793,72.48523712,30000
4476.581584,BAAT GP.,Rannoch Fm.,8.371266365,7.321879387,6.977135658,2.583326817,68.51558685,30000
4476.733584,BAAT GP.,Rannoch Fm.,8.368239403,8.20141983,7.928330898,2.595575571,64.55506134,30000
4476.885584,BAAT GP.,Rannoch Fm.,8.344250679,8.046555519,7.814420223,2.603677988,61.41453934,30000
4477.037584,BAAT GP.,Rannoch Fm.,8.331701279,7.339493275,7.177008629,2.609654188,55.9984932,30000
4477.189584,BAAT GP.,Rannoch Fm.,8.329609871,6.891004086,6.774172306,2.607419729,50.82672882,65030
4477.341584,BAAT GP.,Rannoch Fm.,8.313607216,6.535600662,6.430584431,2.596953869,51.55196381,65030
4477.493584,BAAT GP.,Rannoch Fm.,8.319848061,6.084292889,6.014082432,2.585172653,54.13694763,65030
4477.645584,BAAT GP.,Rannoch Fm.,8.329669952,5.687112331,5.638103485,2.574427605,57.12558365,65030
4477.797584,BAAT GP.,Rannoch Fm.,8.331974983,5.424092293,5.389464855,2.57141614,58.25584793,65030
4477.949584,BAAT GP.,Rannoch Fm.,8.326036453,5.185628414,5.16307354,2.569922924,59.23167419,65030
4478.101584,BAAT GP.,Rannoch Fm.,8.303975105,5.037537575,5.018193245,2.5670228,57.89822769,65030
4478.253584,BAAT GP.,Rannoch Fm.,8.289933205,5.342833519,5.315964222,2.562423706,55.23360443,65030
4478.405584,BAAT GP.,Rannoch Fm.,8.287799835,6.178329945,6.158671856,2.558330059,54.08807373,65030
4478.557584,BAAT GP.,Rannoch Fm.,8.287799835,8.125452042,8.027733803,2.561444283,55.69704819,65030
4478.709584,BAAT GP.,Rannoch Fm.,8.289412499,8.35966301,8.201843262,2.578297854,54.61440277,65030
4478.861584,BAAT GP.,Rannoch Fm.,8.290800095,7.152370453,6.997663498,2.607399702,52.67593384,65030
4479.013584,BAAT GP.,Rannoch Fm.,8.290800095,7.00938797,6.825241566,2.65751791,51.74488831,65030
4479.165584,BAAT GP.,Rannoch Fm.,8.288894653,6.940155029,6.728881836,2.695338726,53.25311661,65030
4479.317584,BAAT GP.,Rannoch Fm.,8.289096832,6.846355915,6.612174034,2.690639257,59.21621704,30000
4479.469584,BAAT GP.,Rannoch Fm.,8.333458901,7.027943134,6.762937546,2.656610966,66.12732697,30000
4479.621584,BAAT GP.,Rannoch Fm.,8.367398262,7.591018677,7.262505531,2.623780727,72.34379578,30000
4479.773584,BAAT GP.,Rannoch Fm.,8.369342804,8.610088348,8.170791626,2.609638453,73.92241669,30000
4479.925584,BAAT GP.,Rannoch Fm.,8.370438576,8.518977165,8.068114281,2.60481596,72.56866455,30000
4480.077584,BAAT GP.,Rannoch Fm.,8.347543716,7.393877983,7.051259041,2.601227045,71.73714447,30000
4480.229584,BAAT GP.,Rannoch Fm.,8.32362175,6.385168076,6.143473625,2.601302147,71.85353851,30000
4480.381584,BAAT GP.,Rannoch Fm.,8.311150551,5.774336338,5.579681397,2.614264011,70.41003418,30000
4480.533584,BAAT GP.,Rannoch Fm.,8.298678398,5.621191025,5.44215107,2.639267683,69.1371994,30000
4480.685584,BAAT GP.,Rannoch Fm.,8.291644096,5.388870716,5.231956959,2.66301322,67.98010254,30000
4480.837584,BAAT GP.,Rannoch Fm.,8.28929615,4.909029961,4.774353027,2.667388678,68.3169632,30000
4480.989584,BAAT GP.,Rannoch Fm.,8.281812668,4.784019947,4.648891449,2.661402702,68.55532074,30000
4481.141584,BAAT GP.,Rannoch Fm.,8.268300057,5.333716869,5.161595821,2.662136316,68.45170593,30000
4481.293584,BAAT GP.,Rannoch Fm.,8.264507294,6.193655491,5.95791769,2.666128397,69.52044678,30000
4481.445584,BAAT GP.,Rannoch Fm.,8.274973869,7.183848381,6.864730835,2.658974886,69.40827942,30000
4481.597584,BAAT GP.,Rannoch Fm.,8.287640572,8.357029915,7.934207439,2.638208389,67.11646271,30000
4481.749584,BAAT GP.,Rannoch Fm.,8.295301437,8.355853081,7.933979988,2.623877764,62.84852982,30000
4481.901584,BAAT GP.,Rannoch Fm.,8.29834652,7.280965328,6.970313072,2.61469388,62.53050613,65030
4482.053584,BAAT GP.,Rannoch Fm.,8.278206825,6.661066055,6.41912365,2.605680227,62.37034988,65030
4482.205584,BAAT GP.,Rannoch Fm.,8.257566452,6.411980629,6.20580864,2.59973073,60.71298981,65030
4482.357584,BAAT GP.,Rannoch Fm.,8.275818825,6.431190968,6.242615223,2.602821589,57.5788002,65030
4482.509584,BAAT GP.,Rannoch Fm.,8.290275574,6.335762024,6.149879456,2.61217761,55.43613434,65030
4482.661584,BAAT GP.,Rannoch Fm.,8.287799835,6.202783585,6.022361279,2.614867449,57.28118515,65030
4482.813584,BAAT GP.,Rannoch Fm.,8.289196014,6.190018177,6.014231682,2.617603302,59.94182587,65030
4482.965584,BAAT GP.,Rannoch Fm.,8.306132317,6.006079197,5.832715988,2.620999098,63.12548447,65030
4483.117584,BAAT GP.,Rannoch Fm.,8.318368912,5.716972351,5.534038544,2.624859333,62.8215332,65030
4483.269584,BAAT GP.,Rannoch Fm.,8.320201874,5.599548817,5.398022175,2.627304554,61.12701035,65030
4483.421584,BAAT GP.,Rannoch Fm.,8.328630447,5.493294239,5.277638435,2.629725695,61.08971405,65030
4483.573584,BAAT GP.,Rannoch Fm.,8.332449913,5.281972885,5.061136246,2.632172585,60.21524048,30000
4483.725584,BAAT GP.,Rannoch Fm.,8.330820084,5.111597061,4.89544487,2.631008625,58.36790085,30000
4483.877584,BAAT GP.,Rannoch Fm.,8.32499218,5.054198265,4.839151382,2.630504131,57.64743424,30000
4484.029584,BAAT GP.,Rannoch Fm.,8.32594204,5.083779335,4.859587193,2.633883953,61.29382324,30000
4484.181584,BAAT GP.,Rannoch Fm.,8.322225571,5.146080494,4.909212112,2.636409521,65.42803192,30000
4484.333584,BAAT GP.,Rannoch Fm.,8.327900887,5.244241715,4.988751888,2.637107849,65.3315506,30000
4484.485584,BAAT GP.,Rannoch Fm.,8.330375671,5.433355331,5.153995037,2.637806177,61.65587616,30000
4484.637584,BAAT GP.,Rannoch Fm.,8.325955391,5.607094288,5.293556213,2.641507387,58.89934158,30000
4484.789584,BAAT GP.,Rannoch Fm.,8.320401192,5.789806843,5.434544087,2.64861393,61.22848511,30000
4484.941584,BAAT GP.,Rannoch Fm.,8.323987007,5.901447296,5.513400555,2.653505802,66.08301544,30000
4485.093584,BAAT GP.,Rannoch Fm.,8.336000443,5.807034969,5.417673588,2.653515101,69.47033691,30000
4485.245584,BAAT GP.,Rannoch Fm.,8.336000443,5.654542923,5.282482147,2.648214102,70.10761261,30000
4485.397584,BAAT GP.,Rannoch Fm.,8.332340241,5.597376823,5.229128361,2.645246029,69.6399765,30000
4485.549584,BAAT GP.,Rannoch Fm.,8.327174187,5.599003315,5.233625412,2.646305084,71.02198792,30000
4485.701584,BAAT GP.,Rannoch Fm.,8.328248024,5.656921387,5.289318562,2.642120361,73.04522705,30000
4485.853584,BAAT GP.,Rannoch Fm.,8.32875824,5.792151451,5.406151295,2.631508589,72.47356415,30000
4486.005584,BAAT GP.,Rannoch Fm.,8.330704689,5.987402439,5.56929493,2.62609911,68.32769775,30000
4486.157584,BAAT GP.,Rannoch Fm.,8.340094566,6.125514984,5.686814785,2.633105993,63.46865082,30000
4486.309584,BAAT GP.,Rannoch Fm.,8.35051918,6.23683691,5.78966856,2.642636299,62.22925949,30000
4486.461584,BAAT GP.,Rannoch Fm.,8.347342491,6.330895901,5.875849724,2.652826309,64.22638702,30000
4486.613584,BAAT GP.,Rannoch Fm.,8.328144074,6.264464855,5.821864605,2.648984671,65.99064636,30000
4486.765584,BAAT GP.,Rannoch Fm.,8.311367989,5.991849899,5.585653305,2.637651682,64.72904968,30000
4486.917584,BAAT GP.,Rannoch Fm.,8.293306351,5.602361202,5.245012283,2.628056526,61.65697098,30000
4487.069584,BAAT GP.,Rannoch Fm.,8.290705681,5.686921597,5.308141708,2.625309706,59.65861511,30000
4487.221584,BAAT GP.,Rannoch Fm.,8.307614327,5.91283226,5.495754242,2.627136231,63.22252655,30000
4487.373584,BAAT GP.,Rannoch Fm.,8.329328537,5.687404633,5.293206215,2.624508619,68.30521393,30000
4487.525584,BAAT GP.,Rannoch Fm.,8.338614464,5.540519714,5.156410694,2.625974655,67.92485809,30000
4487.677584,BAAT GP.,Rannoch Fm.,8.353131294,5.554399967,5.165166378,2.636903524,65.88497925,30000
4487.829584,BAAT GP.,Rannoch Fm.,8.360192299,5.728066444,5.313714504,2.649715424,65.70670319,30000
4487.981584,BAAT GP.,Rannoch Fm.,8.358233452,5.967376709,5.50180769,2.65997386,67.92762756,30000
4488.133584,BAAT GP.,Rannoch Fm.,8.353336334,6.08531332,5.578561306,2.655674219,68.78114319,30000
4488.285584,BAAT GP.,Rannoch Fm.,8.331934929,5.861425877,5.383759022,2.637380362,70.16776276,30000
4488.437584,BAAT GP.,Rannoch Fm.,8.304675102,6.164736748,5.613245964,2.616714478,72.50471497,30000
4488.589584,BAAT GP.,Rannoch Fm.,8.289621353,7.469275475,6.650802612,2.598764896,75.95344544,30000
4488.741584,BAAT GP.,Rannoch Fm.,8.294930458,8.614379883,7.519770622,2.591694593,77.89992523,30000
4488.893584,BAAT GP.,Rannoch Fm.,8.295776367,9.001828194,7.787184238,2.588490009,76.62870789,30000
4489.045584,BAAT GP.,Rannoch Fm.,8.292719841,8.362651825,7.286271572,2.58975625,71.35642242,30000
4489.197584,BAAT GP.,Rannoch Fm.,8.294260025,7.590426922,6.707715988,2.592170239,64.38785553,30000
4489.349584,BAAT GP.,Rannoch Fm.,8.305574417,7.091368198,6.327886581,2.594064713,59.99000931,30000
4489.501584,BAAT GP.,Rannoch Fm.,8.317001343,6.673989773,5.99811697,2.5943501,60.45767593,30000
4489.653584,BAAT GP.,Rannoch Fm.,8.320899963,6.3743186,5.752417564,2.598235369,63.00391007,30000
4489.805584,BAAT GP.,Rannoch Fm.,8.321936607,6.305374622,5.691997528,2.609415293,67.10125732,30000
4489.957584,BAAT GP.,Rannoch Fm.,8.314972878,6.575624466,5.891223908,2.620507956,69.49649811,30000
4490.109584,BAAT GP.,Rannoch Fm.,8.296502113,6.741717815,6.026546478,2.621698856,68.03531647,65030
4490.261584,BAAT GP.,Rannoch Fm.,8.294850349,6.756236076,6.045113087,2.62018919,69.41511536,65030
4490.413584,BAAT GP.,Rannoch Fm.,8.294846535,6.59186697,5.915258408,2.626097679,72.14731598,65030
4490.565584,BAAT GP.,Rannoch Fm.,8.28603363,6.733364105,6.02777195,2.633899689,76.74627686,30000
4490.717584,BAAT GP.,Rannoch Fm.,8.28120327,7.355573654,6.516329289,2.633150578,80.94696808,30000
4490.869584,BAAT GP.,Rannoch Fm.,8.295732498,7.887167931,6.930819988,2.626087904,83.10388184,30000
4491.021584,BAAT GP.,Rannoch Fm.,8.309792519,8.028827667,7.036801815,2.627754211,84.11785126,30000
4491.173584,BAAT GP.,Rannoch Fm.,8.319188118,7.535980225,6.649084091,2.630922556,81.24016571,30000
4491.325584,BAAT GP.,Rannoch Fm.,8.320620537,7.403810501,6.549773693,2.631633759,78.46631622,30000
4491.477584,BAAT GP.,Rannoch Fm.,8.319805145,7.329329491,6.488880634,2.622818708,76.40081024,30000
4491.629584,BAAT GP.,Rannoch Fm.,8.323269844,7.140548706,6.340642929,2.620896339,75.09783173,30000
4491.781584,BAAT GP.,Rannoch Fm.,8.311223984,6.939221859,6.170987129,2.622257233,72.85565949,30000
4491.933584,BAAT GP.,Rannoch Fm.,8.2896595,7.034077168,6.242523193,2.632266045,70.23770142,30000
4492.085584,BAAT GP.,Rannoch Fm.,8.292578697,7.25768137,6.41111517,2.638581991,68.75932312,30000
4492.237584,BAAT GP.,Rannoch Fm.,8.297408104,7.399681091,6.512924671,2.649152994,68.16052246,30000
4492.389584,BAAT GP.,Rannoch Fm.,8.316705704,7.603636265,6.662497044,2.685851097,71.31811523,30000
4492.541584,BAAT GP.,Rannoch Fm.,8.318809509,7.752342701,6.769798756,2.752080202,74.14489746,90000
4492.693584,BAAT GP.,Rannoch Fm.,8.309751511,7.776742458,6.779425621,2.766428709,72.67628479,90000
4492.845584,BAAT GP.,Rannoch Fm.,8.298106194,7.926787376,6.883065701,2.727349281,70.94115448,65030
4492.997584,BAAT GP.,Rannoch Fm.,8.29733181,8.24242878,7.122886181,2.65584445,71.32057953,65030
4493.149584,BAAT GP.,Rannoch Fm.,8.301252365,8.421984673,7.258883476,2.630388737,73.69429779,65030
4493.301584,BAAT GP.,Rannoch Fm.,8.292669296,8.000581741,6.934889793,2.623603344,75.07811737,65030
4493.453584,BAAT GP.,Rannoch Fm.,8.303282738,7.750804901,6.749790192,2.62390399,71.50021362,65030
4493.605584,BAAT GP.,Rannoch Fm.,8.313968658,7.634390831,6.672701359,2.62883544,72.78993988,65030
4493.757584,BAAT GP.,Rannoch Fm.,8.318911552,7.476257801,6.566333294,2.629200697,75.88838196,65030
4493.909584,BAAT GP.,Rannoch Fm.,8.319192886,7.194663525,6.353944778,2.626386881,78.86998749,65030
4494.061584,BAAT GP.,Rannoch Fm.,8.323882103,7.033194065,6.238811016,2.622727394,77.41217804,65030
4494.213584,BAAT GP.,Rannoch Fm.,8.326379776,7.171674252,6.359194756,2.623491764,74.5819397,65030
4494.365584,BAAT GP.,Rannoch Fm.,8.321485519,7.311164379,6.481570244,2.622904778,71.4271698,65030
4494.517584,BAAT GP.,Rannoch Fm.,8.309304237,7.231602669,6.429648876,2.623028278,70.74330902,65030
4494.669584,BAAT GP.,Rannoch Fm.,8.294165611,7.152554989,6.380375385,2.626486063,68.3049469,65030
4494.821584,BAAT GP.,Rannoch Fm.,8.294838905,7.357343197,6.559680462,2.631040812,65.87311554,65030
4494.973584,BAAT GP.,Rannoch Fm.,8.293031693,7.46663332,6.669845104,2.636618137,64.06349182,30000
4495.125584,BAAT GP.,Rannoch Fm.,8.289886475,7.355560303,6.613359451,2.635545969,64.4777832,30000
4495.277584,BAAT GP.,Rannoch Fm.,8.287350655,7.18044281,6.489409447,2.633768559,66.14846039,30000
4495.429584,BAAT GP.,Rannoch Fm.,8.28929615,7.481209278,6.778437614,2.632619858,68.00792694,30000
4495.581584,BAAT GP.,Rannoch Fm.,8.296790123,8.178758621,7.395634651,2.640327215,69.98809052,30000
4495.733584,BAAT GP.,Rannoch Fm.,8.309559822,8.807165146,7.971768856,2.650470495,70.520607,30000
4495.885584,BAAT GP.,Rannoch Fm.,8.318027496,8.758664131,7.971678734,2.666739702,70.465065,30000
4496.037584,BAAT GP.,Rannoch Fm.,8.30629158,9.10332489,8.297679901,2.680003882,70.33026886,30000
4496.189584,BAAT GP.,Rannoch Fm.,8.295528412,10.94373322,9.866158485,2.695216417,70.67035675,30000
4496.341584,BAAT GP.,Rannoch Fm.,8.289916039,12.35212803,11.05158138,2.709511757,71.97286987,30000
4496.493584,BAAT GP.,Rannoch Fm.,8.294665337,10.4975605,9.587981224,2.723535061,71.36611939,30000
4496.645584,BAAT GP.,Rannoch Fm.,8.28733635,9.642210007,8.894517899,2.738298416,69.26242828,30000
4496.797584,BAAT GP.,Rannoch Fm.,8.292564392,9.715025902,8.999153137,2.716332197,62.00610352,30000
4496.949584,BAAT GP.,Rannoch Fm.,8.305837631,8.905247688,8.325556755,2.679446936,54.6745491,30000
4497.101584,BAAT GP.,Rannoch Fm.,8.296236992,8.518520355,8.018439293,2.629830837,49.32840347,30000
4497.253584,BAAT GP.,Rannoch Fm.,8.298583984,8.355789185,7.891276836,2.603929281,48.81739426,30000
4497.405584,BAAT GP.,Rannoch Fm.,8.298669815,8.328336716,7.880381107,2.587768793,55.13188553,30000
4497.557584,BAAT GP.,Rannoch Fm.,8.315607071,8.275174141,7.856052399,2.6116817,68.51107025,30000
4497.709584,BAAT GP.,Rannoch Fm.,8.315684319,8.225036621,7.791017056,2.635251999,70.55085754,30000
4497.861584,BAAT GP.,Rannoch Fm.,8.329999924,8.232432365,7.755962849,2.652273655,67.5615387,30000
4498.013584,BAAT GP.,Rannoch Fm.,8.32629776,8.310368538,7.806688309,2.638774872,65.93862152,65000
4498.165584,BAAT GP.,Rannoch Fm.,8.308865547,8.342244148,7.829116345,2.632356644,70.16914368,65000
4498.317584,BAAT GP.,Rannoch Fm.,8.296560288,8.562684059,7.977502346,2.621059418,71.78299713,65000
4498.469584,BAAT GP.,Rannoch Fm.,8.294332504,8.720989227,8.09308815,2.608237982,70.55561829,65000
4498.621584,BAAT GP.,Rannoch Fm.,8.290607452,9.032277107,8.34597683,2.608665228,65.33879852,65000
4498.773584,BAAT GP.,Rannoch Fm.,8.291149139,8.717263222,8.054691315,2.60777688,64.31692505,65030
4498.925584,BAAT GP.,Rannoch Fm.,8.295754433,8.155925751,7.544915676,2.60670042,67.83052063,65030
4499.077584,DUNLIN GP.,Drake Fm.,8.291115761,7.801308155,7.257837296,2.610356569,71.14563751,65030
4499.229584,DUNLIN GP.,Drake Fm.,8.293855667,7.328308106,6.842907429,2.62165308,73.83879089,65030
4499.381584,DUNLIN GP.,Drake Fm.,8.296079636,6.998294354,6.558744907,2.62571907,76.35385132,65030
4499.533584,DUNLIN GP.,Drake Fm.,8.274562836,6.768669605,6.33352375,2.623308897,74.2103653,65030
4499.685584,DUNLIN GP.,Drake Fm.,8.25462532,6.595435143,6.160072327,2.615296125,75.48867798,65030
4499.837584,DUNLIN GP.,Drake Fm.,8.252793312,6.483339787,6.042635441,2.612017155,69.15176392,30000
4499.989584,DUNLIN GP.,Drake Fm.,8.255206108,6.239992619,5.839097023,2.613754273,61.43897247,30000
4500.141584,DUNLIN GP.,Drake Fm.,8.258599281,6.149122715,5.762056828,2.62193346,53.73843384,30000
4500.293584,DUNLIN GP.,Drake Fm.,8.261719704,6.25178957,5.85781908,2.62267518,54.05738449,30000
4500.445584,DUNLIN GP.,Drake Fm.,8.255186081,6.333237171,5.93578577,2.624611616,63.20092392,30000
4500.597584,DUNLIN GP.,Drake Fm.,8.255558968,6.093920231,5.730635643,2.618653059,74.56587219,30000
4500.749584,DUNLIN GP.,Drake Fm.,8.24641037,6.058643341,5.687596798,2.614026785,84.03636932,30000
4500.901584,DUNLIN GP.,Drake Fm.,8.257296562,5.949183464,5.600448608,2.612960339,86.39567566,30000
4501.053584,DUNLIN GP.,Drake Fm.,8.253864288,5.865931988,5.517241955,2.613328695,83.72802734,30000
4501.205584,DUNLIN GP.,Drake Fm.,8.248579025,5.673748016,5.342432022,2.618375301,83.26013947,30000
4501.357584,DUNLIN GP.,Drake Fm.,8.257699966,5.420797348,5.11466217,2.611939192,85.98830414,30000
4501.509584,DUNLIN GP.,Drake Fm.,8.257270813,5.189249992,4.903202057,2.615499735,89.29364777,30000
4501.661584,DUNLIN GP.,Drake Fm.,8.255501747,4.888388157,4.645473003,2.615496635,90.17275238,30000
4501.813584,DUNLIN GP.,Drake Fm.,8.26044178,4.900569439,4.65265131,2.622107506,86.24661255,30000
4501.965584,DUNLIN GP.,Drake Fm.,8.259937286,4.974131107,4.726860046,2.619040012,82.44581604,30000
4502.117584,DUNLIN GP.,Drake Fm.,8.256252289,5.167067051,4.900753021,2.626926661,77.95658112,30000
4502.269584,DUNLIN GP.,Drake Fm.,8.262514114,5.291478634,5.02420044,2.627890587,78.32295227,65030
4502.421584,DUNLIN GP.,Drake Fm.,8.254196167,5.384985924,5.119285107,2.631783247,78.89704132,65030
4502.573584,DUNLIN GP.,Drake Fm.,8.251655579,5.420817375,5.147538185,2.623023987,83.13323975,65030
4502.725584,DUNLIN GP.,Drake Fm.,8.258065224,5.51218605,5.234962463,2.624046087,89.00495911,65030
4502.877584,DUNLIN GP.,Drake Fm.,8.26362896,6.010947704,5.671899319,2.625888825,92.31072998,65030
4503.029584,DUNLIN GP.,Drake Fm.,8.285505295,6.432274818,6.04031229,2.630797148,92.65890503,65030
4503.181584,DUNLIN GP.,Drake Fm.,8.288846016,6.529675961,6.122395992,2.623574495,83.20696259,65030
4503.333584,DUNLIN GP.,Drake Fm.,8.296550751,6.175925255,5.796345234,2.618710041,68.00572205,65030
4503.485584,DUNLIN GP.,Drake Fm.,8.294374466,6.032108307,5.678050041,2.605890513,65.50218964,65030
4503.637584,DUNLIN GP.,Drake Fm.,8.298772812,5.881649494,5.547553062,2.603184223,65.28812408,65030
4503.789584,DUNLIN GP.,Drake Fm.,8.296273232,5.960339069,5.620566368,2.602129698,68.22279358,30000
4503.941584,DUNLIN GP.,Drake Fm.,8.291101456,6.071256161,5.717776299,2.609646082,74.14670563,30000
4504.093584,DUNLIN GP.,Drake Fm.,8.293298721,6.108347893,5.756403923,2.620813847,74.46170044,30000
4504.245584,DUNLIN GP.,Drake Fm.,8.28832531,6.051478386,5.711536884,2.629728079,76.56018829,30000
4504.397584,DUNLIN GP.,Drake Fm.,8.284799576,6.160460949,5.814532757,2.635028124,78.52882385,30000
4504.549584,DUNLIN GP.,Drake Fm.,8.284835815,6.345461845,5.981175423,2.638858795,82.51396942,30000
4504.701584,DUNLIN GP.,Drake Fm.,8.285967827,6.474598885,6.102856159,2.646051645,85.61094666,30000
4504.853584,DUNLIN GP.,Drake Fm.,8.290921211,6.505704403,6.13231945,2.653378487,85.1138916,30000
4505.005584,DUNLIN GP.,Drake Fm.,8.260446549,6.110194206,5.791316509,2.661108255,84.88919067,30000
4505.157584,DUNLIN GP.,Drake Fm.,8.257937431,5.675936699,5.392374992,2.668239117,83.02679443,30000
4505.309584,DUNLIN GP.,Drake Fm.,8.260469437,5.20095253,4.962956429,2.674831152,82.25640106,30000
4505.461584,DUNLIN GP.,Drake Fm.,8.257699966,4.691209316,4.49524641,2.678374052,82.1750412,30000
4505.613584,DUNLIN GP.,Drake Fm.,8.258134842,4.267779827,4.103849888,2.673607588,83.46829224,30000
4505.765584,DUNLIN GP.,Drake Fm.,8.263278008,3.937760353,3.798603058,2.679959536,85.75336456,30000
4505.917584,DUNLIN GP.,Drake Fm.,8.25749588,3.803684473,3.676112652,2.678725481,83.18980408,30000
4506.069584,DUNLIN GP.,Drake Fm.,8.254897118,3.777962208,3.656124115,2.686668873,83.67144013,30000
4506.221584,DUNLIN GP.,Drake Fm.,8.257509232,3.9106884,3.786952019,2.677757263,93.23416138,30000
4506.373584,DUNLIN GP.,Drake Fm.,8.255065918,4.038743496,3.914533854,2.678301096,101.3331451,65000
4506.525584,DUNLIN GP.,Drake Fm.,8.260365486,4.155892849,4.010098934,2.673889637,109.0004425,65000
4506.677584,DUNLIN GP.,Drake Fm.,8.255021095,4.26930809,4.123414516,2.677105188,109.4770279,65000
4506.829584,DUNLIN GP.,Drake Fm.,8.260853767,4.585055828,4.40418005,2.677102804,104.4248962,65000
4506.981584,DUNLIN GP.,Drake Fm.,8.263552666,4.864116669,4.655005932,2.675069571,97.41421509,65000
4507.133584,DUNLIN GP.,Drake Fm.,8.260560036,4.941796303,4.714673996,2.670459747,86.30133057,65000
4507.285584,DUNLIN GP.,Drake Fm.,8.257699966,4.923026562,4.689780235,2.667226315,79.07224274,30000
4507.437584,DUNLIN GP.,Drake Fm.,8.257699966,4.645706177,4.422505379,2.65904808,73.13288117,30000
4507.589584,DUNLIN GP.,Drake Fm.,8.257580757,4.468920231,4.254404068,2.655313253,71.90195465,30000
4507.741584,DUNLIN GP.,Drake Fm.,8.254595757,4.137018204,3.968673945,2.648927927,74.03215027,30000
4507.893584,DUNLIN GP.,Drake Fm.,8.252187729,4.005491734,3.858868837,2.663735628,77.73878479,30000
4508.045584,DUNLIN GP.,Drake Fm.,8.266889572,3.908032179,3.778813362,2.665184021,83.24478149,30000
4508.197584,DUNLIN GP.,Drake Fm.,8.269242287,3.969033241,3.842596769,2.677186728,84.97293091,30000
4508.349584,DUNLIN GP.,Drake Fm.,8.249903679,4.031262398,3.910824776,2.662205696,91.93132019,30000
4508.501584,DUNLIN GP.,Drake Fm.,8.257699966,4.088003635,3.977289915,2.643172264,91.35825348,30000
4508.653584,DUNLIN GP.,Drake Fm.,8.257762909,4.123538017,3.99952054,2.637990713,92.59313202,30000
4508.805584,DUNLIN GP.,Drake Fm.,8.260587692,4.205021858,4.075529099,2.647219896,90.22652435,30000
4508.957584,DUNLIN GP.,Drake Fm.,8.254847527,4.219246864,4.090307713,2.664342642,89.97720337,30000
4509.109584,DUNLIN GP.,Drake Fm.,8.263605118,4.05705595,3.937920809,2.684954882,90.33889771,30000
4509.261584,DUNLIN GP.,Drake Fm.,8.255123138,3.7826581,3.678428173,2.689970732,88.83716583,30000
4509.413584,DUNLIN GP.,Drake Fm.,8.257660866,3.731388092,3.635136604,2.69788146,84.96291351,30000
4509.565584,DUNLIN GP.,Drake Fm.,8.251726151,3.560357809,3.471567869,2.679703713,85.05997467,30000
4509.717584,DUNLIN GP.,Drake Fm.,8.257711411,3.4558599,3.369481325,2.680608988,89.39183044,30000
4509.869584,DUNLIN GP.,Drake Fm.,8.263697624,3.384620905,3.309117556,2.685198546,99.62559509,30000
4510.021584,DUNLIN GP.,Drake Fm.,8.252429009,3.136833191,3.069113493,2.691882849,99.66880035,30000
4510.173584,DUNLIN GP.,Drake Fm.,8.257674217,3.211436749,3.137267828,2.701652765,99.70910645,30000
4510.325584,DUNLIN GP.,Drake Fm.,8.254730225,3.393026114,3.309324265,2.708826304,100.1595459,30000
4510.477584,DUNLIN GP.,Drake Fm.,8.260328293,3.287660122,3.207810164,2.713837385,98.564888,30000
4510.629584,DUNLIN GP.,Drake Fm.,8.25478363,3.497826576,3.41398716,2.700993538,102.6721802,30000
4510.781584,DUNLIN GP.,Drake Fm.,8.254699707,3.824198246,3.716215611,2.670622826,105.2742691,30000
4510.933584,DUNLIN GP.,Drake Fm.,8.257641792,4.396942616,4.250099182,2.659900665,109.8872147,30000
4511.085584,DUNLIN GP.,Drake Fm.,8.260635376,4.198515892,4.084085465,2.662341833,108.4062958,65030
4511.237584,DUNLIN GP.,Drake Fm.,8.199005127,3.83700347,3.752491713,2.684657097,105.0957871,65030
4511.389584,DUNLIN GP.,Drake Fm.,8.17704773,3.925011873,3.827771664,2.697666407,101.7476578,65030
4511.541584,DUNLIN GP.,Drake Fm.,8.185245514,4.161872387,4.060094357,2.704899073,93.7774353,65030
4511.693584,DUNLIN GP.,Drake Fm.,8.185500145,3.924315929,3.828310251,2.698915482,75.17868042,65030
4511.845584,DUNLIN GP.,Drake Fm.,8.175571442,3.608874083,3.528111935,2.69860363,77.20453644,65030
4511.997584,DUNLIN GP.,Drake Fm.,8.185105324,3.326775789,3.258308411,2.69013691,74.08190155,65030
4512.149584,DUNLIN GP.,Drake Fm.,8.176865578,3.073546886,3.016676664,2.707262039,68.02429199,65030
4512.301584,DUNLIN GP.,Drake Fm.,8.208183289,3.255600214,3.191638231,2.710392952,68.14690399,65030
4512.453584,DUNLIN GP.,Drake Fm.,8.179997444,3.50341177,3.424501419,2.741822004,78.91046906,65030
4512.605584,DUNLIN GP.,Drake Fm.,8.182315826,3.260810375,3.189689398,2.749111176,95.68358612,65030
4512.757584,DUNLIN GP.,Drake Fm.,8.170999527,3.078073978,3.012981415,2.757668734,100.4618988,65030
4512.909584,DUNLIN GP.,Drake Fm.,8.165184975,3.030894041,2.968085051,2.756867409,106.3285217,65030
4513.061584,DUNLIN GP.,Drake Fm.,8.175837517,3.079715967,3.012301683,2.764343262,92.71981049,65000
4513.213584,DUNLIN GP.,Drake Fm.,8.165121079,3.179948568,3.111966372,2.752856255,87.90640259,65000
4513.365584,DUNLIN GP.,Drake Fm.,8.167215347,3.10963726,3.043419838,2.748722553,94.14505005,65000
4513.517584,DUNLIN GP.,Drake Fm.,8.156168938,3.036183119,2.975885868,2.74260354,99.76555634,65000
4513.669584,DUNLIN GP.,Drake Fm.,8.166604996,2.919924974,2.871789455,2.742946863,103.0655441,65000
4513.821584,DUNLIN GP.,Drake Fm.,8.152217865,2.795013189,2.753674269,2.752034903,101.1052246,65000
4513.973584,DUNLIN GP.,Drake Fm.,8.146733284,2.791417599,2.751725435,2.758832455,104.0698242,65000
4514.125584,DUNLIN GP.,Drake Fm.,8.143619537,2.615779638,2.572378874,2.763192892,108.2154846,65000
4514.277584,DUNLIN GP.,Drake Fm.,8.146165848,2.502540588,2.459301472,2.758062124,106.1337204,65000
4514.429584,DUNLIN GP.,Drake Fm.,8.143642426,2.411096811,2.363760471,2.759989977,106.261055,65000
4514.581584,DUNLIN GP.,Drake Fm.,8.143400192,2.347224951,2.303284407,2.769002438,109.4483032,65000
4514.733584,DUNLIN GP.,Drake Fm.,8.13544178,2.304140806,2.261272669,2.775379419,116.6672287,65000
4514.885584,DUNLIN GP.,Drake Fm.,8.142638207,2.264103174,2.224314213,2.770151615,118.7212219,65000
4515.037584,DUNLIN GP.,Drake Fm.,8.143400192,2.232475996,2.191883564,2.761226416,116.0688171,65000
4515.189584,DUNLIN GP.,Drake Fm.,8.140584946,2.168052673,2.131347656,2.750685453,111.115593,65000
4515.341584,DUNLIN GP.,Drake Fm.,8.142474175,2.092245579,2.058481455,2.745352745,106.7314758,65000
4515.493584,DUNLIN GP.,Drake Fm.,8.143332481,2.119781017,2.078872919,2.752759457,95.81993103,65000
4515.645584,DUNLIN GP.,Drake Fm.,8.140615463,2.178563595,2.132192612,2.757911682,76.81155396,65000
4515.797584,DUNLIN GP.,Drake Fm.,8.140748024,2.285832882,2.23105073,2.75759387,79.65831757,65000
4515.949584,DUNLIN GP.,Drake Fm.,8.137672424,2.394894123,2.331867933,2.758750677,85.08594513,65000
4516.101584,DUNLIN GP.,Drake Fm.,8.152627945,2.360604763,2.298398018,2.758276224,95.36134338,65000
4516.253584,DUNLIN GP.,Drake Fm.,8.153562546,2.256330729,2.199575424,,109.5699158,65000
4526.437584,DUNLIN GP.,Drake Fm.,8.020401955,2.084175587,1.848601341,2.605428696,93.71379089,65000
4526.589584,DUNLIN GP.,Drake Fm.,7.991500855,2.084080219,1.860805512,2.605383396,96.34960175,65000
4526.741584,DUNLIN GP.,Drake Fm.,7.946225643,2.069772959,1.863755584,2.595189095,105.4866028,65000
4526.893584,DUNLIN GP.,Drake Fm.,7.788431168,2.065863371,1.879492879,2.591652632,113.6465073,65000
4527.045584,DUNLIN GP.,Drake Fm.,7.311711788,2.107659102,1.9305228,2.611345291,116.0571747,65000
4527.197584,DUNLIN GP.,Drake Fm.,6.444882393,2.11616993,1.968262076,2.633896589,117.5554047,65030
4527.349584,DUNLIN GP.,Drake Fm.,6.077630043,2.16611886,2.033611536,2.636437416,119.7228622,65030
4527.501584,DUNLIN GP.,Drake Fm.,6.043415546,2.227126837,2.097029209,2.616923571,123.7086182,65030
4527.653584,DUNLIN GP.,Drake Fm.,6.041339874,2.259481907,2.134963274,2.606443882,125.0163117,65030
4527.805584,DUNLIN GP.,Drake Fm.,6.037350655,2.267395258,2.152218819,2.612047911,124.3970184,65030
4527.957584,DUNLIN GP.,Drake Fm.,6.037141323,2.330529928,2.21249032,2.62134552,123.6261902,65030
4528.109584,DUNLIN GP.,Drake Fm.,6.036363602,2.346408129,2.227386475,2.624747276,118.9396744,65030
4528.261584,DUNLIN GP.,Drake Fm.,6.039313793,2.304909706,2.187936783,2.619204521,114.4790726,65030
4528.413584,DUNLIN GP.,Drake Fm.,6.030058861,2.318811894,2.202004194,2.61194706,110.2003861,65030
4528.565584,DUNLIN GP.,Drake Fm.,6.032214642,2.342343569,2.223921299,2.623413563,113.6765137,65030
4528.717584,DUNLIN GP.,Drake Fm.,6.01026535,2.336808682,2.224370241,2.634139061,116.9621735,65030
4528.869584,DUNLIN GP.,Drake Fm.,6.024616242,2.369228602,2.259158135,2.639547825,118.7788849,65030
4529.021584,DUNLIN GP.,Drake Fm.,6.025588036,2.412157536,2.298321009,2.635060549,117.0610504,65030
4529.173584,DUNLIN GP.,Drake Fm.,6.046036243,2.464769602,2.34567833,2.633529663,111.8001938,65030
4529.325584,DUNLIN GP.,Drake Fm.,6.097246647,2.540444613,2.420671463,2.630256891,111.0229034,65030
4529.477584,DUNLIN GP.,Drake Fm.,6.180639744,2.609818459,2.477935791,2.626218319,113.2693253,65030
4529.629584,DUNLIN GP.,Drake Fm.,6.262577534,2.628761768,2.49075675,2.626977444,120.5885849,65000
4529.781584,DUNLIN GP.,Drake Fm.,6.285179138,2.625959873,2.488619089,2.629999161,119.9282913,65000
4529.933584,DUNLIN GP.,Drake Fm.,6.276638985,2.617777586,2.480808258,2.624954462,120.3302536,65000
4530.085584,DUNLIN GP.,Drake Fm.,6.229452133,2.601690292,2.467453241,2.615595102,118.8083572,65000
4530.237584,DUNLIN GP.,Drake Fm.,6.214398861,2.586894989,2.455193281,2.613721371,119.7332459,65000
4530.389584,DUNLIN GP.,Drake Fm.,6.184298515,2.573579788,2.44402504,2.61739707,122.1495667,65000
4530.541584,DUNLIN GP.,Drake Fm.,6.177546501,2.5295012,2.405805111,2.614637375,122.4056168,65000
4530.693584,DUNLIN GP.,Drake Fm.,6.168645859,2.474164963,2.357164621,2.608492136,121.5981598,65000
4530.845584,DUNLIN GP.,Drake Fm.,6.172759533,2.457274914,2.34317565,2.601686001,117.6011581,65000
4530.997584,DUNLIN GP.,Drake Fm.,6.18083477,2.446783543,2.336194038,2.597539902,119.5859909,65000
4531.149584,DUNLIN GP.,Drake Fm.,6.194862366,2.407651186,2.299989939,2.596446991,121.2270126,65000
4531.301584,DUNLIN GP.,Drake Fm.,6.221140862,2.400964022,2.293964148,2.596804142,122.0732727,65000
4531.453584,DUNLIN GP.,Drake Fm.,6.223798752,2.425747156,2.317114353,2.598858357,123.665184,65000
4531.605584,DUNLIN GP.,Drake Fm.,6.222379208,2.448214531,2.337550879,2.599399567,123.5118179,65000
4531.757584,DUNLIN GP.,Drake Fm.,6.210246563,2.446608543,2.336680412,2.601843357,118.1941757,65030
4531.909584,DUNLIN GP.,Drake Fm.,6.219157219,2.402658463,2.297472477,2.607165337,112.0763016,65030
4532.061584,DUNLIN GP.,Drake Fm.,6.21642971,2.344808102,2.24541235,2.612371206,115.0347977,65030
4532.213584,DUNLIN GP.,Drake Fm.,6.257257938,2.286998749,2.19363308,2.613523722,120.4902802,65030
4532.365584,DUNLIN GP.,Drake Fm.,6.262265682,2.204767704,2.11777997,2.61884594,123.508316,65030
4532.517584,DUNLIN GP.,Drake Fm.,6.261003494,2.124712706,2.04331851,2.63053894,125.7070084,65000
4532.669584,DUNLIN GP.,Drake Fm.,6.262205601,2.08754921,2.009362698,2.635821343,128.0786743,65000
4532.821584,DUNLIN GP.,Drake Fm.,6.276286125,2.120694876,2.039486647,2.628464699,128.4271698,65000
4532.973584,DUNLIN GP.,Drake Fm.,6.280668736,2.167136669,2.080666304,2.619384289,125.6294937,65000
4533.125584,DUNLIN GP.,Drake Fm.,6.270540237,2.214779377,2.124139309,2.622420073,122.8804779,65000
4533.277584,DUNLIN GP.,Drake Fm.,6.257816792,2.264816284,2.171241522,2.624925375,121.4104843,65030
4533.429584,DUNLIN GP.,Drake Fm.,6.247501373,2.244380236,2.154154062,2.624474764,117.4861679,65030
4533.581584,DUNLIN GP.,Drake Fm.,6.261420727,2.138973951,2.058223248,2.619607925,114.8593674,65030
4533.733584,DUNLIN GP.,Drake Fm.,6.257030487,2.056222677,1.982079864,2.621759892,113.9384384,65000
4533.885584,DUNLIN GP.,Drake Fm.,6.265514374,2.081566572,2.006817341,2.628434658,115.1022492,65000
4534.037584,DUNLIN GP.,Drake Fm.,6.269309998,2.16431737,2.083976269,2.63339138,117.8831024,65000
4534.189584,DUNLIN GP.,Drake Fm.,6.280923843,2.236314774,2.151678324,2.63234663,118.365921,65000
4534.341584,DUNLIN GP.,Drake Fm.,6.283272743,2.327570438,2.236124992,2.625601769,117.1316452,65000
4534.493584,DUNLIN GP.,Drake Fm.,6.276944637,2.377894163,2.282309532,2.617845774,111.805481,65030
4534.645584,DUNLIN GP.,Drake Fm.,6.281400681,2.352409601,2.258976936,2.615131617,107.1840134,65030
4534.797584,DUNLIN GP.,Drake Fm.,6.277542591,2.300685406,2.211066008,2.61497283,102.8302536,65030
4534.949584,DUNLIN GP.,Drake Fm.,6.279018402,2.262894154,2.175277472,2.619202137,103.8067932,65030
4535.101584,DUNLIN GP.,Drake Fm.,6.264233589,2.235793352,2.150650263,2.620317459,109.2563248,65030
4535.253584,DUNLIN GP.,Drake Fm.,6.253415108,2.186164856,2.105125189,2.615590096,114.994812,65030
4535.405584,DUNLIN GP.,Drake Fm.,6.250655174,2.07546711,2.001248598,2.606179476,115.9025269,65030
4535.557584,DUNLIN GP.,Drake Fm.,6.25493145,1.986905575,1.917943478,2.598102808,109.1853485,65030
4535.709584,DUNLIN GP.,Drake Fm.,6.256103516,1.971531034,1.904130697,2.604139805,103.8153534,65030
4535.861584,DUNLIN GP.,Drake Fm.,6.26622963,2.017952204,1.948076963,2.615421295,101.4374313,65030
4536.013584,DUNLIN GP.,Drake Fm.,6.274114609,2.102233172,2.02744484,2.620666504,101.5902405,65030
4536.165584,DUNLIN GP.,Drake Fm.,6.265998364,2.175475121,2.09677124,2.621098757,104.2632599,65030
4536.317584,DUNLIN GP.,Drake Fm.,6.27849865,2.2476964,2.16499877,2.628256083,107.6480103,65030
4536.469584,DUNLIN GP.,Drake Fm.,6.281809807,2.315302372,2.228501797,2.635727406,112.1289825,65030
4536.621584,DUNLIN GP.,Drake Fm.,6.269992352,2.276028872,2.194152117,2.64042306,110.8140717,65000
4536.773584,DUNLIN GP.,Drake Fm.,6.259993076,2.207301855,2.132281303,2.639946461,106.3159332,65000
4536.925584,DUNLIN GP.,Drake Fm.,6.252325058,2.167713642,2.09835887,2.637447357,103.9611588,65000
4537.077584,DUNLIN GP.,Drake Fm.,6.245557308,2.095452786,2.034565926,2.632836103,106.9183807,65000
4537.229584,DUNLIN GP.,Drake Fm.,6.251936436,2.087920189,2.02996707,2.625817537,109.1164017,65000
4537.381584,DUNLIN GP.,Drake Fm.,6.259257793,2.245615721,2.180772305,2.624593258,108.5804367,65000
4537.533584,DUNLIN GP.,Drake Fm.,6.253878593,2.496002674,2.419285297,2.627017498,106.4912186,65000
4537.685584,DUNLIN GP.,Drake Fm.,6.247975349,2.72019124,2.631773233,2.630422115,107.4974899,65000
4537.837584,DUNLIN GP.,Drake Fm.,6.242624283,2.829878569,2.735820055,2.630544901,110.1648102,65000
4537.989584,DUNLIN GP.,Drake Fm.,6.237770557,2.788063765,2.699170828,2.631574869,112.3162231,65030
4538.141584,DUNLIN GP.,Drake Fm.,6.24017334,2.698894978,2.620119333,2.639280796,112.621994,65030
4538.293584,DUNLIN GP.,Drake Fm.,6.259192944,2.702035666,2.623135328,2.642207146,111.3821106,65030
4538.445584,DUNLIN GP.,Drake Fm.,6.274018288,2.72282958,2.642227888,2.637506485,109.2565918,65030
4538.597584,DUNLIN GP.,Drake Fm.,6.29032898,2.764848232,2.684719801,2.631965637,105.8871765,65030
4538.749584,DUNLIN GP.,Drake Fm.,6.288983345,2.826833248,2.744584084,2.628095865,103.598526,65030
4538.901584,DUNLIN GP.,Drake Fm.,6.286849976,2.788116932,2.711497545,2.62186861,103.2604599,65030
4539.053584,DUNLIN GP.,Drake Fm.,6.28433466,2.696116209,2.624023438,2.614963293,105.5778961,65030
4539.205584,DUNLIN GP.,Drake Fm.,6.283495903,2.649955511,2.57937479,2.609054327,108.8303757,65030
4539.357584,DUNLIN GP.,Drake Fm.,6.287712097,2.70822835,2.635164499,2.601800442,110.6890183,65030
4539.509584,DUNLIN GP.,Drake Fm.,6.271382332,2.750410557,2.672357321,2.605746508,111.1390991,65030
4539.661584,DUNLIN GP.,Drake Fm.,6.283276558,2.669305086,2.594472647,2.619573593,111.0143814,65030
4539.813584,DUNLIN GP.,Drake Fm.,6.285747528,2.606044769,2.533960104,2.631104469,112.5238648,65030
4539.965584,DUNLIN GP.,Drake Fm.,6.284786701,2.650015593,2.571433544,2.629873276,118.1475678,65030
4540.117584,DUNLIN GP.,Drake Fm.,6.285923958,2.695678473,2.611348629,2.624352932,119.7271423,65030
4540.269584,DUNLIN GP.,Drake Fm.,6.281998158,2.700709581,2.614546299,2.630009651,112.5621109,65030
4540.421584,DUNLIN GP.,Drake Fm.,6.281743527,2.693605185,2.60540843,2.63585043,104.9893646,65030
4540.573584,DUNLIN GP.,Drake Fm.,6.279160976,2.685178042,2.596279383,2.63332057,104.0051956,65030
4540.725584,DUNLIN GP.,Drake Fm.,6.283222199,2.708307266,2.616671324,2.628230095,108.4514084,65030
4540.877584,DUNLIN GP.,Drake Fm.,6.282958508,2.749987125,2.654213667,2.625968695,111.1538162,65030
4541.029584,DUNLIN GP.,Drake Fm.,6.291487694,2.780429363,2.68210268,2.62698555,108.6418839,65030
4541.181584,DUNLIN GP.,Drake Fm.,6.283526421,2.810534716,2.711582184,2.62474227,107.1054764,65030
4541.333584,DUNLIN GP.,Drake Fm.,6.278299809,2.853046894,2.750994682,2.619391441,107.0279083,65030
4541.485584,DUNLIN GP.,Drake Fm.,6.276848793,2.885581255,2.779832602,2.618910551,110.4162369,65030
4541.637584,DUNLIN GP.,Drake Fm.,6.283853054,2.931883812,2.821965456,2.623795033,115.35952,65030
4541.789584,DUNLIN GP.,Drake Fm.,6.285790443,2.976799011,2.866476297,2.634416103,116.8333054,65030
4541.941584,DUNLIN GP.,Drake Fm.,6.283765793,2.985699177,2.878441334,2.637983322,112.810791,65030
4542.093584,DUNLIN GP.,Drake Fm.,6.282500267,2.958400965,2.855078697,2.630200386,109.9678879,65030
4542.245584,DUNLIN GP.,Drake Fm.,6.280366898,2.884706974,2.789885759,2.619237423,109.6640778,65030
4542.397584,DUNLIN GP.,Drake Fm.,6.288549423,2.817881584,2.729661942,2.616731644,111.6171799,65030
4542.549584,DUNLIN GP.,Drake Fm.,6.2853899,2.790906668,2.702888489,2.62140727,111.3865051,65030
4542.701584,DUNLIN GP.,Drake Fm.,6.28608036,2.767160177,2.680909157,2.626441717,108.164238,65030
4542.853584,DUNLIN GP.,Drake Fm.,6.276475906,2.756890059,2.670220137,2.631153584,107.0245285,65030
4543.005584,DUNLIN GP.,Drake Fm.,6.280609131,2.72734046,2.641197681,2.630681753,108.490448,65030
4543.157584,DUNLIN GP.,Drake Fm.,6.278169632,2.683857441,2.598678589,2.623036385,115.344101,65030
4543.309584,DUNLIN GP.,Drake Fm.,6.280771256,2.700924158,2.613527298,2.619695664,119.4142227,65030
4543.461584,DUNLIN GP.,Drake Fm.,6.297193527,2.785763741,2.692201138,2.624002934,120.8073044,65030
4543.613584,DUNLIN GP.,Drake Fm.,6.314003944,2.828393221,2.734181643,2.632118464,120.3759079,65030
4543.765584,DUNLIN GP.,Drake Fm.,6.316502094,2.855659485,2.761876822,2.630491495,118.282608,65030
4543.917584,DUNLIN GP.,Drake Fm.,6.307877064,2.954365015,2.856124401,2.631562471,117.9628677,65030
4544.069584,DUNLIN GP.,Drake Fm.,6.317932129,3.136600256,3.02841115,2.634634972,115.5259934,65030
4544.221584,DUNLIN GP.,Drake Fm.,6.311784267,3.272912026,3.157468557,2.638025284,118.261673,65030
4544.373584,DUNLIN GP.,Drake Fm.,6.313114643,3.289443016,3.17639184,2.634094477,118.6979675,65030
4544.525584,DUNLIN GP.,Drake Fm.,6.306968212,3.299370766,3.18970108,2.627881289,116.1806641,65030
4544.677584,DUNLIN GP.,Drake Fm.,6.315999508,3.288666725,3.182007074,2.630018473,113.2301025,65030
4544.829584,DUNLIN GP.,Drake Fm.,6.315165043,3.227026463,3.126683712,2.64011097,109.9588394,65030
4544.981584,DUNLIN GP.,Drake Fm.,6.316863537,3.077152729,2.992087126,2.65371275,111.8813095,65030
4545.133584,DUNLIN GP.,Drake Fm.,6.309967041,2.900323868,2.823973894,2.660203695,111.6818466,65030
4545.285584,DUNLIN GP.,Drake Fm.,6.305734158,2.758621931,2.686353922,2.663481236,112.9496918,65030
4545.437584,DUNLIN GP.,Drake Fm.,6.314359188,2.648017407,2.582126856,2.660599232,111.4241943,65030
4545.589584,DUNLIN GP.,Drake Fm.,6.303575039,2.535735607,2.472241879,2.655434847,112.6137619,65000
4545.741584,DUNLIN GP.,Drake Fm.,6.31941843,2.446083307,2.383882761,2.646649122,111.6591339,65000
4545.893584,DUNLIN GP.,Drake Fm.,6.337747097,2.439844132,2.377241612,2.641075611,110.4525147,65000
4546.045584,DUNLIN GP.,Drake Fm.,6.350381851,2.492352963,2.425222874,2.634757042,112.7225189,65000
4546.197584,DUNLIN GP.,Drake Fm.,6.330838203,2.591959715,2.517547846,2.627138615,118.8681717,65000
4546.349584,DUNLIN GP.,Drake Fm.,6.335593224,2.783854485,2.692949534,2.61990881,121.706192,65000
4546.501584,DUNLIN GP.,Drake Fm.,6.330205917,2.92299366,2.81761694,2.621449471,118.0630951,65000
4546.653584,DUNLIN GP.,Drake Fm.,6.334704876,2.901540518,2.798143148,2.620521307,112.5455093,65000
4546.805584,DUNLIN GP.,Drake Fm.,6.345290184,2.87126255,2.766067028,2.614121676,111.3251267,65000
4546.957584,DUNLIN GP.,Drake Fm.,6.344831467,2.864716053,2.756337881,2.616209745,113.725708,65030
4547.109584,DUNLIN GP.,Drake Fm.,6.338371277,2.853942871,2.749564409,2.635349989,121.109375,65030
4547.261584,DUNLIN GP.,Drake Fm.,6.322488308,2.746064425,2.651494265,2.655168295,123.7454147,65030
4547.413584,DUNLIN GP.,Drake Fm.,6.339903832,2.609068394,2.527602673,2.658169985,121.7554398,65030
4547.565584,DUNLIN GP.,Drake Fm.,6.347301483,2.61678648,2.537025929,2.641669273,113.1868897,65030
4547.717584,DUNLIN GP.,Drake Fm.,6.371923447,2.634778023,2.555927277,2.632713795,107.5620575,65030
4547.869584,DUNLIN GP.,Drake Fm.,6.37080574,2.595290184,2.520503998,2.633593321,104.2820664,65030
4548.021584,DUNLIN GP.,Drake Fm.,6.388052464,2.561293364,2.48695302,2.637937784,102.3203964,65030
4548.173584,DUNLIN GP.,Drake Fm.,6.395740032,2.540964365,2.465660095,2.649548769,102.4891052,65030
4548.325584,DUNLIN GP.,Drake Fm.,6.383975029,2.518414497,2.440331221,2.646058798,108.0894089,65030
4548.477584,DUNLIN GP.,Drake Fm.,6.389336109,2.596586466,2.512585163,2.638395071,113.0807953,65030
4548.629584,DUNLIN GP.,Drake Fm.,6.400804043,2.613795996,2.528849363,2.627199888,114.4314575,65030
4548.781584,DUNLIN GP.,Drake Fm.,6.415869713,2.479180336,2.401413202,2.631050587,111.3964691,65030
4548.933584,DUNLIN GP.,Drake Fm.,6.43093586,2.257398129,2.188920498,2.640730381,107.9764328,65030
4549.085584,DUNLIN GP.,Drake Fm.,6.44600153,2.115498543,2.055033684,2.643006802,110.6685791,65000
4549.237584,DUNLIN GP.,Drake Fm.,6.449291706,2.088464737,2.026707888,2.633023739,113.5231476,65000
4549.389584,DUNLIN GP.,Drake Fm.,6.426492691,2.110093594,2.04424572,2.614697218,116.1120987,65000
4549.541584,DUNLIN GP.,Drake Fm.,6.413550854,2.127069473,2.056536675,2.607821465,114.8369751,65000
4549.693584,DUNLIN GP.,Drake Fm.,6.420526505,2.211844206,2.135782957,2.614885807,113.8493195,65000
4549.845584,DUNLIN GP.,Drake Fm.,6.411766529,2.412443399,2.32576704,2.623820782,114.7145538,65000
4549.997584,DUNLIN GP.,Drake Fm.,6.413448811,2.572120667,2.478082895,2.623076916,115.2844544,65000
4550.149584,DUNLIN GP.,Drake Fm.,6.419285297,2.618298531,2.524745226,2.620355129,112.8676529,65030
4550.301584,DUNLIN GP.,Drake Fm.,6.413380623,2.748904705,2.644089222,2.615012407,109.7825089,65030
4550.453584,DUNLIN GP.,Drake Fm.,6.410892963,2.9489007,2.829717636,2.618631363,106.2917023,65030
4550.605584,DUNLIN GP.,Drake Fm.,6.383917332,3.047522068,2.925062418,2.624351025,104.2227783,65030
4550.757584,DUNLIN GP.,Drake Fm.,6.383608341,3.105325699,2.981303215,2.620670557,103.7901993,65030
4550.909584,DUNLIN GP.,Drake Fm.,6.370859146,3.08316493,2.964887381,2.618736982,105.9753494,65030
4551.061584,DUNLIN GP.,Drake Fm.,6.381420612,3.104726076,2.990408182,2.613391161,105.6138382,65030
4551.213584,DUNLIN GP.,Drake Fm.,6.37144804,3.186052322,3.073980331,2.610683441,101.7115707,65030
4551.365584,DUNLIN GP.,Drake Fm.,6.379906178,3.207261086,3.094732761,2.611459255,98.69559479,65030
4551.517584,DUNLIN GP.,Drake Fm.,6.387860775,3.219611168,3.106221438,2.618097305,97.63538361,65030
4551.669584,DUNLIN GP.,Drake Fm.,6.39127636,3.234009981,3.119029522,2.616081476,97.78292847,65030
4551.821584,DUNLIN GP.,Drake Fm.,6.4041996,3.226381064,3.112481117,2.608382702,96.50983429,65030
4551.973584,DUNLIN GP.,Drake Fm.,6.351530075,3.237315178,3.123878002,2.606887102,96.6915741,65030
4552.125584,DUNLIN GP.,Drake Fm.,6.342571735,3.275102615,3.163280249,2.612101555,100.3557587,65030
4552.277584,DUNLIN GP.,Drake Fm.,6.336032391,3.316024065,3.206802845,2.617077589,104.74897,65030
4552.429584,DUNLIN GP.,Drake Fm.,6.355010986,3.320318222,3.217434645,2.626242876,106.1383591,65030
4552.581584,DUNLIN GP.,Drake Fm.,6.333337784,3.27008152,3.172544718,2.627352953,106.8627167,65030
4552.733584,DUNLIN GP.,Drake Fm.,6.320565701,3.233779192,3.135318279,2.622430801,104.0929642,65030
4552.885584,DUNLIN GP.,Drake Fm.,6.326009274,3.197826624,3.099583387,2.617241144,103.7136002,65030
4553.037584,DUNLIN GP.,Drake Fm.,6.345632076,3.133375883,3.038747311,2.624106646,104.0599442,65030
4553.189584,DUNLIN GP.,Drake Fm.,6.337042809,3.098392248,3.006570816,2.632889509,104.6740036,65030
4553.341584,DUNLIN GP.,Drake Fm.,6.3413167,3.174317837,3.081428528,2.628088713,104.0718308,65030
4553.493584,DUNLIN GP.,Drake Fm.,6.352277756,3.226038218,3.127610683,2.617400408,100.3096237,65030
4553.645584,DUNLIN GP.,Drake Fm.,6.340570927,3.223299503,3.126864195,2.607561588,101.8292923,65030
4553.797584,DUNLIN GP.,Drake Fm.,6.3607831,3.124367476,3.034257174,2.608695269,104.2801361,65030
4553.949584,DUNLIN GP.,Drake Fm.,6.336081505,3.042562962,2.959045172,2.607710362,108.6028519,65030
4554.101584,DUNLIN GP.,Drake Fm.,6.347118855,2.97768712,2.897524595,2.609864235,107.8569183,65030
4554.253584,DUNLIN GP.,Drake Fm.,6.354400635,3.02445364,2.943243742,2.610156298,105.6851349,65030
4554.405584,DUNLIN GP.,Drake Fm.,6.38547039,3.146677256,3.058040857,2.617682219,101.7067108,65030
4554.557584,DUNLIN GP.,Drake Fm.,6.366588116,3.260856152,3.166099072,2.615195036,98.62464142,65030
4554.709584,DUNLIN GP.,Drake Fm.,6.371115685,3.358210087,3.260990381,2.617894411,97.85581207,65030
4554.861584,DUNLIN GP.,Drake Fm.,6.375077248,3.321074486,3.231005907,2.616430521,101.2601547,65030
4555.013584,DUNLIN GP.,Drake Fm.,6.37690258,3.075946093,3.00014019,2.627485275,107.0260315,65030
4555.165584,DUNLIN GP.,Drake Fm.,6.380685329,2.915784836,2.84847784,2.630204201,105.808342,65030
4555.317584,DUNLIN GP.,Drake Fm.,6.367825031,2.9043293,2.837543488,2.633195162,102.1753235,65030
4555.469584,DUNLIN GP.,Drake Fm.,6.386881828,2.96364522,2.892875671,2.629182577,102.3208771,65030
4555.621584,DUNLIN GP.,Drake Fm.,6.374469757,3.026829481,2.951917648,2.622182608,105.4203796,65030
4555.773584,DUNLIN GP.,Drake Fm.,6.386993885,3.057458162,2.977303505,2.62033248,110.0223084,65030
4555.925584,DUNLIN GP.,Drake Fm.,6.371000767,3.028151751,2.946590424,2.617208958,110.5805359,65030
4556.077584,DUNLIN GP.,Drake Fm.,6.369877815,2.88946557,2.807181597,2.61899209,113.3248749,65030
4556.229584,DUNLIN GP.,Drake Fm.,6.347323895,2.753786802,2.670563459,2.641977072,113.4878388,65000
4556.381584,DUNLIN GP.,Drake Fm.,6.345128059,2.576251745,2.497089624,2.66789937,114.9067001,65000
4556.533584,DUNLIN GP.,Drake Fm.,6.356098652,2.439794302,2.361544848,2.656268835,122.2460175,65000
4556.685584,DUNLIN GP.,Drake Fm.,6.367053986,2.331252337,2.254587174,2.625209093,122.846077,65000
4556.837584,DUNLIN GP.,Drake Fm.,6.374587059,2.295113087,2.217281342,2.607687712,126.9781647,65000
4556.989584,DUNLIN GP.,Drake Fm.,6.373009205,2.330241442,2.242916346,2.62100172,128.3936768,65000
4557.141584,DUNLIN GP.,Drake Fm.,6.34039259,2.36102581,2.263599873,2.622229576,127.0933533,65000
4557.293584,DUNLIN GP.,Drake Fm.,6.344748974,2.342883825,2.241492033,2.617931128,123.1632156,65000
4557.445584,DUNLIN GP.,Drake Fm.,6.350011349,2.311554194,2.211259842,2.62519455,115.102684,65000
4557.597584,DUNLIN GP.,Drake Fm.,6.338549137,2.263782263,2.164999008,2.62310338,120.4036331,65000
4557.749584,DUNLIN GP.,Drake Fm.,6.34244442,2.291884899,2.18437767,2.624994278,117.4997864,65000
4557.901584,DUNLIN GP.,Drake Fm.,6.340348244,2.446210146,2.323275089,2.619978666,121.5960007,65030
4558.053584,DUNLIN GP.,Drake Fm.,6.343913078,2.559947491,2.422668219,2.628945112,121.3768997,65030
4558.205584,DUNLIN GP.,Drake Fm.,6.346599102,2.650523424,2.503757238,2.632966518,121.8281479,65030
4558.357584,DUNLIN GP.,Drake Fm.,6.342041969,2.690363646,2.548727989,2.630144596,116.6877747,65030
4558.509584,DUNLIN GP.,Drake Fm.,6.360588551,2.643169165,2.509486914,2.619588137,116.6892548,65030
4558.661584,DUNLIN GP.,Drake Fm.,6.342842102,2.613618851,2.484218121,2.621019602,122.526886,65030
4558.813584,DUNLIN GP.,Drake Fm.,6.354192734,2.53060174,2.410512686,2.618827105,130.0648193,65030
4558.965584,DUNLIN GP.,Drake Fm.,6.329434872,2.497675896,2.383364201,2.622879505,131.4740295,65030
4559.117584,DUNLIN GP.,Drake Fm.,6.34231472,2.399563313,2.296693564,2.616434574,130.8479004,65030
4559.269584,DUNLIN GP.,Drake Fm.,6.336190701,2.361075878,2.264273882,2.611242771,120.3636932,65030
4559.421584,DUNLIN GP.,Drake Fm.,6.356376648,2.345391989,2.253526688,2.6050632,116.9060898,65030
4559.573584,DUNLIN GP.,Drake Fm.,6.337937355,2.39051795,2.299743891,2.597785711,114.454773,65030
4559.725584,DUNLIN GP.,Drake Fm.,6.329232216,2.459572315,2.363994122,2.597910881,123.3110199,65030
4559.877584,DUNLIN GP.,Drake Fm.,6.341022968,2.461798906,2.369828939,2.601775408,129.4174042,65030
4560.029584,DUNLIN GP.,Drake Fm.,6.326438904,2.362210274,2.277263641,2.618226767,133.5735626,65000
4560.181584,DUNLIN GP.,Drake Fm.,6.356657982,2.27359581,2.192526341,2.619657993,135.6172638,65000
4560.333584,DUNLIN GP.,Drake Fm.,6.340907574,2.260710001,2.186621428,2.627034187,131.8699799,65000
4560.485584,DUNLIN GP.,Drake Fm.,6.347033978,2.21517539,2.146891832,2.620639324,135.4449616,65000
4560.637584,DUNLIN GP.,Drake Fm.,6.340545178,2.222687006,2.156350851,2.619971991,137.7135468,65000
4560.789584,DUNLIN GP.,Drake Fm.,6.358408451,2.208170176,2.141292572,2.608072996,143.3143768,65000
4560.941584,DUNLIN GP.,Drake Fm.,6.339540005,2.085336208,2.027434349,2.605395317,141.1142578,65000
4561.093584,DUNLIN GP.,Drake Fm.,6.356704712,1.985464215,1.93392992,2.610865116,135.2151489,65000
4561.245584,DUNLIN GP.,Drake Fm.,6.380044937,2.03655076,1.981670976,2.632239103,124.4278946,65030
4561.397584,DUNLIN GP.,Drake Fm.,6.39292717,2.302000284,2.233502388,2.649278402,118.5706635,65030
4561.549584,DUNLIN GP.,Drake Fm.,6.404843807,2.515561342,2.437989235,2.655034304,116.1092072,65030
4561.701584,DUNLIN GP.,Drake Fm.,6.409974098,2.555399656,2.476778746,2.643668413,118.2965393,65030
4561.853584,DUNLIN GP.,Drake Fm.,6.430742264,2.526284218,2.451275587,2.644275665,115.5418396,65030
4562.005584,DUNLIN GP.,Drake Fm.,6.447319984,2.491354227,2.420167208,2.652323246,116.8271179,65030
4562.157584,DUNLIN GP.,Drake Fm.,6.483200073,2.456955433,2.390154839,2.6553514,116.7970505,65030
4562.309584,DUNLIN GP.,Drake Fm.,6.485991955,2.420347691,2.36000514,2.647981882,118.4481354,65030
4562.461584,DUNLIN GP.,Drake Fm.,6.514061451,2.374757052,2.315656185,2.643199921,121.6684876,65030
4562.613584,DUNLIN GP.,Drake Fm.,6.535515785,2.201188803,2.150487661,2.64339447,136.9593811,65030
4562.765584,DUNLIN GP.,Drake Fm.,6.575731754,1.93861723,1.903119445,2.634375334,153.5695038,65000
4562.917584,DUNLIN GP.,Drake Fm.,6.586053371,1.765511632,1.738478065,2.627716541,157.5679474,65000
4563.069584,DUNLIN GP.,Drake Fm.,6.598669052,1.796432376,1.768419147,2.641179085,145.9473877,65000
4563.221584,DUNLIN GP.,Drake Fm.,6.691915512,2.126539707,2.090725184,2.668361187,126.9760056,65000
4563.373584,DUNLIN GP.,Drake Fm.,6.779297829,2.541973591,2.494546175,2.672641754,114.3503494,65030
4563.525584,DUNLIN GP.,Drake Fm.,6.837470055,2.927237034,2.866989613,2.658845186,104.235321,65030
4563.677584,DUNLIN GP.,Drake Fm.,6.82047081,3.175966024,3.109125376,2.645063877,96.82753754,65030
4563.829584,DUNLIN GP.,Drake Fm.,6.842227459,3.202727079,3.137180328,2.650414705,95.10826111,65030
4563.981584,DUNLIN GP.,Drake Fm.,6.813361168,3.312715292,3.236125946,2.642442942,94.44120789,65030
4564.133584,DUNLIN GP.,Drake Fm.,6.828588009,3.543460369,3.457267761,2.644135952,98.66748047,65030
4564.285584,DUNLIN GP.,Drake Fm.,6.786406994,3.393480063,3.312563658,2.638845205,98.41716766,65030
4564.437584,DUNLIN GP.,Drake Fm.,6.804376125,3.305777788,3.234249115,2.640762091,100.1407166,65030
4564.589584,DUNLIN GP.,Drake Fm.,6.766016007,3.403813362,3.311472893,2.635882139,92.18678284,65030
4564.741584,DUNLIN GP.,Drake Fm.,6.752391338,3.464206934,3.356485128,2.645485163,92.82197571,65030
4564.893584,DUNLIN GP.,Drake Fm.,6.743645668,3.153462887,3.054718733,2.641324282,97.69840241,65030
4565.045584,DUNLIN GP.,Drake Fm.,6.716324806,3.064654827,2.976547241,2.634159565,110.142334,65030
4565.197584,DUNLIN GP.,Drake Fm.,6.740066052,2.921952009,2.841736317,2.629596233,114.4790421,65030
4565.349584,DUNLIN GP.,Drake Fm.,6.698289871,2.785060167,2.711454392,2.631604672,110.8030472,65030
4565.501584,DUNLIN GP.,Drake Fm.,6.708332539,2.725972176,2.661142588,2.629635572,112.6655426,65030
4565.653584,DUNLIN GP.,Drake Fm.,6.678058147,2.718414784,2.645770073,2.635662556,107.0448074,65030
4565.805584,DUNLIN GP.,Drake Fm.,6.697088242,2.793299675,2.727122784,2.642406225,106.1981812,65030
4565.957584,DUNLIN GP.,Drake Fm.,6.678173542,2.771378279,2.699852705,2.63976121,99.27711487,65030
4566.109584,DUNLIN GP.,Drake Fm.,6.703353882,2.952616453,2.867987156,2.638467073,100.692543,65030
4566.261584,DUNLIN GP.,Drake Fm.,6.675477982,3.153750181,3.054733992,2.633798599,106.922142,65030
4566.413584,DUNLIN GP.,Drake Fm.,6.649912834,3.319909573,3.199342012,2.619847298,114.1397781,65030
4566.565584,DUNLIN GP.,Drake Fm.,6.631919861,3.186930895,3.063536167,2.622017622,112.932045,65030
4566.717584,DUNLIN GP.,Drake Fm.,6.574994087,3.038892746,2.920389652,2.627888918,112.2913666,65030
4566.869584,DUNLIN GP.,Drake Fm.,6.585057259,3.063513994,2.933932781,2.638206244,109.5653381,65030
4567.021584,DUNLIN GP.,Drake Fm.,6.55091095,2.917868137,2.789585352,2.638605595,117.760704,65030
4567.173584,DUNLIN GP.,Drake Fm.,6.536192417,2.724354029,2.604637146,2.639042616,119.3893127,65030
4567.325584,DUNLIN GP.,Drake Fm.,6.456084728,2.649179697,2.52797246,2.642729282,120.9590912,65030
4567.477584,DUNLIN GP.,Drake Fm.,6.442880154,2.580739498,2.458687306,2.634874582,120.8994522,65030
4567.629584,DUNLIN GP.,Drake Fm.,6.380747795,2.601300001,2.471485615,2.631135941,118.8723373,65030
4567.781584,DUNLIN GP.,Drake Fm.,6.391489029,2.578922749,2.445826054,2.639191866,124.1273727,65030
4567.933584,DUNLIN GP.,Drake Fm.,6.359305382,2.536140204,2.406927586,2.644382954,121.7269898,65030
4568.085584,DUNLIN GP.,Drake Fm.,6.348460197,2.495524883,2.364136934,2.644698381,124.5934296,65030
4568.237584,DUNLIN GP.,Drake Fm.,6.339866638,2.42316556,2.291567087,2.64261651,119.6044464,65030
4568.389584,DUNLIN GP.,Drake Fm.,6.332276821,2.375873804,2.257638216,2.653192759,122.5866699,65030
4568.541584,DUNLIN GP.,Drake Fm.,6.358868122,2.303593874,2.195271969,2.653398752,118.9469833,65030
4568.693584,DUNLIN GP.,Drake Fm.,6.327271938,2.209969282,2.113692999,2.652611733,120.1838608,65030
4568.845584,DUNLIN GP.,Drake Fm.,6.353345871,2.143610716,2.058916092,2.644931078,118.1541214,65000
4568.997584,DUNLIN GP.,Drake Fm.,6.332612038,2.052744389,1.970206142,2.649018049,122.3760757,65000
4569.149584,DUNLIN GP.,Drake Fm.,6.402731895,1.771406174,1.709587812,2.638563871,122.4270935,65000
4569.301584,DUNLIN GP.,Drake Fm.,6.381337643,1.556325674,1.506898999,2.649978638,128.377243,65000
4569.453584,DUNLIN GP.,Drake Fm.,6.403808594,1.639248848,1.574613571,2.674185753,131.9232483,65000
4569.605584,DUNLIN GP.,Drake Fm.,6.381444931,1.890082717,1.799989939,2.685749531,132.6956177,65000
4569.757584,DUNLIN GP.,Drake Fm.,6.370262623,1.958696485,1.874658227,2.665804625,119.0265656,65000
4569.909584,DUNLIN GP.,Drake Fm.,6.353316307,2.379645824,2.281961441,2.650155067,96.07930756,65000
4570.061584,DUNLIN GP.,Drake Fm.,6.327785969,2.810660839,2.693029642,2.642385483,72.16079712,65000
4570.213584,DUNLIN GP.,Drake Fm.,6.342346668,4.375545502,4.140256405,2.628376484,57.1807785,65000
4570.365584,DUNLIN GP.,Drake Fm.,6.335746765,5.283686638,4.986701965,2.609571695,46.29047394,65000
4570.517584,DUNLIN GP.,Drake Fm.,6.358056545,6.601629734,6.211112499,2.598038197,40.46910095,65000
4570.669584,DUNLIN GP.,Drake Fm.,6.384747028,8.376617432,7.873250008,2.621242523,34.7575264,65000
4570.821584,DUNLIN GP.,Drake Fm.,6.419829369,11.54707718,10.9991312,2.642112255,29.04618835,65000
4570.973584,DUNLIN GP.,Drake Fm.,6.377842903,13.90659046,13.28257656,2.642254829,24.67218208,30000
4571.125584,DUNLIN GP.,Drake Fm.,6.390575409,15.25054932,14.84827137,2.617872238,20.69065285,30000
4571.277584,DUNLIN GP.,Drake Fm.,6.401659012,15.00822544,14.87586689,2.558736324,21.0968914,30000
4571.429584,DUNLIN GP.,Drake Fm.,6.402299881,13.45650959,13.39896107,2.484436512,21.11240006,30000
4571.581584,DUNLIN GP.,Drake Fm.,6.448733807,11.20571518,11.15566635,2.431961775,22.13637352,30000
4571.733584,DUNLIN GP.,Drake Fm.,6.566310883,8.130493164,8.119233131,2.404775143,23.11749268,30000
4571.885584,DUNLIN GP.,Drake Fm.,6.674980164,6.462403297,6.433113098,2.409870386,26.63522148,30000
4572.037584,DUNLIN GP.,Drake Fm.,6.688627243,5.631040096,5.585228443,2.40789938,27.51637077,30000
4572.189584,DUNLIN GP.,Drake Fm.,6.713030338,5.268523693,5.207202435,2.414167643,28.90067291,30000
4572.341584,DUNLIN GP.,Drake Fm.,6.695183754,5.275751114,5.217122078,2.42917037,29.87080383,30000
4572.493584,DUNLIN GP.,Drake Fm.,6.709314346,5.516079426,5.433414459,2.441432953,31.36284828,30000
4572.645584,DUNLIN GP.,Drake Fm.,6.689971924,5.69648695,5.589308262,2.443775892,31.88901138,30000
4572.797584,DUNLIN GP.,Drake Fm.,6.708776951,5.698182583,5.586603642,2.435391426,32.19959259,30000
4572.949584,DUNLIN GP.,Drake Fm.,6.729409695,5.71041584,5.575982094,2.441171169,30.00944519,30000
4573.101584,DUNLIN GP.,Drake Fm.,6.726299763,5.949371815,5.783459663,2.441618681,32.0226593,30000
4573.253584,DUNLIN GP.,Drake Fm.,6.719917774,6.066084385,5.879628658,2.451644659,30.78757477,30000
4573.405584,DUNLIN GP.,Drake Fm.,6.681387425,6.156499863,5.94888258,2.466601372,34.68893433,30000
4573.557584,DUNLIN GP.,Drake Fm.,6.711246014,6.340872765,6.120728016,2.479715347,36.68464279,30000
4573.709584,DUNLIN GP.,Drake Fm.,6.711137772,6.431973934,6.191003799,2.479024172,38.12763977,30000
4573.861584,DUNLIN GP.,Drake Fm.,6.729066372,6.444669247,6.187941074,2.473066092,36.81467819,30000
4574.013584,DUNLIN GP.,Drake Fm.,6.728341103,6.350204468,6.098785877,2.480621576,36.38999176,30000
4574.165584,DUNLIN GP.,Drake Fm.,6.730852604,6.150458336,5.935335636,2.487750769,37.09045792,30000
4574.317584,DUNLIN GP.,Drake Fm.,6.697786331,6.11331892,5.928930759,2.487436295,38.74586105,30000
4574.469584,DUNLIN GP.,Drake Fm.,6.697299957,6.155949116,5.971767902,2.486769915,35.47631836,30000
4574.621584,DUNLIN GP.,Drake Fm.,6.670211315,6.080180168,5.91973114,2.481058836,33.23937607,30000
4574.773584,DUNLIN GP.,Drake Fm.,6.661752224,5.825055122,5.6813941,2.476783276,32.69438934,30000
4574.925584,DUNLIN GP.,Drake Fm.,6.663029194,5.60156107,5.477299213,2.479369164,36.92620468,30000
4575.077584,DUNLIN GP.,Drake Fm.,6.651929379,5.707322598,5.584210873,2.49405694,42.54793549,30000
4575.229584,DUNLIN GP.,Drake Fm.,6.650300026,6.305572987,6.163690567,2.513199091,43.75745392,30000
4575.381584,DUNLIN GP.,Drake Fm.,6.620279789,6.882017613,6.727063179,2.538410664,43.36496735,30000
4575.533584,DUNLIN GP.,Drake Fm.,6.603649616,7.730162144,7.541203022,2.568444014,42.31212235,30000
4575.685584,DUNLIN GP.,Drake Fm.,6.54692173,8.094101906,7.896492004,2.610983849,46.1312294,30000
4575.837584,DUNLIN GP.,Drake Fm.,6.495535374,8.281320572,8.066692352,2.644281387,48.56078339,30000
4575.989584,DUNLIN GP.,Drake Fm.,6.451538563,8.58473587,8.392745018,2.667831421,53.89909363,30000
4576.141584,DUNLIN GP.,Drake Fm.,6.458320141,9.051897049,8.788799286,2.665866137,56.61146545,30000
4576.293584,DUNLIN GP.,Drake Fm.,6.45222187,8.717194557,8.458461762,2.675240755,58.79976654,30000
4576.445584,DUNLIN GP.,Drake Fm.,6.455396175,8.536170006,8.263772965,2.685170889,60.52696228,30000
4576.597584,DUNLIN GP.,Drake Fm.,6.456200123,7.603383541,7.373923302,2.688467741,65.465271,30000
4576.749584,DUNLIN GP.,Drake Fm.,6.44705677,6.720487595,6.539148331,2.676523924,66.92507172,30000
4576.901584,DUNLIN GP.,Drake Fm.,6.468125343,6.615250111,6.401423454,2.6676507,63.1271019,30000
4577.053584,DUNLIN GP.,Drake Fm.,6.426259995,6.797178268,6.554989338,2.670510531,60.86332321,30000
4577.205584,DUNLIN GP.,Drake Fm.,6.422838211,6.401075363,6.157552719,2.653228283,61.25168991,30000
4577.357584,DUNLIN GP.,Drake Fm.,6.411300659,5.57022953,5.357017517,2.637267351,66.28630829,30000
4577.509584,DUNLIN GP.,Drake Fm.,6.430352688,5.025068283,4.842482567,2.623566151,78.86540985,30000
4577.661584,DUNLIN GP.,Drake Fm.,6.407811642,4.791139126,4.604576111,2.63059473,87.22053528,30000
4577.813584,DUNLIN GP.,Drake Fm.,6.436232567,4.369786263,4.194545746,2.628941298,94.33460236,30000
4577.965584,DUNLIN GP.,Drake Fm.,6.462861538,3.996747971,3.838031769,2.633317232,90.51952362,30000
4578.117584,DUNLIN GP.,Drake Fm.,6.458110333,4.017311573,3.847189426,2.631436825,93.70139313,30000
4578.269584,DUNLIN GP.,Drake Fm.,6.459718227,3.986642122,3.804441452,2.620817423,92.62107086,30000
4578.421584,DUNLIN GP.,Drake Fm.,6.452590466,3.852040768,3.670205593,2.609712124,92.02084351,30000
4578.573584,DUNLIN GP.,Drake Fm.,6.465762138,3.823674679,3.643512964,2.605911017,83.07893372,30000
4578.725584,DUNLIN GP.,Drake Fm.,6.436845303,3.870307207,3.675486565,2.593904495,69.62418366,70000
4578.877584,DUNLIN GP.,Drake Fm.,6.424933434,4.703576565,4.441394806,2.549070358,50.60364533,70000
4579.029584,DUNLIN GP.,Drake Fm.,6.3908391,8.247795105,7.596579075,2.486685753,33.58978653,70000
4579.181584,DUNLIN GP.,Drake Fm.,6.385473251,11.76599503,10.81970406,2.446599245,25.29748154,70000
4579.333584,DUNLIN GP.,Drake Fm.,6.394760132,10.21917725,9.546107292,2.434687853,25.86714554,70000
4579.485584,DUNLIN GP.,Drake Fm.,6.461587906,7.279345036,6.989355087,2.450831413,30.07859802,70000
4579.637584,DUNLIN GP.,Drake Fm.,6.567771435,6.177065849,5.978405476,2.481348991,37.17806244,70000
4579.789584,DUNLIN GP.,Drake Fm.,6.428742409,5.299701214,5.184268951,2.534504652,48.89487457,70000
4579.941584,DUNLIN GP.,Drake Fm.,6.380177498,4.768081188,4.683193684,2.577495575,61.98709488,30000
4580.093584,DUNLIN GP.,Drake Fm.,6.371749878,4.362984657,4.283282757,2.59530592,79.55799103,30000
4580.245584,DUNLIN GP.,Drake Fm.,6.397064686,3.978648901,3.926107407,2.597507477,88.39691162,30000
4580.397584,DUNLIN GP.,Drake Fm.,6.373263836,3.540911436,3.486843586,2.610786915,91.21407318,30000
4580.549584,DUNLIN GP.,Drake Fm.,6.368737221,3.522836447,3.446196795,2.607708693,83.73126221,30000
4580.701584,DUNLIN GP.,Drake Fm.,6.363206387,3.592356443,3.511379719,2.60657835,81.85460663,30000
4580.853584,DUNLIN GP.,Drake Fm.,6.384663105,3.330294132,3.259364367,2.594577074,86.09264374,30000
4581.005584,DUNLIN GP.,Drake Fm.,6.374854565,2.791329384,2.733941078,2.575895548,93.19075775,30000
4581.157584,DUNLIN GP.,Drake Fm.,6.386497021,2.723669529,2.665012837,2.523914337,84.11618805,30000
4581.309584,DUNLIN GP.,Drake Fm.,6.370891571,3.045483828,2.957214117,2.44900012,60.45930862,30000
4581.461584,DUNLIN GP.,Drake Fm.,6.372773171,3.360599995,3.238569021,2.386577845,32.32386398,30000
4581.613584,DUNLIN GP.,Drake Fm.,6.384363174,3.246357918,3.116862774,2.346115351,16.47595787,30000
4581.765584,DUNLIN GP.,Drake Fm.,6.378163815,3.171079397,3.04152751,2.327904463,11.59974098,30000
4581.917584,DUNLIN GP.,Drake Fm.,6.390820503,3.111343861,2.974551439,2.321771622,11.28946209,30000
4582.069584,DUNLIN GP.,Drake Fm.,6.372249126,3.073694944,2.947049618,2.330537319,12.95518112,30000
4582.221584,DUNLIN GP.,Drake Fm.,6.380728722,3.014662743,2.910067082,2.34637785,15.16487026,30000
4582.373584,DUNLIN GP.,Drake Fm.,6.406271935,3.114721537,3.016719103,2.36195612,17.5400734,30000
4582.525584,DUNLIN GP.,Drake Fm.,6.421144486,3.348834038,3.2470119,2.372727156,18.30574036,30000
4582.677584,DUNLIN GP.,Drake Fm.,6.415879726,3.65496397,3.550947189,2.368193626,17.67282677,30000
4582.829584,DUNLIN GP.,Drake Fm.,6.393924713,4.04146862,3.918511868,2.360173464,16.52938461,30000
4582.981584,DUNLIN GP.,Drake Fm.,6.374431133,4.528755188,4.391357899,2.364916802,19.40800476,30000
4583.133584,DUNLIN GP.,Drake Fm.,6.381820679,5.417247772,5.181536198,2.388639212,22.97222138,30000
4583.285584,DUNLIN GP.,Drake Fm.,6.380598068,6.22526598,5.963702679,2.406863689,24.14749527,30000
4583.437584,DUNLIN GP.,Drake Fm.,6.364412308,6.696427822,6.431272984,2.408140421,22.18639565,30000
4583.589584,DUNLIN GP.,Drake Fm.,6.385798454,6.945981503,6.675620079,2.409162283,22.54707146,30000
4583.741584,DUNLIN GP.,Drake Fm.,6.388781071,6.933029652,6.658807755,2.436528683,26.55404091,30000
4583.893584,DUNLIN GP.,Drake Fm.,6.397785664,6.621651173,6.354286194,2.4807477,31.57618904,30000
4584.045584,DUNLIN GP.,Drake Fm.,6.382165432,6.006554127,5.798271179,2.506628037,34.32327271,30000
4584.197584,DUNLIN GP.,Drake Fm.,6.386629582,5.388875961,5.228927612,2.51432395,40.46253204,30000
4584.349584,DUNLIN GP.,Drake Fm.,6.379923821,4.849790096,4.719369412,2.521902561,42.67699814,30000
4584.501584,DUNLIN GP.,Drake Fm.,6.374587536,5.244586468,5.115660667,2.508900166,39.88118744,30000
4584.653584,DUNLIN GP.,Drake Fm.,6.386513233,6.386788368,6.159387589,2.47121501,29.31155205,30000
4584.805584,DUNLIN GP.,Drake Fm.,6.382398129,6.665781498,6.354661465,2.4243927,19.66430473,30000
4584.957584,DUNLIN GP.,Drake Fm.,6.391452789,7.518737793,7.122806072,2.404932499,15.94203758,30000
4585.109584,DUNLIN GP.,Drake Fm.,6.374287128,10.19715977,9.28169632,2.414251566,18.00874138,30000
4585.261584,DUNLIN GP.,Drake Fm.,6.395444393,9.338829041,8.521342278,2.451649189,27.33886528,30000
4585.413584,DUNLIN GP.,Drake Fm.,6.381742001,6.944247246,6.452326775,2.504374266,43.24241257,30000
4585.565584,DUNLIN GP.,Drake Fm.,6.384875774,5.086573601,4.775946617,2.544803619,60.8646431,30000
4585.717584,DUNLIN GP.,Drake Fm.,6.391499996,4.362641335,4.141066551,2.567293644,72.11542511,30000
4585.869584,DUNLIN GP.,Drake Fm.,6.413817406,4.74657774,4.491300106,2.583996296,69.75521088,30000
4586.021584,DUNLIN GP.,Drake Fm.,6.38387394,4.647297859,4.418165207,2.598162651,59.98602295,30000
4586.173584,DUNLIN GP.,Drake Fm.,6.386950016,4.713662624,4.477035999,2.603868961,53.03920364,30000
4586.325584,DUNLIN GP.,Drake Fm.,6.41156292,4.473504543,4.254645348,2.605686188,61.71960831,65030
4586.477584,DUNLIN GP.,Drake Fm.,6.411937237,3.876700878,3.714001656,2.616619349,83.35420227,65030
4586.629584,DUNLIN GP.,Drake Fm.,6.433480263,3.505927801,3.363771915,2.634007454,106.2582092,65030
4586.781584,DUNLIN GP.,Drake Fm.,6.423692226,3.314591169,3.169934273,2.652567625,118.0284653,65030
4586.933584,DUNLIN GP.,Drake Fm.,6.424620628,3.167167187,3.050070047,2.664058447,114.8811569,65030
4587.085584,DUNLIN GP.,Drake Fm.,6.422422886,3.071366549,2.979113817,2.663295507,108.1667709,65030
4587.237584,DUNLIN GP.,Drake Fm.,6.425684929,2.979836702,2.90467906,2.661467075,104.4097061,65030
4587.389584,DUNLIN GP.,Drake Fm.,6.421434879,2.934635639,2.86867404,2.659747601,104.5028381,65030
4587.541584,DUNLIN GP.,Drake Fm.,6.421674252,2.920774698,2.850096226,2.661727428,109.0887375,65030
4587.693584,DUNLIN GP.,Drake Fm.,6.419640541,2.894025803,2.827365398,2.659464598,115.2774735,65030
4587.845584,DUNLIN GP.,Drake Fm.,6.421645165,2.867797852,2.795920134,2.659459353,119.0086823,65030
4587.997584,DUNLIN GP.,Drake Fm.,6.423900127,2.856750727,2.77595067,2.654837847,117.2764664,65030
4588.149584,DUNLIN GP.,Drake Fm.,6.41968441,2.86313653,2.769629955,2.648946285,116.4145355,65030
4588.301584,DUNLIN GP.,Drake Fm.,6.42509079,2.897006512,2.795867682,2.641453981,121.3901367,65030
4588.453584,DUNLIN GP.,Drake Fm.,6.429944038,2.922760725,2.818563938,2.644833565,125.3607254,65030
4588.605584,DUNLIN GP.,Drake Fm.,6.446922302,2.942026854,2.836855173,2.653377533,123.4989395,65030
4588.757584,DUNLIN GP.,Drake Fm.,6.445872784,2.979124308,2.871920586,2.658777475,116.4131622,65030
4588.909584,DUNLIN GP.,Drake Fm.,6.461241245,3.078355312,2.964312077,2.66106081,112.0426102,65030
4589.061584,DUNLIN GP.,Drake Fm.,6.455746174,3.236756086,3.11244297,2.657898665,110.1778641,65030
4589.213584,DUNLIN GP.,Drake Fm.,6.458998203,3.424251556,3.283197641,2.661277056,111.8557129,65030
4589.365584,DUNLIN GP.,Drake Fm.,6.460225105,3.547473669,3.403051138,2.657097817,111.8247757,65030
4589.517584,DUNLIN GP.,Drake Fm.,6.456200123,3.623390436,3.478640318,2.647574663,105.3679733,65030
4589.669584,DUNLIN GP.,Drake Fm.,6.448165894,3.840250731,3.684135437,2.63596797,97.92350006,65030
4589.821584,DUNLIN GP.,Drake Fm.,6.441252232,4.05136776,3.887009859,2.634399176,93.53141785,65030
4589.973584,DUNLIN GP.,Drake Fm.,6.450016022,4.438477993,4.253944874,2.640989542,96.97341919,65030
4590.125584,DUNLIN GP.,Drake Fm.,6.450919151,4.814383507,4.613125801,2.646647453,100.340271,65030
4590.277584,DUNLIN GP.,Drake Fm.,6.459444523,4.877080917,4.681922436,2.645325184,102.1772842,30000
4590.429584,DUNLIN GP.,Drake Fm.,6.447351933,4.741269589,4.56837225,2.645307303,101.9577484,30000
4590.581584,DUNLIN GP.,Drake Fm.,6.450335503,5.016242981,4.83293438,2.643630505,98.94299316,30000
4590.733584,DUNLIN GP.,Drake Fm.,6.441661835,5.420695305,5.220957756,2.640432119,94.73679352,30000
4590.885584,DUNLIN GP.,Drake Fm.,6.424728394,5.864845753,5.644357681,2.643569946,92.66234589,30000
4591.037584,DUNLIN GP.,Drake Fm.,6.419782162,6.132376671,5.908185959,2.653151512,91.17534638,30000
4591.189584,DUNLIN GP.,Drake Fm.,6.424947739,6.05358839,5.84101963,2.654874563,89.00285339,30000
4591.341584,DUNLIN GP.,Drake Fm.,6.440149307,5.952533722,5.751837254,2.653433561,85.43702698,30000
4591.493584,DUNLIN GP.,Drake Fm.,6.43999815,6.001270771,5.81296587,2.641896248,85.29398346,30000
4591.645584,DUNLIN GP.,Drake Fm.,6.450491428,5.819421768,5.662162781,2.637122154,91.13376617,30000
4591.797584,DUNLIN GP.,Drake Fm.,6.455927372,5.460281372,5.327211857,2.628664494,97.6570816,30000
4591.949584,DUNLIN GP.,Drake Fm.,6.46069622,5.22476387,5.098035336,2.621831894,99.6653595,30000
4592.101584,DUNLIN GP.,Drake Fm.,6.450752258,5.126545429,5.007944584,2.614086151,101.6808548,65000
4592.253584,DUNLIN GP.,Drake Fm.,6.433393002,4.952455521,4.836127758,2.61360693,101.4298477,65000
4592.405584,DUNLIN GP.,Drake Fm.,6.41997242,4.959227085,4.832721233,2.619427204,99.53292847,65000
4592.557584,DUNLIN GP.,Drake Fm.,6.420498371,5.168113232,5.029735565,2.627352476,94.53071594,65000
4592.709584,DUNLIN GP.,Drake Fm.,6.427878857,5.25717783,5.109111309,2.635431767,91.41336823,65000
4592.861584,DUNLIN GP.,Drake Fm.,6.414023876,5.252292156,5.096188068,2.637913227,94.27252197,65000
4593.013584,DUNLIN GP.,Drake Fm.,6.396214008,5.305501938,5.143640518,2.63371706,96.86917114,30000
4593.165584,DUNLIN GP.,Drake Fm.,6.379376888,5.603953838,5.42266655,2.62405777,97.91582489,30000
4593.317584,DUNLIN GP.,Drake Fm.,6.386782646,5.805636406,5.60792923,2.61943531,98.2782135,30000
4593.469584,DUNLIN GP.,Drake Fm.,6.383285999,5.829336166,5.624937534,2.620256662,96.81724548,30000
4593.621584,DUNLIN GP.,Drake Fm.,6.38786602,5.985259056,5.75800705,2.620145321,95.81679535,65000
4593.773584,DUNLIN GP.,Drake Fm.,6.389211655,6.122676373,5.881698608,2.617767096,94.7913208,65000
4593.925584,DUNLIN GP.,Drake Fm.,6.394604683,6.031867027,5.784887314,2.623349905,97.5296936,65000
4594.077584,DUNLIN GP.,Drake Fm.,6.387062073,6.088106632,5.816006661,2.635970116,98.44856262,65000
4594.229584,DUNLIN GP.,Drake Fm.,6.374617577,6.31293869,6.032196522,2.643714666,96.97573853,30000
4594.381584,DUNLIN GP.,Drake Fm.,6.382649899,6.31325388,6.042225838,2.6411798,98.73504639,30000
4594.533584,DUNLIN GP.,Drake Fm.,6.386099815,5.895489693,5.651358604,2.635133982,102.9059601,30000
4594.685584,DUNLIN GP.,Drake Fm.,6.377424717,5.460458756,5.243399143,2.630261898,107.7098007,65000
4594.837584,DUNLIN GP.,Drake Fm.,6.372779369,5.20912838,5.005347252,2.621774197,107.5563889,65000
4594.989584,DUNLIN GP.,Drake Fm.,6.386185169,4.98687458,4.796577454,2.613898039,107.5697556,65000
4595.141584,DUNLIN GP.,Drake Fm.,6.391252995,4.807355881,4.629659176,2.611917257,109.1353836,65000
4595.293584,DUNLIN GP.,Drake Fm.,6.397958279,4.686080456,4.516752243,2.615611076,109.6057739,65000
4595.445584,DUNLIN GP.,Drake Fm.,6.392538548,4.567493916,4.406381607,2.616147041,107.7689514,65000
4595.597584,DUNLIN GP.,Drake Fm.,6.385291576,4.622239113,4.454400539,2.61722374,104.1779556,65000
4595.749584,DUNLIN GP.,Drake Fm.,6.393721104,4.854138374,4.667497158,2.622517586,102.7738495,65000
4595.901584,DUNLIN GP.,Drake Fm.,6.385258198,4.916277885,4.716561317,2.629179716,107.1607361,65000
4596.053584,DUNLIN GP.,Drake Fm.,6.390249729,4.822417736,4.611078739,2.635852814,111.1941452,65000
4596.205584,DUNLIN GP.,Drake Fm.,6.392368317,4.711551666,4.510149956,2.634380817,113.0117493,65000
4596.357584,DUNLIN GP.,Drake Fm.,6.39277792,4.647748947,4.472817898,2.62541914,112.3169632,65000
4596.509584,DUNLIN GP.,Drake Fm.,6.389747143,4.742311478,4.585483551,2.618988514,108.6909485,30000
4596.661584,DUNLIN GP.,Drake Fm.,6.385577679,4.933557987,4.790977955,2.623916149,105.0830841,30000
4596.813584,DUNLIN GP.,Drake Fm.,6.396347523,5.098995686,4.970163345,2.63542223,96.86161804,30000
4596.965584,DUNLIN GP.,Drake Fm.,6.389966965,5.108493328,5.00743866,2.647388697,89.30879211,30000
4597.117584,DUNLIN GP.,Drake Fm.,6.389801979,5.023561955,4.96284771,2.653949261,87.05059052,30000
4597.269584,DUNLIN GP.,Drake Fm.,6.392139912,4.952368259,4.932017326,2.654196262,87.92218018,30000
4597.421584,DUNLIN GP.,Drake Fm.,6.394576073,4.816465378,4.83575058,2.651078463,88.86431122,30000
4597.573584,DUNLIN GP.,Drake Fm.,6.390776157,4.670501232,4.724926949,2.650663137,88.3483429,30000
4597.725584,DUNLIN GP.,Drake Fm.,6.390069485,4.622318268,4.704629898,2.654916287,89.09470367,30000
4597.877584,DUNLIN GP.,Drake Fm.,6.390883446,4.660997868,4.782425404,2.657541275,92.48973846,30000
4598.029584,DUNLIN GP.,Drake Fm.,6.384765148,4.719174385,4.838284493,2.659008741,92.39611816,30000
4598.181584,DUNLIN GP.,Drake Fm.,6.391499996,4.733167172,4.796185494,2.664345741,89.05862427,30000
4598.333584,DUNLIN GP.,Drake Fm.,6.381310463,4.58339262,4.605489254,2.668046951,89.48267365,30000
4598.485584,DUNLIN GP.,Drake Fm.,6.386143684,4.335649967,4.322273731,2.664126396,94.52010346,30000
4598.637584,DUNLIN GP.,Drake Fm.,6.390856743,4.151640415,4.135590076,2.65588522,101.1984787,30000
4598.789584,DUNLIN GP.,Drake Fm.,6.388876438,3.97147131,3.960651636,2.650138855,102.0996475,30000
4598.941584,DUNLIN GP.,Drake Fm.,6.390988827,3.811063767,3.780252934,2.655191183,99.72421265,30000
4599.093584,DUNLIN GP.,Drake Fm.,6.382759094,3.674239636,3.640326977,2.657233,101.4024963,30000
4599.245584,DUNLIN GP.,Drake Fm.,6.389033794,3.534846544,3.499984741,2.659114361,105.0746536,30000
4599.397584,DUNLIN GP.,Drake Fm.,6.386099815,3.506732702,3.460652113,2.661296606,105.65551,30000
4599.549584,DUNLIN GP.,Drake Fm.,6.390469551,3.53745389,3.487938643,2.657122374,103.9557266,30000
4599.701584,DUNLIN GP.,Drake Fm.,6.391452313,3.583485842,3.527534723,2.653606892,103.0358582,30000
4599.853584,DUNLIN GP.,Drake Fm.,6.390425682,3.602784395,3.539607287,2.654917717,106.4414291,65030
4600.005584,DUNLIN GP.,Drake Fm.,6.386703968,3.523173809,3.463379622,2.658675432,109.3977966,65030
4600.157584,DUNLIN GP.,Drake Fm.,6.390088558,3.379594088,3.285949945,2.65669179,113.0324631,65030
4600.309584,DUNLIN GP.,Drake Fm.,6.396458626,3.25537467,3.112964392,2.65371275,115.6364975,65030
4600.461584,DUNLIN GP.,Drake Fm.,6.390137672,3.177850008,3.037558079,2.655026197,115.8258972,65030
4600.613584,DUNLIN GP.,Drake Fm.,6.401346684,3.139342785,3.005176067,2.657669544,117.9320068,65030
4600.765584,DUNLIN GP.,Drake Fm.,6.405679703,3.14456892,3.015416145,2.662642956,118.937355,65030
4600.917584,DUNLIN GP.,Drake Fm.,6.414935589,3.137361765,3.014679909,2.663938284,122.159996,65030
4601.069584,DUNLIN GP.,Drake Fm.,6.417867184,3.14992404,3.031448841,2.662202358,122.1516724,65030
4601.221584,DUNLIN GP.,Drake Fm.,6.42166853,3.205924988,3.087053299,2.654051304,118.8680801,65030
4601.373584,DUNLIN GP.,Drake Fm.,6.422848702,3.280945778,3.159401178,2.651931286,112.7509995,65030
4601.525584,DUNLIN GP.,Drake Fm.,6.420756817,3.364435196,3.240575314,2.657915115,108.2026444,65030
4601.677584,DUNLIN GP.,Drake Fm.,6.419410706,3.393908024,3.271486521,2.663120031,108.6108322,65030
4601.829584,DUNLIN GP.,Drake Fm.,6.424185276,3.357394218,3.239006996,2.664616346,111.283165,65030
4601.981584,DUNLIN GP.,Drake Fm.,6.434288502,3.317740917,3.204939127,2.66152072,115.0127029,65030
4602.133584,DUNLIN GP.,Drake Fm.,6.436061382,3.23372364,3.131429911,2.661966324,118.1544647,65030
4602.285584,DUNLIN GP.,Drake Fm.,6.446442604,3.12254262,3.031903267,2.661391735,124.8551254,65030
4602.437584,DUNLIN GP.,Drake Fm.,6.443048954,3.005697489,2.925387144,2.656660557,129.4862061,65030
4602.589584,DUNLIN GP.,Drake Fm.,6.455339432,2.937737227,2.86520958,2.658854723,125.1213226,65030
4602.741584,DUNLIN GP.,Drake Fm.,6.457598686,2.984487295,2.912796736,2.667670727,114.3298492,65030
4602.893584,DUNLIN GP.,Drake Fm.,6.450517654,3.089411259,3.011425257,2.675889969,106.612648,65030
4603.045584,DUNLIN GP.,Drake Fm.,6.461599827,3.08118701,3.003844023,2.669544935,107.2114182,65030
4603.197584,DUNLIN GP.,Drake Fm.,6.462843895,2.986859798,2.913053989,2.66105032,113.5453186,65030
4603.349584,DUNLIN GP.,Drake Fm.,6.45941782,2.915513754,2.84643507,2.658770084,116.7049484,65030
4603.501584,DUNLIN GP.,Drake Fm.,6.452863693,2.879576206,2.820136786,2.657987356,119.7679062,65030
4603.653584,DUNLIN GP.,Drake Fm.,6.456200123,2.80196929,2.753394127,2.661200047,120.9831467,65030
4603.805584,DUNLIN GP.,Drake Fm.,6.458239555,2.675944328,2.639024258,2.665770054,122.4719849,65030
4603.957584,DUNLIN GP.,Drake Fm.,6.459572792,2.602943659,2.565454245,2.671159983,125.5121231,65030
4604.109584,DUNLIN GP.,Drake Fm.,6.450154781,2.542561293,2.503380776,2.668308973,128.7894898,65030
4604.261584,DUNLIN GP.,Drake Fm.,6.447603703,2.443372726,2.406332254,2.672318935,128.2884064,65030
4604.413584,DUNLIN GP.,Drake Fm.,6.458914757,2.329364538,2.29394412,2.677579165,128.8165894,65030
4604.565584,DUNLIN GP.,Drake Fm.,6.446743965,2.221971035,2.189374447,2.675879955,133.7108002,65030
4604.717584,DUNLIN GP.,Drake Fm.,6.420992851,2.142907381,2.111526966,2.671572208,140.6157684,65030
4604.869584,DUNLIN GP.,Drake Fm.,6.403710365,2.175956726,2.142821789,2.673959732,137.324295,65030
4605.021584,DUNLIN GP.,Drake Fm.,6.392320156,2.369781971,2.329590797,2.680423737,125.627739,65030
4605.173584,DUNLIN GP.,Drake Fm.,6.370864868,2.65120244,2.598510742,2.679133177,114.6352921,65030
4605.325584,DUNLIN GP.,Drake Fm.,6.369526863,2.855771065,2.79204464,2.665843964,113.8593826,65030
4605.477584,DUNLIN GP.,Drake Fm.,6.377445698,2.898773193,2.830242395,2.658616781,118.0885086,65030
4605.629584,DUNLIN GP.,Drake Fm.,6.38092804,2.885875464,2.815961361,2.656481028,121.3234787,65030
4605.781584,DUNLIN GP.,Drake Fm.,6.385926724,2.951653719,2.877588987,2.658699989,119.6871567,65030
4605.933584,DUNLIN GP.,Drake Fm.,6.380802631,2.975862026,2.904946804,2.662232637,118.802742,65030
4606.085584,DUNLIN GP.,Drake Fm.,6.386033535,2.943199873,2.876325607,2.667986631,116.3429871,65030
4606.237584,DUNLIN GP.,Drake Fm.,6.380729675,2.823074579,2.759771109,2.664191246,115.4628143,65030
4606.389584,DUNLIN GP.,Drake Fm.,6.387904644,2.759423018,2.695322514,2.654841185,115.1264267,65030
4606.541584,DUNLIN GP.,Drake Fm.,6.381427765,2.718205452,2.654310226,2.640516043,118.9257889,65030
4606.693584,DUNLIN GP.,Drake Fm.,6.387497902,2.683410168,2.620247841,2.637419462,124.2490234,65030
4606.845584,DUNLIN GP.,Drake Fm.,6.390931606,2.606041193,2.548863411,2.641159058,121.8713074,65030
4606.997584,DUNLIN GP.,Drake Fm.,6.381028652,2.524605036,2.473224402,2.648206472,119.6543884,65030
4607.149584,DUNLIN GP.,Cook Fm.,6.383695126,2.449174643,2.402681351,2.654066563,118.2415848,65030
4607.301584,DUNLIN GP.,Cook Fm.,6.38609314,2.375420094,2.335471392,2.65663147,121.900589,65030
4607.453584,DUNLIN GP.,Cook Fm.,6.393510342,2.354574919,2.318453312,2.66618824,121.498848,65030
4607.605584,DUNLIN GP.,Cook Fm.,6.376294613,2.716207504,2.664753676,2.667254448,113.2747574,30000
4607.757584,DUNLIN GP.,Cook Fm.,6.382710934,3.785494328,3.687394142,2.660562992,98.32593536,30000
4607.909584,DUNLIN GP.,Cook Fm.,6.388520718,5.642034054,5.435871601,2.637455225,84.36417389,30000
4608.061584,DUNLIN GP.,Cook Fm.,6.396439076,7.113541126,6.798518658,2.620964527,76.22697449,30000
4608.213584,DUNLIN GP.,Cook Fm.,6.401495934,7.186668396,6.856698513,2.609042168,74.33288574,30000
4608.365584,DUNLIN GP.,Cook Fm.,6.391735554,7.144067764,6.862998962,2.608668804,77.60196686,30000
4608.517584,DUNLIN GP.,Cook Fm.,6.401646137,7.009262085,6.791070938,2.60926342,78.80239868,30000
4608.669584,DUNLIN GP.,Cook Fm.,6.405485153,6.950737953,6.776668072,2.617263317,79.07935333,30000
4608.821584,DUNLIN GP.,Cook Fm.,6.413156509,6.812821865,6.627154827,2.620248318,75.64731598,30000
4608.973584,DUNLIN GP.,Cook Fm.,6.402289867,6.497579575,6.348274231,2.617516995,75.70618439,30000
4609.125584,DUNLIN GP.,Cook Fm.,6.406156063,6.20360136,6.061146736,2.61335659,78.29008484,30000
4609.277584,DUNLIN GP.,Cook Fm.,6.402923584,5.936896324,5.804768086,2.611301422,79.22858429,30000
4609.429584,DUNLIN GP.,Cook Fm.,6.409958363,6.032424927,5.906724453,2.610096693,84.64602661,30000
4609.581584,DUNLIN GP.,Cook Fm.,6.414856911,5.970837116,5.864919186,2.608718634,84.15684509,30000
4609.733584,DUNLIN GP.,Cook Fm.,6.39000988,5.536786556,5.44068718,2.612753153,88.59292603,30000
4609.885584,DUNLIN GP.,Cook Fm.,6.384064198,5.387635708,5.299427033,2.621395588,87.24249268,30000
4610.037584,DUNLIN GP.,Cook Fm.,6.380618095,5.24509573,5.167010784,2.62032795,91.70383453,30000
4610.189584,DUNLIN GP.,Cook Fm.,6.380362034,5.084982395,5.006868362,2.61023283,91.62969971,30000
4610.341584,DUNLIN GP.,Cook Fm.,6.36944294,4.901441574,4.82008028,2.609564304,95.26519775,30000
4610.493584,DUNLIN GP.,Cook Fm.,6.383739948,4.937291622,4.849807262,2.616236925,95.67643738,30000
4610.645584,DUNLIN GP.,Cook Fm.,6.384149075,4.847786903,4.759813309,2.626602411,95.92320252,30000
4610.797584,DUNLIN GP.,Cook Fm.,6.383318424,4.440815926,4.365509987,2.628986597,95.2963028,30000
4610.949584,DUNLIN GP.,Cook Fm.,6.396900177,4.200403214,4.12744236,2.629588842,96.07592773,30000
4611.101584,DUNLIN GP.,Cook Fm.,6.388995647,4.11222744,4.044771195,2.628302097,103.2966919,30000
4611.253584,DUNLIN GP.,Cook Fm.,6.357320786,4.10887146,4.029867172,2.630288124,109.118927,30000
4611.405584,DUNLIN GP.,Cook Fm.,6.349959374,4.120352745,4.03082943,2.635286093,115.5194168,30000
4611.557584,DUNLIN GP.,Cook Fm.,6.39870739,4.217095375,4.109736919,2.638770819,108.6023712,30000
4611.709584,DUNLIN GP.,Cook Fm.,6.375515938,4.556317329,4.418885708,2.639447689,98.66342926,30000
4611.861584,DUNLIN GP.,Cook Fm.,6.359701634,4.701910496,4.555603027,2.629021883,84.57538605,30000
4612.013584,DUNLIN GP.,Cook Fm.,6.359525204,4.603131294,4.456297398,2.617526054,76.48516846,30000
4612.165584,DUNLIN GP.,Cook Fm.,6.353542328,4.329268456,4.194919109,2.599831343,66.14248657,30000
4612.317584,DUNLIN GP.,Cook Fm.,6.34919548,3.908171177,3.796610832,2.586831808,55.96970367,65030
4612.469584,DUNLIN GP.,Cook Fm.,6.34254837,3.377451658,3.293250561,2.553759575,41.49158859,65030
4612.621584,DUNLIN GP.,Cook Fm.,6.353859901,2.938715458,2.8724792,2.497268677,31.97299004,65030
4612.773584,DUNLIN GP.,Cook Fm.,6.352658749,2.633784771,2.579795361,2.416330576,25.94467163,65030
4612.925584,DUNLIN GP.,Cook Fm.,6.399820328,2.580505133,2.52793932,2.346929073,27.86544418,65030
4613.077584,DUNLIN GP.,Cook Fm.,6.356442928,2.923722506,2.856484413,2.318804264,29.95066452,65030
4613.229584,DUNLIN GP.,Cook Fm.,6.364107132,3.138397932,3.057204247,2.322967053,34.22851563,65030
4613.381584,DUNLIN GP.,Cook Fm.,6.350585938,3.138770342,3.053389788,2.340913057,38.11738205,65030
4613.533584,DUNLIN GP.,Cook Fm.,6.381319523,3.082808495,3.004821301,2.339528561,42.37308121,65030
4613.685584,DUNLIN GP.,Cook Fm.,6.386115074,3.054645062,2.983234167,2.330942631,47.22822571,65030
4613.837584,DUNLIN GP.,Cook Fm.,6.371957779,3.013586044,2.948629618,2.333831072,48.16940308,65030
4613.989584,DUNLIN GP.,Cook Fm.,6.391477108,2.996284962,2.938670635,2.356981278,50.38480759,65030
4614.141584,DUNLIN GP.,Cook Fm.,6.37204504,2.99985671,2.947436094,2.380930901,50.14481354,65030
4614.293584,DUNLIN GP.,Cook Fm.,6.376478672,3.163160086,3.111452818,2.400034666,51.84833908,30000
4614.445584,DUNLIN GP.,Cook Fm.,6.366303921,3.595343828,3.541769505,2.412387371,49.67737961,30000
4614.597584,DUNLIN GP.,Cook Fm.,6.383599281,3.916412592,3.845515728,2.424064875,48.22470474,30000
4614.749584,DUNLIN GP.,Cook Fm.,6.333641052,4.391138554,4.304246903,2.434931278,49.54442215,30000
4614.901584,DUNLIN GP.,Cook Fm.,6.343433857,4.684436321,4.580025196,2.456437349,56.59871292,30000
4615.053584,DUNLIN GP.,Cook Fm.,6.357207775,4.810108185,4.703383923,2.493552685,59.71006775,30000
4615.205584,DUNLIN GP.,Cook Fm.,6.349945068,4.845149994,4.752236366,2.528044701,58.26897049,30000
4615.357584,DUNLIN GP.,Cook Fm.,6.363118172,4.873640537,4.780357838,2.533450604,49.21111298,30000
4615.509584,DUNLIN GP.,Cook Fm.,6.389994144,4.990745068,4.915335178,2.523558855,44.7544632,30000
4615.661584,DUNLIN GP.,Cook Fm.,6.382520199,5.11469698,5.01989603,2.513950586,45.91401672,30000
4615.813584,DUNLIN GP.,Cook Fm.,6.382542133,5.17088604,5.071639061,2.521246433,54.69108963,30000
4615.965584,DUNLIN GP.,Cook Fm.,6.38932848,5.212539673,5.102632999,2.538808107,58.34453201,30000
4616.117584,DUNLIN GP.,Cook Fm.,6.381638527,5.234091282,5.120591641,2.562672377,58.27074051,30000
4616.269584,DUNLIN GP.,Cook Fm.,6.39461422,5.195083141,5.08340168,2.576369047,58.31732941,30000
4616.421584,DUNLIN GP.,Cook Fm.,6.38255167,5.164683819,5.064376831,2.566866636,61.50653076,30000
4616.573584,DUNLIN GP.,Cook Fm.,6.379857063,5.145710468,5.04272604,2.563000441,66.337883,30000
4616.725584,DUNLIN GP.,Cook Fm.,6.375145912,5.197246552,5.096608162,2.564515114,67.38365173,65000
4616.877584,DUNLIN GP.,Cook Fm.,6.376907349,5.152571201,5.063249588,2.587487698,68.47232056,65000
4617.029584,DUNLIN GP.,Cook Fm.,6.389573574,5.258313656,5.116752625,2.587628841,65.20610809,65000
4617.181584,DUNLIN GP.,Cook Fm.,6.382879257,5.504705906,5.102423668,2.594773531,62.25729752,65000
4617.333584,DUNLIN GP.,Cook Fm.,6.400676727,5.506913662,5.111938953,2.593675613,60.82320786,65000
4617.485584,DUNLIN GP.,Cook Fm.,6.361965656,5.514582157,5.125850678,2.602327347,63.50417328,65000
4617.637584,DUNLIN GP.,Cook Fm.,6.371355534,5.52488184,5.145696163,2.606087446,67.72721863,65000
4617.789584,DUNLIN GP.,Cook Fm.,6.3285532,5.525770664,5.156680107,2.609686613,69.71343231,65000
4617.941584,DUNLIN GP.,Cook Fm.,6.339508057,5.527243137,5.172103882,2.609030008,69.2808609,65000
4618.093584,DUNLIN GP.,Cook Fm.,6.336752892,5.547204018,5.200606823,2.605795145,65.96447754,65000
4618.245584,DUNLIN GP.,Cook Fm.,6.334698677,5.555203915,5.220687389,2.60947156,66.64466095,65000
4618.397584,DUNLIN GP.,Cook Fm.,6.361225605,5.585550785,5.260538578,2.613132238,68.53170776,30000
4618.549584,DUNLIN GP.,Cook Fm.,6.378364086,5.644968033,5.32104969,2.621333599,76.72383881,30000
4618.701584,DUNLIN GP.,Cook Fm.,6.399056912,5.653360844,5.33620882,2.624221563,78.71396637,30000
4618.853584,DUNLIN GP.,Cook Fm.,6.391499996,5.441763401,5.153636932,2.628690481,89.0322876,30000
4619.005584,DUNLIN GP.,Cook Fm.,6.389614105,5.253871441,5.001269341,2.634067774,90.7519455,30000
4619.157584,DUNLIN GP.,Cook Fm.,6.377103329,5.064676762,4.814578533,2.636010885,92.89944458,30000
4619.309584,DUNLIN GP.,Cook Fm.,6.390911102,4.978217602,4.734688759,2.63572526,82.96379852,30000
4619.461584,DUNLIN GP.,Cook Fm.,6.386099815,5.133805752,4.871214867,2.640289545,76.26701355,30000
4619.613584,DUNLIN GP.,Cook Fm.,6.386664391,5.77792263,5.447678089,2.65140748,72.62934876,30000
4619.765584,DUNLIN GP.,Cook Fm.,6.390620232,6.216685295,5.833807468,2.669592381,71.89485169,30000
4619.917584,DUNLIN GP.,Cook Fm.,6.382039547,6.500871182,6.092329979,2.679370403,66.03529358,30000
4620.069584,DUNLIN GP.,Cook Fm.,6.371239185,6.764048576,6.326437473,2.685978413,59.82433701,30000
4620.221584,DUNLIN GP.,Cook Fm.,6.347104073,6.859595776,6.406300068,2.65517664,59.33274841,30000
4620.373584,DUNLIN GP.,Cook Fm.,6.382704258,6.858983517,6.404224396,2.62564373,62.79468918,30000
4620.525584,DUNLIN GP.,Cook Fm.,6.35123682,7.082983971,6.609117985,2.607952595,67.74862671,30000
4620.677584,DUNLIN GP.,Cook Fm.,6.377568722,6.727060795,6.31868124,2.609107494,68.88835907,30000
4620.829584,DUNLIN GP.,Cook Fm.,6.344458103,6.172757149,5.830589294,2.615058661,72.2094574,30000
4620.981584,DUNLIN GP.,Cook Fm.,6.348749161,5.97542572,5.66726017,2.609246016,69.08948517,30000
4621.133584,DUNLIN GP.,Cook Fm.,6.350659847,5.752265453,5.466097355,2.611435652,67.95659638,30000
4621.285584,DUNLIN GP.,Cook Fm.,6.3292799,5.594098568,5.336544991,2.618802071,67.19412994,30000
4621.437584,DUNLIN GP.,Cook Fm.,6.359036446,5.442306042,5.202624798,2.632330418,70.7964325,30000
4621.589584,DUNLIN GP.,Cook Fm.,6.35947609,5.296922207,5.077170849,2.635085106,73.13848114,30000
4621.741584,DUNLIN GP.,Cook Fm.,6.39035511,5.314405918,5.092131615,2.632981062,74.29187012,30000
4621.893584,DUNLIN GP.,Cook Fm.,6.375405788,5.263484001,5.050869465,2.624640703,74.29710388,30000
4622.045584,DUNLIN GP.,Cook Fm.,6.389359474,5.235339642,5.015469074,2.629947424,71.38473511,30000
4622.197584,DUNLIN GP.,Cook Fm.,6.356485367,5.238340855,5.020894527,2.636431456,70.86119843,30000
4622.349584,DUNLIN GP.,Cook Fm.,6.348711014,5.354960918,5.120014191,2.656594038,70.47783661,30000
4622.501584,DUNLIN GP.,Cook Fm.,6.353263855,5.485109329,5.231339932,2.67011404,67.12020111,30000
4622.653584,DUNLIN GP.,Cook Fm.,6.34518671,5.689558029,5.400896072,2.678486586,59.63653183,30000
4622.805584,DUNLIN GP.,Cook Fm.,6.363559723,7.023967743,6.608557224,2.670155764,56.134655,30000
4622.957584,DUNLIN GP.,Cook Fm.,6.344830036,8.874101639,8.207921982,2.652108192,60.43610382,30000
4623.109584,DUNLIN GP.,Cook Fm.,6.359432221,9.447404862,8.676729202,2.644330978,70.93653107,30000
4623.261584,DUNLIN GP.,Cook Fm.,6.365521908,8.511852264,7.868839264,2.642620564,77.51754761,30000
4623.413584,DUNLIN GP.,Cook Fm.,6.385080814,6.812354565,6.391838551,2.638230562,83.73094177,30000
4623.565584,DUNLIN GP.,Cook Fm.,6.332632065,5.917208195,5.599362373,2.633985519,86.88396454,30000
4623.717584,DUNLIN GP.,Cook Fm.,6.344977379,5.695791721,5.398835182,2.633416414,90.51663971,30000
4623.869584,DUNLIN GP.,Cook Fm.,6.370313168,5.500407696,5.228754044,2.627939701,86.23789978,30000
4624.021584,DUNLIN GP.,Cook Fm.,6.383313179,5.083293915,4.853516579,2.620129585,83.38143158,30000
4624.173584,DUNLIN GP.,Cook Fm.,6.396166802,4.789588928,4.587366581,2.624334812,80.65285492,30000
4624.325584,DUNLIN GP.,Cook Fm.,6.370276928,4.641312122,4.456521988,2.621505499,83.32277679,30000
4624.477584,DUNLIN GP.,Cook Fm.,6.386967659,4.429863453,4.259539604,2.598737478,80.01829529,30000
4624.629584,DUNLIN GP.,Cook Fm.,6.375878334,4.163654327,4.022187233,2.570004225,69.08718109,30000
4624.781584,DUNLIN GP.,Cook Fm.,6.408297062,4.553562641,4.408039093,2.541646957,57.89413452,30000
4624.933584,DUNLIN GP.,Cook Fm.,6.375575542,4.920873165,4.760630608,2.531556606,54.23481751,30000
4625.085584,DUNLIN GP.,Cook Fm.,6.396753311,5.105175018,4.941738129,2.528338432,57.70177078,30000
4625.237584,DUNLIN GP.,Cook Fm.,6.38279295,5.169324398,5.011809826,2.541385889,57.5907402,30000
4625.389584,DUNLIN GP.,Cook Fm.,6.369822979,5.233067513,5.0737257,2.539663553,57.00637054,30000
4625.541584,DUNLIN GP.,Cook Fm.,6.356907368,5.344297409,5.177966595,2.533600569,53.05973816,30000
4625.693584,DUNLIN GP.,Cook Fm.,6.332243443,5.450515747,5.275930405,2.533699751,51.06545639,30000
4625.845584,DUNLIN GP.,Cook Fm.,6.359092236,5.53665638,5.355482578,2.533102274,47.34228516,30000
4625.997584,DUNLIN GP.,Cook Fm.,6.374205589,5.594240665,5.412742138,2.539559364,49.08645248,30000
4626.149584,DUNLIN GP.,Cook Fm.,6.402061939,5.593013763,5.406060696,2.541979551,57.8560257,30000
4626.301584,DUNLIN GP.,Cook Fm.,6.38736248,5.568268776,5.378399849,2.549518108,58.79421616,30000
4626.453584,DUNLIN GP.,Cook Fm.,6.40743351,5.545694351,5.347404957,2.541013241,61.40243912,30000
4626.605584,DUNLIN GP.,Cook Fm.,6.379044056,5.518516541,5.314405441,2.55557251,55.57133865,30000
4626.757584,DUNLIN GP.,Cook Fm.,6.380663395,5.517608643,5.296903133,2.556782484,58.08572769,30000
4626.909584,DUNLIN GP.,Cook Fm.,6.396529198,5.562839031,5.329527855,2.565886736,57.37810135,30000
4627.061584,DUNLIN GP.,Cook Fm.,6.3748703,5.669368744,5.404381752,2.565807581,56.61051941,30000
4627.213584,DUNLIN GP.,Cook Fm.,6.401529789,5.652163506,5.405327797,2.564535856,59.57891464,30000
4627.365584,DUNLIN GP.,Cook Fm.,6.379304886,5.616671085,5.387738228,2.543154717,59.85715485,30000
4627.517584,DUNLIN GP.,Cook Fm.,6.406768322,5.629732609,5.399783611,2.501844406,62.21647263,30000
4627.669584,DUNLIN GP.,Cook Fm.,6.392055035,5.6553092,5.421349526,2.48041296,59.56147003,30000
4627.821584,DUNLIN GP.,Cook Fm.,6.404024601,5.686838627,5.469791889,2.491358042,60.97956467,30000
4627.973584,DUNLIN GP.,Cook Fm.,6.376432419,5.770665169,5.53388691,2.526884556,65.63825989,30000
4628.125584,DUNLIN GP.,Cook Fm.,6.390835285,5.855799675,5.555099964,2.555342674,68.11534119,30000
4628.277584,DUNLIN GP.,Cook Fm.,6.391499996,5.961150169,5.624848843,2.576908112,65.48262024,30000
4628.429584,DUNLIN GP.,Cook Fm.,6.387409687,6.22531414,5.797997475,2.595878601,64.97596741,30000
4628.581584,DUNLIN GP.,Cook Fm.,6.391280651,6.655206204,6.086841583,2.604202032,63.28534699,30000
4628.733584,DUNLIN GP.,Cook Fm.,6.376163006,7.121617317,6.35145855,2.601002455,69.45159912,30000
4628.885584,DUNLIN GP.,Cook Fm.,6.402878285,7.466116428,6.554678917,2.598816633,66.26870728,30000
4629.037584,DUNLIN GP.,Cook Fm.,6.37698698,7.823722363,6.810306072,2.598888636,68.74651337,30000
4629.189584,DUNLIN GP.,Cook Fm.,6.402746677,8.162865639,6.861112595,2.612905502,64.7502594,30000
4629.341584,DUNLIN GP.,Cook Fm.,6.367085457,8.593352318,7.222635269,2.635836124,65.74280548,30000
4629.493584,DUNLIN GP.,Cook Fm.,6.37460947,11.09346294,8.995604515,2.653951168,63.30592346,30000
4629.645584,DUNLIN GP.,Cook Fm.,6.367799759,15.56819344,11.93670464,2.656774283,61.29874039,30000
4629.797584,DUNLIN GP.,Cook Fm.,6.359780788,30.83018875,20.25649452,2.631016254,61.75457764,30000
4629.949584,DUNLIN GP.,Cook Fm.,6.389092922,36.89910889,29.4993763,2.610398054,57.17388153,30000
4630.101584,DUNLIN GP.,Cook Fm.,6.371558666,25.83712959,18.87911415,2.605114698,55.58181763,30000
4630.253584,DUNLIN GP.,Cook Fm.,6.385832787,16.21011734,11.92154789,2.603694916,52.44739151,30000
4630.405584,DUNLIN GP.,Cook Fm.,6.376267433,11.98701668,9.553362846,2.609479666,55.42333603,30000
4630.557584,DUNLIN GP.,Cook Fm.,6.390146256,10.3646431,8.831198692,2.617148399,57.12204361,30000
4630.709584,DUNLIN GP.,Cook Fm.,6.371753693,9.389937401,8.297422409,2.620085478,60.06998825,30000
4630.861584,DUNLIN GP.,Cook Fm.,6.381717682,8.746741295,7.939213753,2.619754553,60.91683197,30000
4631.013584,DUNLIN GP.,Cook Fm.,6.380906105,8.274508476,7.670403004,2.622963429,62.86274338,30000
4631.165584,DUNLIN GP.,Cook Fm.,6.378800869,7.797845841,7.352752209,2.62049675,65.24842072,30000
4631.317584,DUNLIN GP.,Cook Fm.,6.390235424,7.211624146,6.894349575,2.610729456,67.891716,30000
4631.469584,DUNLIN GP.,Cook Fm.,6.372066498,6.668677807,6.447800636,2.601242781,73.41096497,30000
4631.621584,DUNLIN GP.,Cook Fm.,6.394131184,6.696457863,6.518611908,2.602453947,74.97431946,30000
4631.773584,DUNLIN GP.,Cook Fm.,6.377563953,6.290877819,6.190910339,2.599477291,78.83248138,30000
4631.925584,DUNLIN GP.,Cook Fm.,6.393605232,6.072016716,5.980984688,2.598653555,75.53585053,30000
4632.077584,DUNLIN GP.,Cook Fm.,6.372731686,5.993972778,5.906179428,2.598599911,76.46072388,30000
4632.229584,DUNLIN GP.,Cook Fm.,6.381412983,5.870976925,5.760640144,2.599042893,74.6675415,30000
4632.381584,DUNLIN GP.,Cook Fm.,6.380957604,5.748455048,5.612992764,2.599718094,76.41162872,30000
4632.533584,DUNLIN GP.,Cook Fm.,6.371188641,5.7958498,5.628738403,2.598655224,76.68300629,30000
4632.685584,DUNLIN GP.,Cook Fm.,6.379387379,5.799016953,5.594899654,2.601486921,79.17395783,30000
4632.837584,DUNLIN GP.,Cook Fm.,6.366593361,5.89424324,5.691588879,2.603039026,84.94512177,30000
4632.989584,DUNLIN GP.,Cook Fm.,6.3805933,5.795236588,5.579977989,2.605210066,86.10184479,30000
4633.141584,DUNLIN GP.,Cook Fm.,6.366948605,5.72974968,5.510893822,2.597742081,85.23394013,30000
4633.293584,DUNLIN GP.,Cook Fm.,6.369208336,5.85317421,5.622424126,2.586514711,79.08634949,30000
4633.445584,DUNLIN GP.,Cook Fm.,6.346573353,6.032011986,5.789279461,2.583699226,76.46433258,30000
4633.597584,DUNLIN GP.,Cook Fm.,6.34765625,5.904747963,5.669069767,2.588759184,73.72214508,30000
4633.749584,DUNLIN GP.,Cook Fm.,6.348400593,5.858498097,5.62462759,2.593639374,68.78455353,30000
4633.901584,DUNLIN GP.,Cook Fm.,6.343770981,5.963677883,5.725077629,2.593699932,70.2420578,30000
4634.053584,DUNLIN GP.,Cook Fm.,6.362321854,6.086872101,5.835844517,2.600696087,76.88059235,30000
4634.205584,DUNLIN GP.,Cook Fm.,6.350934506,5.898948193,5.667861939,2.612217426,87.46592712,30000
4634.357584,DUNLIN GP.,Cook Fm.,6.363027573,5.816371918,5.596129894,2.615615845,89.16430664,30000
4634.509584,DUNLIN GP.,Cook Fm.,6.355591297,5.801314354,5.586810112,2.612337828,86.31257629,30000
4634.661584,DUNLIN GP.,Cook Fm.,6.385690689,5.836220741,5.630979538,2.612715006,82.86161804,30000
4634.813584,DUNLIN GP.,Cook Fm.,6.384267807,5.692352295,5.498491287,2.611638546,79.37402344,30000
4634.965584,DUNLIN GP.,Cook Fm.,6.390108585,5.644286156,5.447676182,2.618943691,81.5966568,30000
4635.117584,DUNLIN GP.,Cook Fm.,6.377121925,5.669088841,5.481787205,2.622907877,83.61721039,30000
4635.269584,DUNLIN GP.,Cook Fm.,6.384137154,5.675366879,5.496569634,2.63548851,86.29564667,30000
4635.421584,DUNLIN GP.,Cook Fm.,6.390589714,5.623702526,5.452105522,2.640228033,83.46424103,30000
4635.573584,DUNLIN GP.,Cook Fm.,6.373589993,5.619916439,5.452418327,2.643187523,84.25401306,30000
4635.725584,DUNLIN GP.,Cook Fm.,6.384205341,5.624773026,5.465480804,2.633446217,84.5259552,30000
4635.877584,DUNLIN GP.,Cook Fm.,6.37738657,5.626902103,5.482479096,2.628578663,89.05880737,30000
4636.029584,DUNLIN GP.,Cook Fm.,6.388622761,5.527689457,5.38674736,2.627506495,92.01550293,30000
4636.181584,DUNLIN GP.,Cook Fm.,6.384469509,5.360108376,5.228056431,2.632795572,95.34306335,30000
4636.333584,DUNLIN GP.,Cook Fm.,6.389906406,5.354710102,5.218174458,2.637177467,92.3912735,30000
4636.485584,DUNLIN GP.,Cook Fm.,6.35648489,5.474883556,5.335664749,2.642774582,86.38561249,30000
4636.637584,DUNLIN GP.,Cook Fm.,6.357150078,5.537576675,5.387625694,2.655161381,86.27103424,30000
4636.789584,DUNLIN GP.,Cook Fm.,6.357421875,5.502230167,5.353950977,2.728411436,86.79682922,30000
4636.941584,DUNLIN GP.,Cook Fm.,6.350071907,5.543442726,5.385668755,2.741413355,86.15195465,30000
4637.093584,DUNLIN GP.,Cook Fm.,6.361415386,5.50777626,5.344182491,2.726199627,79.96398163,30000
4637.245584,DUNLIN GP.,Cook Fm.,6.348176479,5.382237911,5.226570129,2.656125069,81.23158264,30000
4637.397584,DUNLIN GP.,Cook Fm.,6.360477448,5.358314037,5.187318325,2.633448601,83.14286041,30000
4637.549584,DUNLIN GP.,Cook Fm.,6.358564377,5.266730309,5.116582394,2.630152941,83.61804199,30000
4637.701584,DUNLIN GP.,Cook Fm.,6.363012791,5.164532661,5.032325268,2.634921789,77.21611786,30000
4637.853584,DUNLIN GP.,Cook Fm.,6.348427296,5.080471516,4.961921692,2.640481234,77.42550659,30000
4638.005584,DUNLIN GP.,Cook Fm.,6.351730347,5.006624699,4.899892807,2.643015862,80.7077713,30000
4638.157584,DUNLIN GP.,Cook Fm.,6.349564552,4.923663139,4.822500706,2.63634038,83.70880127,30000
4638.309584,DUNLIN GP.,Cook Fm.,6.344176292,4.925044537,4.83045435,2.63244462,83.62700653,30000
4638.461584,DUNLIN GP.,Cook Fm.,6.353918076,4.854639053,4.762809277,2.637983084,82.75576019,30000
4638.613584,DUNLIN GP.,Cook Fm.,6.35031271,4.827056885,4.7462883,2.643199444,85.14002228,30000
4638.765584,DUNLIN GP.,Cook Fm.,6.361693859,4.83248806,4.750923634,2.638016701,87.07872009,30000
4638.917584,DUNLIN GP.,Cook Fm.,6.348199844,4.843684673,4.771455765,2.629193783,90.13362122,30000
4639.069584,DUNLIN GP.,Cook Fm.,6.350446224,4.853999615,4.795646668,2.624413252,90.09558106,30000
4639.221584,DUNLIN GP.,Cook Fm.,6.353541851,4.813361168,4.763772011,2.633626699,87.89642334,30000
4639.373584,DUNLIN GP.,Cook Fm.,6.357921124,4.855604172,4.80785656,2.634486914,85.79962158,30000
4639.525584,DUNLIN GP.,Cook Fm.,6.350982666,4.920126915,4.865122318,2.629843235,87.16545868,30000
4639.677584,DUNLIN GP.,Cook Fm.,6.348400593,4.955028057,4.895679474,2.630269051,88.49806213,30000
4639.829584,DUNLIN GP.,Cook Fm.,6.361409664,4.959206581,4.897012711,2.628228188,90.22676086,30000
4639.981584,DUNLIN GP.,Cook Fm.,6.352629662,4.946735859,4.879838944,2.629285336,89.69865418,30000
4640.133584,DUNLIN GP.,Cook Fm.,6.358067989,4.941551209,4.873651028,2.634021998,91.09680176,30000
4640.285584,DUNLIN GP.,Cook Fm.,6.347640991,4.942592621,4.873598576,2.648014069,92.17871094,30000
4640.437584,DUNLIN GP.,Cook Fm.,6.347018719,4.950913429,4.879876614,2.655722857,91.38876343,30000
4640.589584,DUNLIN GP.,Cook Fm.,6.348400593,4.967695713,4.894537926,2.656677485,90.66715241,30000
4640.741584,DUNLIN GP.,Cook Fm.,6.361121655,4.993753433,4.916502953,2.660002232,88.30584717,30000
4640.893584,DUNLIN GP.,Cook Fm.,6.376734257,5.048981667,4.972251415,2.664886713,90.77092743,30000
4641.045584,DUNLIN GP.,Cook Fm.,6.364894867,4.975065708,4.89940691,2.66215682,92.40205383,30000
4641.197584,DUNLIN GP.,Cook Fm.,6.369040966,4.91855526,4.845767021,2.648094893,93.47556305,30000
4641.349584,DUNLIN GP.,Cook Fm.,6.382439137,4.832849026,4.762068272,2.635052204,90.19959259,30000
4641.501584,DUNLIN GP.,Cook Fm.,6.386897564,4.804897785,4.736382961,2.637193441,82.94756317,30000
4641.653584,DUNLIN GP.,Cook Fm.,6.363055229,4.859199524,4.792700768,2.645272255,80.54942322,30000
4641.805584,DUNLIN GP.,Cook Fm.,6.365402222,4.903392315,4.837320328,2.64601469,79.76013184,30000
4641.957584,DUNLIN GP.,Cook Fm.,6.358334065,5.164721012,5.096825123,2.636204958,84.81056976,30000
4642.109584,DUNLIN GP.,Cook Fm.,6.349933147,5.163057327,5.094600678,2.629449129,89.884758,30000
4642.261584,DUNLIN GP.,Cook Fm.,6.36374855,5.090505123,5.030957222,2.629984856,92.48201752,30000
4642.413584,DUNLIN GP.,Cook Fm.,6.35766077,5.222496033,5.133193016,2.627924919,93.74238586,30000
4642.565584,DUNLIN GP.,Cook Fm.,6.361141205,5.484811783,5.354276657,2.628644228,86.69526672,30000
4642.717584,DUNLIN GP.,Cook Fm.,6.356212616,5.805164337,5.629643917,2.619673491,81.69869995,30000
4642.869584,DUNLIN GP.,Cook Fm.,6.357260704,5.996804714,5.769176483,2.618336439,76.05284119,30000
4643.021584,DUNLIN GP.,Cook Fm.,6.351647377,6.198984146,5.907207012,2.620339155,76.62454987,30000
4643.173584,DUNLIN GP.,Cook Fm.,6.348400593,6.2891469,5.943145752,2.632132769,76.45446014,30000
4643.325584,DUNLIN GP.,Cook Fm.,6.357363701,6.413385868,5.997058392,2.640296459,76.80960846,30000
4643.477584,DUNLIN GP.,Cook Fm.,6.348625183,6.955156326,6.393081188,2.640868902,79.96808624,30000
4643.629584,DUNLIN GP.,Cook Fm.,6.357911587,8.058884621,7.225249291,2.639326334,80.62691498,30000
4643.781584,DUNLIN GP.,Cook Fm.,6.356411934,8.123920441,7.177345276,2.634052277,80.09487915,30000
4643.933584,DUNLIN GP.,Cook Fm.,6.357158184,9.161166191,7.821335793,2.632448673,79.36411285,30000
4644.085584,DUNLIN GP.,Cook Fm.,6.348910809,9.434718132,7.884598255,2.632427454,81.16957855,30000
4644.237584,DUNLIN GP.,Cook Fm.,6.358001709,8.226806641,6.926589489,2.648845911,79.58900452,30000
4644.389584,DUNLIN GP.,Cook Fm.,6.359463215,6.838125706,5.831606388,2.664134502,71.52472687,30000
4644.541584,DUNLIN GP.,Cook Fm.,6.358481884,6.284657002,5.377754688,2.664736271,65.14938355,30000
4644.693584,DUNLIN GP.,Cook Fm.,6.36349678,6.057568073,5.244691849,2.654639483,67.64521027,30000
4644.845584,DUNLIN GP.,Cook Fm.,6.37209034,5.889913559,5.153841496,2.641634941,73.72153473,30000
4644.997584,DUNLIN GP.,Cook Fm.,6.394771099,5.805623055,5.114830017,2.637766838,83.6804657,30000
4645.149584,DUNLIN GP.,Cook Fm.,6.385094166,5.762969971,5.10979557,2.640924215,89.61681366,30000
4645.301584,DUNLIN GP.,Cook Fm.,6.394577503,5.68264246,5.074518681,2.649266243,95.56869507,30000
4645.453584,DUNLIN GP.,Cook Fm.,6.385319233,5.478746414,4.93717432,2.650172472,97.68404388,30000
4645.605584,DUNLIN GP.,Cook Fm.,6.385904789,5.318924427,4.842042446,2.639177322,100.4399719,30000
4645.757584,DUNLIN GP.,Cook Fm.,6.395022869,5.227311611,4.809856892,2.630251169,99.70484924,30000
4645.909584,DUNLIN GP.,Cook Fm.,6.382207871,5.179132462,4.837365151,2.626054764,99.47625732,30000
4646.061584,DUNLIN GP.,Cook Fm.,6.392439365,5.190108299,4.895269871,2.634164095,94.2611084,30000
4646.213584,DUNLIN GP.,Cook Fm.,6.384869099,5.03775835,4.823694706,2.640103817,90.5864563,30000
4646.365584,DUNLIN GP.,Cook Fm.,6.394084454,4.930716038,4.759611607,2.644845963,85.77182007,30000
4646.517584,DUNLIN GP.,Cook Fm.,6.39270401,5.010215759,4.86211443,2.650597572,84.98031616,30000
4646.669584,DUNLIN GP.,Cook Fm.,6.397816181,4.97365427,4.896664619,2.651672125,87.45907593,30000
4646.821584,DUNLIN GP.,Cook Fm.,6.392846108,4.92560339,4.891940117,2.656203508,87.87691498,30000
4646.973584,DUNLIN GP.,Cook Fm.,6.397711754,4.950092316,4.918547154,2.642565489,86.91278076,30000
4647.125584,DUNLIN GP.,Cook Fm.,6.396325111,5.020909786,5.000300884,2.635415316,84.00928497,30000
4647.277584,DUNLIN GP.,Cook Fm.,6.38341713,5.074676037,5.05960846,2.628817082,83.38848114,30000
4647.429584,DUNLIN GP.,Cook Fm.,6.390025139,5.101308823,5.079639912,2.625623226,81.12355042,30000
4647.581584,DUNLIN GP.,Cook Fm.,6.385516167,5.139399052,5.106723309,2.61820221,79.72969818,30000
4647.733584,DUNLIN GP.,Cook Fm.,6.386595249,5.223953724,5.176326752,2.617996454,78.79166412,30000
4647.885584,DUNLIN GP.,Cook Fm.,6.38884449,5.350677967,5.280660152,2.622852802,77.49442291,30000
4648.037584,DUNLIN GP.,Cook Fm.,6.39646101,5.403063774,5.310368061,2.632096052,77.23719025,30000
4648.189584,DUNLIN GP.,Cook Fm.,6.389127731,5.398331165,5.277994633,2.641346932,77.20211029,30000
4648.341584,DUNLIN GP.,Cook Fm.,6.392487049,5.427315712,5.287549973,2.636648417,79.49013519,30000
4648.493584,DUNLIN GP.,Cook Fm.,6.394894123,5.445439339,5.28931427,2.623970032,79.83950043,30000
4648.645584,DUNLIN GP.,Cook Fm.,6.381127358,5.413204193,5.243031979,2.613312006,80.5921936,30000
4648.797584,DUNLIN GP.,Cook Fm.,6.387878418,5.334240913,5.156996727,2.610360861,83.10596466,30000
4648.949584,DUNLIN GP.,Cook Fm.,6.393667698,5.210743904,5.037529945,2.614630699,84.60257721,30000
4649.101584,DUNLIN GP.,Cook Fm.,6.397940159,5.120469093,4.953057766,2.619525433,88.53110504,30000
4649.253584,DUNLIN GP.,Cook Fm.,6.390812397,5.093258858,4.927828789,2.62536335,89.4725647,30000
4649.405584,DUNLIN GP.,Cook Fm.,6.3974967,5.079075813,4.922945499,2.635774851,91.847229,30000
4649.557584,DUNLIN GP.,Cook Fm.,6.403244019,5.019586563,4.878381252,2.647918701,94.67434692,30000
4649.709584,DUNLIN GP.,Cook Fm.,6.385615349,4.931877613,4.811771393,2.656304359,98.40259552,30000
4649.861584,DUNLIN GP.,Cook Fm.,6.370083332,4.79143095,4.697290421,2.648443699,102.4151306,30000
4650.013584,DUNLIN GP.,Cook Fm.,6.361136913,4.583229065,4.517399788,2.638855696,101.5231552,30000
4650.165584,DUNLIN GP.,Cook Fm.,6.352190971,4.576804638,4.536551476,2.627659082,96.45358276,30000
4650.317584,DUNLIN GP.,Cook Fm.,6.370711803,4.685438156,4.669631481,2.624970436,87.22902679,30000
4650.469584,DUNLIN GP.,Cook Fm.,6.40203476,4.755463123,4.767330647,2.628429174,80.13602448,30000
4650.621584,DUNLIN GP.,Cook Fm.,6.403261185,4.853283882,4.887877464,2.637869835,78.15396881,30000
4650.773584,DUNLIN GP.,Cook Fm.,6.405575752,4.633068562,4.689821243,2.643996,81.31071472,30000
4650.925584,DUNLIN GP.,Cook Fm.,6.410679817,4.261267185,4.327097416,2.645607472,84.80446625,30000
4651.077584,DUNLIN GP.,Cook Fm.,6.420291424,4.213036537,4.299926758,2.643363953,85.37493134,30000
4651.229584,DUNLIN GP.,Cook Fm.,6.429858208,4.191495419,4.304749012,2.64031148,84.53032684,30000
4651.381584,DUNLIN GP.,Cook Fm.,6.414731026,4.125298977,4.255741119,2.635006428,82.92738342,30000
4651.533584,DUNLIN GP.,Cook Fm.,6.415424824,4.207512379,4.336022377,2.627543449,82.76566315,30000
4651.685584,DUNLIN GP.,Cook Fm.,6.409950733,4.32122469,4.454265118,2.622132063,82.42312622,30000
4651.837584,DUNLIN GP.,Cook Fm.,6.396296024,4.263891697,4.408939362,2.620074749,84.11063385,30000
4651.989584,DUNLIN GP.,Cook Fm.,6.384622097,4.229003429,4.373548985,2.626079798,86.17324066,30000
4652.141584,DUNLIN GP.,Cook Fm.,6.392846108,4.289299011,4.420655727,2.636315346,89.62794495,30000
4652.293584,DUNLIN GP.,Cook Fm.,6.396644592,4.380940914,4.516516686,2.641978502,93.62294769,30000
4652.445584,DUNLIN GP.,Cook Fm.,6.389509201,4.552699089,4.684939385,2.636025906,97.11309052,30000
4652.597584,DUNLIN GP.,Cook Fm.,6.391499996,4.838148594,4.941265106,2.628656149,101.1483231,30000
4652.749584,DUNLIN GP.,Cook Fm.,6.37999773,5.202039242,5.248044491,2.627133608,102.4646454,30000
4652.901584,DUNLIN GP.,Cook Fm.,6.38363409,5.542103767,5.491720676,2.629498243,98.26999664,30000
4653.053584,DUNLIN GP.,Cook Fm.,6.38782692,6.013000965,5.839566231,2.624724627,86.97121429,30000
4653.205584,DUNLIN GP.,Cook Fm.,6.390867233,6.254637241,5.96487236,2.62505579,75.09053803,30000
4653.357584,DUNLIN GP.,Cook Fm.,6.373200893,6.41808176,6.010394096,2.63770771,69.44570923,30000
4653.509584,DUNLIN GP.,Cook Fm.,6.352855206,6.971883297,6.394424915,2.651000738,70.27323151,65000
4653.661584,DUNLIN GP.,Cook Fm.,6.355349064,7.910339356,7.036046982,2.659092665,73.08061218,30000
4653.813584,DUNLIN GP.,Cook Fm.,6.348818779,8.313611984,7.277060986,2.663532496,72.62404633,30000
4653.965584,DUNLIN GP.,Cook Fm.,6.351819992,8.572875023,7.307260513,2.668954134,69.27443695,30000
4654.117584,DUNLIN GP.,Cook Fm.,6.34932518,10.84069252,8.457574844,2.666209698,65.14949799,30000
4654.269584,DUNLIN GP.,Cook Fm.,6.352367401,10.72829056,8.172357559,2.660185099,64.55091095,30000
4654.421584,DUNLIN GP.,Cook Fm.,6.359151363,8.37094307,6.686378956,2.665456772,64.20664215,30000
4654.573584,DUNLIN GP.,Cook Fm.,6.359707356,7.675223351,6.26510191,2.679209709,62.09768295,30000
4654.725584,DUNLIN GP.,Cook Fm.,6.351689816,7.865819931,6.374939442,2.687544584,58.78907013,30000
4654.877584,DUNLIN GP.,Cook Fm.,6.351446629,8.535888672,6.819393635,2.68815279,57.80048752,30000
4655.029584,DUNLIN GP.,Cook Fm.,6.359791279,9.104177475,7.201734066,2.677020788,59.58325577,30000
4655.181584,DUNLIN GP.,Cook Fm.,6.355367661,9.457195282,7.45140028,2.658743858,62.23713684,30000
4655.333584,DUNLIN GP.,Cook Fm.,6.379095078,9.243933678,7.358764172,2.643400908,68.39120483,30000
4655.485584,DUNLIN GP.,Cook Fm.,6.390793324,8.631511688,7.008687973,2.632475376,77.40764618,30000
4655.637584,DUNLIN GP.,Cook Fm.,6.387443066,7.729729652,6.463972569,2.631443024,82.74362183,30000
4655.789584,DUNLIN GP.,Cook Fm.,6.394310951,6.830241203,5.910039902,2.631282091,80.80428314,30000
4655.941584,DUNLIN GP.,Cook Fm.,6.393544674,6.351735115,5.620286942,2.627678156,77.18803406,30000
4656.093584,DUNLIN GP.,Cook Fm.,6.383542538,6.110591412,5.491427898,2.625290155,76.72299194,30000
4656.245584,DUNLIN GP.,Cook Fm.,6.376023293,5.920315266,5.414716721,2.631000042,77.7279129,30000
4656.397584,DUNLIN GP.,Cook Fm.,6.384399891,5.869062901,5.427822113,2.641674995,75.04109192,30000
4656.549584,DUNLIN GP.,Cook Fm.,6.366507053,5.910997868,5.481545925,2.64027524,72.18386078,30000
4656.701584,DUNLIN GP.,Cook Fm.,6.351109982,5.978355408,5.569797993,2.632257223,70.51547241,30000
4656.853584,DUNLIN GP.,Cook Fm.,6.352223873,6.053828239,5.657397747,2.625280142,72.03070068,30000
4657.005584,DUNLIN GP.,Cook Fm.,6.351041794,6.075385094,5.69561863,2.619899988,73.11894989,30000
4657.157584,DUNLIN GP.,Cook Fm.,6.352313995,6.178837776,5.803781033,2.618851185,73.97792053,30000
4657.309584,DUNLIN GP.,Cook Fm.,6.350925446,6.211061001,5.854542732,2.62153244,76.35315704,30000
4657.461584,DUNLIN GP.,Cook Fm.,6.354342938,6.194148541,5.872624874,2.626569986,77.34410858,30000
4657.613584,DUNLIN GP.,Cook Fm.,6.353233337,6.093137741,5.805384159,2.628779411,76.01861572,30000
4657.765584,DUNLIN GP.,Cook Fm.,6.371666908,5.622070789,5.384193897,2.63377142,73.68221283,30000
4657.917584,DUNLIN GP.,Cook Fm.,6.379536152,5.153215408,4.97126627,2.642460108,72.41266632,30000
4658.069584,DUNLIN GP.,Cook Fm.,6.369900227,4.849689484,4.711403847,2.650125504,73.39774323,30000
4658.221584,DUNLIN GP.,Cook Fm.,6.377003193,4.608846188,4.471594334,2.656035662,75.74472809,30000
4658.373584,DUNLIN GP.,Cook Fm.,6.390331268,4.422383308,4.283549309,2.667160273,80.8841629,30000
4658.525584,DUNLIN GP.,Cook Fm.,6.37996769,4.388469696,4.241227627,2.673570156,87.70897675,30000
4658.677584,DUNLIN GP.,Cook Fm.,6.356414795,4.222872734,4.0773983,2.671985865,93.99085999,30000
4658.829584,DUNLIN GP.,Cook Fm.,6.353168964,4.03018713,3.904309988,2.665453672,99.23194885,30000
4658.981584,DUNLIN GP.,Cook Fm.,6.355156422,4.244837761,4.103967667,2.655468941,99.58557892,30000
4659.133584,DUNLIN GP.,Cook Fm.,6.360204697,4.626255989,4.459371567,2.649893761,98.46118927,30000
4659.285584,DUNLIN GP.,Cook Fm.,6.350547791,5.070316315,4.870157242,2.645550489,94.23153687,30000
4659.437584,DUNLIN GP.,Cook Fm.,6.329306126,5.369914532,5.144032955,2.637203932,92.66468811,30000
4659.589584,DUNLIN GP.,Cook Fm.,6.328584671,5.280449867,5.061070442,2.624093294,90.25653076,30000
4659.741584,DUNLIN GP.,Cook Fm.,6.340438366,4.991055012,4.798271179,2.60889101,91.15648651,30000
4659.893584,DUNLIN GP.,Cook Fm.,6.351600647,4.849237442,4.667800427,2.605562449,93.28253174,30000
4660.045584,DUNLIN GP.,Cook Fm.,6.346212864,5.026750565,4.837167263,2.611733198,91.90288544,30000
4660.197584,DUNLIN GP.,Cook Fm.,6.348638058,5.351021767,5.141308785,2.619831801,86.17455292,30000
4660.349584,DUNLIN GP.,Cook Fm.,6.353555679,5.379760742,5.16887331,2.617794514,79.65451813,30000
4660.501584,DUNLIN GP.,Cook Fm.,6.346687794,5.355727673,5.167675495,2.610023975,80.03238678,30000
4660.653584,DUNLIN GP.,Cook Fm.,6.332973003,5.39706564,5.223608494,2.609452248,86.08718872,30000
4660.805584,DUNLIN GP.,Cook Fm.,6.328755856,5.431767464,5.277726173,2.614025116,92.84086609,30000
4660.957584,DUNLIN GP.,Cook Fm.,6.346286297,5.543180943,5.399520397,2.621492147,94.7286911,30000
4661.109584,DUNLIN GP.,Cook Fm.,6.350099564,5.610024929,5.450760365,2.624550819,88.84088135,30000
4661.261584,DUNLIN GP.,Cook Fm.,6.358421803,5.638436317,5.480822563,2.62376976,83.67429352,30000
4661.413584,DUNLIN GP.,Cook Fm.,6.353380203,5.87979269,5.715241432,2.622141123,79.9756012,30000
4661.565584,DUNLIN GP.,Cook Fm.,6.361270428,5.97508049,5.808919907,2.621124029,77.38990021,30000
4661.717584,DUNLIN GP.,Cook Fm.,6.365159988,5.844467163,5.692032337,2.62442112,74.05755615,30000
4661.869584,DUNLIN GP.,Cook Fm.,6.352447033,5.886309147,5.740279675,2.623165608,73.39942932,30000
4662.021584,DUNLIN GP.,Cook Fm.,6.358380318,6.041534901,5.89465332,2.618238926,78.58552551,30000
4662.173584,DUNLIN GP.,Cook Fm.,6.357813835,6.167031765,6.000222206,2.623369217,82.11856842,30000
4662.325584,DUNLIN GP.,Cook Fm.,6.350443363,6.200333595,6.020028591,2.630085945,83.48016357,30000
4662.477584,DUNLIN GP.,Cook Fm.,6.347975731,6.209152222,6.000025749,2.635465622,84.13854218,30000
4662.629584,DUNLIN GP.,Cook Fm.,6.36835146,6.126571178,5.891194344,2.636223793,85.7406311,30000
4662.781584,DUNLIN GP.,Cook Fm.,6.365242004,5.94914341,5.702577591,2.636238098,85.1754837,30000
4662.933584,DUNLIN GP.,Cook Fm.,6.364955902,5.760974884,5.509870052,2.637886524,85.96614075,30000
4663.085584,DUNLIN GP.,Cook Fm.,6.357612133,5.668715477,5.443758488,2.64138794,86.69642639,30000
4663.237584,DUNLIN GP.,Cook Fm.,6.347916603,5.634544373,5.413484573,2.646111965,88.61888123,30000
4663.389584,DUNLIN GP.,Cook Fm.,6.357767105,5.615348339,5.396110535,2.642537355,89.24280548,30000
4663.541584,DUNLIN GP.,Cook Fm.,6.361418724,5.603917122,5.384607792,2.642401218,89.95215607,30000
4663.693584,DUNLIN GP.,Cook Fm.,6.359694958,5.593313694,5.378358364,2.639714956,91.29891205,30000
4663.845584,DUNLIN GP.,Cook Fm.,6.343994141,5.60267067,5.394602776,2.640089989,89.66337585,30000
4663.997584,DUNLIN GP.,Cook Fm.,6.34341383,5.636146069,5.429348946,2.641997814,89.96081543,30000
4664.149584,DUNLIN GP.,Cook Fm.,6.349802017,5.59134388,5.377763271,2.64535737,92.01863861,30000
4664.301584,DUNLIN GP.,Cook Fm.,6.333259106,5.369635582,5.170126915,2.639235735,91.54769898,30000
4664.453584,DUNLIN GP.,Cook Fm.,6.339744568,5.495518208,5.278285503,2.635557413,87.49024963,30000
4664.605584,DUNLIN GP.,Cook Fm.,6.361401558,5.977400303,5.714721203,2.632045269,83.69915009,30000
4664.757584,DUNLIN GP.,Cook Fm.,6.392344475,5.917442322,5.661969662,2.631703615,84.83625031,30000
4664.909584,DUNLIN GP.,Cook Fm.,6.385679245,5.693347931,5.449877262,2.622371435,87.18508911,30000
4665.061584,DUNLIN GP.,Cook Fm.,6.391499996,5.694496632,5.456223011,2.612585068,86.90273285,30000
4665.213584,DUNLIN GP.,Cook Fm.,6.391499996,5.63007021,5.401481628,2.611205578,86.13426209,30000
4665.365584,DUNLIN GP.,Cook Fm.,6.390153408,5.538413525,5.314941406,2.62433219,86.36439514,30000
4665.517584,DUNLIN GP.,Cook Fm.,6.375135899,5.54810667,5.339886665,2.631511211,88.29445648,30000
4665.669584,DUNLIN GP.,Cook Fm.,6.355037212,5.66709137,5.460479736,2.628156424,89.35652161,30000
4665.821584,DUNLIN GP.,Cook Fm.,6.364966869,5.803024769,5.598380089,2.617935658,87.96891022,30000
4665.973584,DUNLIN GP.,Cook Fm.,6.353465557,5.876067638,5.679110527,2.614965439,83.74385834,30000
4666.125584,DUNLIN GP.,Cook Fm.,6.356293201,5.740152359,5.55963707,2.617762566,78.33262634,30000
4666.277584,DUNLIN GP.,Cook Fm.,6.359745979,5.83800745,5.654065132,2.626749039,75.5250473,30000
4666.429584,DUNLIN GP.,Cook Fm.,6.356374741,5.849607468,5.669224739,2.629181862,77.86393738,30000
4666.581584,DUNLIN GP.,Cook Fm.,6.369957447,5.841565132,5.66172266,2.628873348,83.90325928,30000
4666.733584,DUNLIN GP.,Cook Fm.,6.362300873,5.78047514,5.608910561,2.624403,86.08312225,30000
4666.885584,DUNLIN GP.,Cook Fm.,6.37003994,5.830955505,5.655814171,2.624497652,84.24433136,30000
4667.037584,DUNLIN GP.,Cook Fm.,6.366837978,6.024119377,5.840265751,2.624726296,82.2257843,30000
4667.189584,DUNLIN GP.,Cook Fm.,6.387850285,6.132963657,5.925013065,2.626102448,84.17323303,30000
4667.341584,DUNLIN GP.,Cook Fm.,6.376158238,6.056658268,5.840631485,2.624550343,86.69268036,30000
4667.493584,DUNLIN GP.,Cook Fm.,6.367506027,6.025582314,5.79366684,2.630096674,86.81433106,30000
4667.645584,DUNLIN GP.,Cook Fm.,6.357749462,5.842259407,5.61502552,2.626860619,87.68772125,30000
4667.797584,DUNLIN GP.,Cook Fm.,6.357738972,5.701018333,5.489182949,2.624241829,88.54574585,30000
4667.949584,DUNLIN GP.,Cook Fm.,6.376538277,5.555376053,5.372159004,2.610245228,88.24590302,30000
4668.101584,DUNLIN GP.,Cook Fm.,6.36090374,5.383554459,5.232124329,2.601491451,86.66369629,30000
4668.253584,DUNLIN GP.,Cook Fm.,6.361061096,5.312838078,5.170097351,2.595645905,84.83296204,30000
4668.405584,DUNLIN GP.,Cook Fm.,6.355177403,5.483462811,5.316287041,2.600865364,82.93391419,30000
4668.557584,DUNLIN GP.,Cook Fm.,6.377360821,5.721438408,5.527591229,2.602743149,86.19141388,30000
4668.709584,DUNLIN GP.,Cook Fm.,6.376405716,5.977468491,5.741734028,2.593342781,90.84705353,30000
4668.861584,DUNLIN GP.,Cook Fm.,6.353880405,6.240110397,5.970860481,2.587731123,99.0322113,30000
4669.013584,DUNLIN GP.,Cook Fm.,6.376699448,6.482811451,6.149778366,2.59954834,96.71427918,30000
4669.165584,DUNLIN GP.,Cook Fm.,6.392896175,6.598086834,6.213484764,2.612289667,92.02101135,30000
4669.317584,DUNLIN GP.,Cook Fm.,6.373842716,6.160652161,5.819368839,2.619226456,87.3184967,30000
4669.469584,DUNLIN GP.,Cook Fm.,6.363425732,5.847746372,5.527328014,2.600292206,88.05226898,30000
4669.621584,DUNLIN GP.,Cook Fm.,6.39353466,5.330729008,5.054651737,2.547523022,87.59802246,30000
4669.773584,DUNLIN GP.,Cook Fm.,6.387520313,5.031701565,4.780149937,2.477082729,86.96561432,30000
4669.925584,DUNLIN GP.,Cook Fm.,6.397723675,4.748613834,4.520554066,2.426560164,87.91596222,30000
4670.077584,DUNLIN GP.,Cook Fm.,6.385913849,4.436832428,4.246493816,2.420927048,89.72014618,30000
4670.229584,DUNLIN GP.,Cook Fm.,6.39729929,4.103642464,3.95202899,2.421677113,90.7199173,30000
4670.381584,DUNLIN GP.,Cook Fm.,6.399859905,3.698451757,3.589301109,2.418973446,86.43421173,30000
4670.533584,DUNLIN GP.,Cook Fm.,6.393915653,3.445989847,3.370180368,2.413668394,75.68805695,65030
4670.685584,DUNLIN GP.,Cook Fm.,6.39990902,3.412571192,3.349472046,2.414201498,62.64933395,65030
4670.837584,DUNLIN GP.,Cook Fm.,6.396233559,3.137738705,3.104571581,2.412033081,53.98666763,65030
4670.989584,DUNLIN GP.,Cook Fm.,6.414032459,2.846040011,2.843521595,2.4067626,52.51937103,65030
4671.141584,DUNLIN GP.,Cook Fm.,6.421113014,2.654071331,2.641352654,2.393779516,50.56033707,65030
4671.293584,DUNLIN GP.,Cook Fm.,6.431259632,2.45705533,2.45047307,2.378313541,47.83892441,65030
4671.445584,DUNLIN GP.,Cook Fm.,6.420769215,2.388981819,2.381801128,2.371749401,45.01900101,65030
4671.597584,DUNLIN GP.,Cook Fm.,6.425943375,2.359307051,2.356781721,2.366764069,46.62532806,65030
4671.749584,DUNLIN GP.,Cook Fm.,6.418544292,2.32598877,2.328760147,2.361727238,47.67983246,65030
4671.901584,DUNLIN GP.,Cook Fm.,6.434616089,2.434418201,2.434738636,2.360061884,49.47073364,65030
4672.053584,DUNLIN GP.,Cook Fm.,6.416305542,2.526672363,2.527386189,2.370893717,47.55866623,65030
4672.205584,DUNLIN GP.,Cook Fm.,6.421905041,2.472594738,2.467214584,2.373065233,45.08573532,65030
4672.357584,DUNLIN GP.,Cook Fm.,6.394632816,2.413923502,2.404169321,2.370727062,43.10814667,65030
4672.509584,DUNLIN GP.,Cook Fm.,6.403572083,2.362640381,2.349052429,2.363967896,40.26208115,65030
4672.661584,DUNLIN GP.,Cook Fm.,6.381019592,2.365775824,2.348879337,2.361375332,37.96549606,65030
4672.813584,DUNLIN GP.,Cook Fm.,6.364219666,2.416895151,2.397809982,2.370399475,35.61644745,65030
4672.965584,DUNLIN GP.,Cook Fm.,6.390069008,2.410984039,2.390611172,2.37991786,37.57221222,65030
4673.117584,DUNLIN GP.,Cook Fm.,6.40673399,2.388305187,2.371229649,2.395368338,41.77303696,65030
4673.269584,DUNLIN GP.,Cook Fm.,6.407068729,2.247351408,2.228904724,2.395663977,44.98224258,65030
4673.421584,DUNLIN GP.,Cook Fm.,6.419883728,2.164283991,2.147518635,2.38915515,43.66653442,65030
4673.573584,DUNLIN GP.,Cook Fm.,6.37252903,2.087739229,2.070588589,2.375729799,42.52828217,65030
4673.725584,DUNLIN GP.,Cook Fm.,6.357365608,2.007975817,1.989585757,2.362344027,42.6321907,65030
4673.877584,DUNLIN GP.,Cook Fm.,6.348400593,1.814965606,1.803331494,2.373934031,43.72556305,65030
4674.029584,DUNLIN GP.,Cook Fm.,6.348400593,1.777586341,1.765782356,2.373773098,40.87862778,65030
4674.181584,DUNLIN GP.,Cook Fm.,6.350156307,1.833571672,1.82300365,2.369291067,37.52698898,65030
4674.333584,DUNLIN GP.,Cook Fm.,6.359200001,1.92300117,1.905286431,2.370490074,37.21772003,65030
4674.485584,DUNLIN GP.,Cook Fm.,6.361701489,1.959633708,1.938027859,2.383582115,37.40812302,65030
4674.637584,DUNLIN GP.,Cook Fm.,6.375299931,1.891208887,1.866232395,2.369137049,37.30013657,65030
4674.789584,DUNLIN GP.,Cook Fm.,6.378558636,1.83985877,1.812527776,2.345936537,35.21367645,65030
4674.941584,DUNLIN GP.,Cook Fm.,6.394492626,2.027824879,1.991140485,2.362883329,35.98792267,65030
4675.093584,DUNLIN GP.,Cook Fm.,6.38544178,2.132949114,2.104320049,2.398192883,40.31615067,65030
4675.245584,DUNLIN GP.,Cook Fm.,6.408431053,2.18472147,2.154179335,2.418796301,47.62546158,65030
4675.397584,DUNLIN GP.,Cook Fm.,6.38299799,2.131618261,2.113574982,2.410314083,50.84776306,65030
4675.549584,DUNLIN GP.,Cook Fm.,6.392405987,2.11835599,2.113980532,2.433125258,47.05632019,65030
4675.701584,DUNLIN GP.,Cook Fm.,6.373277664,1.961204767,1.963962197,2.422108889,41.55900955,65030
4675.853584,DUNLIN GP.,Cook Fm.,6.425739765,1.80200541,1.801773548,2.402291536,40.30513763,65030
4676.005584,DUNLIN GP.,Cook Fm.,6.407186031,1.675839543,1.673223257,2.353508949,42.27556992,65030
4676.157584,DUNLIN GP.,Cook Fm.,6.436574459,1.579669118,1.56760776,2.362210751,39.83865738,65030
4676.309584,DUNLIN GP.,Cook Fm.,6.416464806,1.523004293,1.516529679,2.361987829,39.12769318,65030
4676.461584,DUNLIN GP.,Cook Fm.,6.436695576,1.594136596,1.588314891,2.364970207,40.48398972,65030
4676.613584,DUNLIN GP.,Cook Fm.,6.416343212,1.85655272,1.828899622,2.367394447,45.57540131,65030
4676.765584,DUNLIN GP.,Cook Fm.,6.437456131,2.271957636,2.238730431,2.369935036,46.74635315,65030
4676.917584,DUNLIN GP.,Cook Fm.,6.421612263,2.618629217,2.556911945,2.360496044,44.32757568,65030
4677.069584,DUNLIN GP.,Cook Fm.,6.441827774,2.062306643,1.998955488,2.348048687,40.17448044,65030
4677.221584,DUNLIN GP.,Cook Fm.,6.415440083,1.659358859,1.627424717,2.339793205,38.5664444,65030
4677.373584,DUNLIN GP.,Cook Fm.,6.433776856,1.493764281,1.464391232,2.334863663,40.45815659,65030
4677.525584,DUNLIN GP.,Cook Fm.,6.426903248,1.550044656,1.510910392,2.335078239,42.05543518,65030
4677.677584,DUNLIN GP.,Cook Fm.,6.43360281,1.48252058,1.449465513,2.331974983,41.8694458,65030
4677.829584,DUNLIN GP.,Cook Fm.,6.423363686,1.455234289,1.402383208,2.328593254,38.98467255,65030
4677.981584,DUNLIN GP.,Cook Fm.,6.413268089,1.461256623,1.40871799,2.323553324,37.46098328,65030
4678.133584,DUNLIN GP.,Cook Fm.,6.367652893,1.440152288,1.37773478,2.320156097,35.08926773,65030
4678.285584,DUNLIN GP.,Cook Fm.,6.397382736,1.377680063,1.313769817,2.328927755,36.95350647,65030
4678.437584,DUNLIN GP.,Cook Fm.,6.405121803,1.408800721,1.351301312,2.346799374,41.02388763,65030
4678.589584,DUNLIN GP.,Cook Fm.,6.430576801,1.504594088,1.45042038,2.372053623,47.22640228,65030
4678.741584,DUNLIN GP.,Cook Fm.,6.388329506,1.528370261,1.464621663,2.38407898,50.06370544,65030
4678.893584,DUNLIN GP.,Cook Fm.,6.412232399,1.494644165,1.430706024,2.377922058,46.69142532,65030
4679.045584,DUNLIN GP.,Cook Fm.,6.401456833,1.509800673,1.462085486,2.360195875,42.98858261,65030
4679.197584,DUNLIN GP.,Cook Fm.,6.390271664,1.547410488,1.493709087,2.351215363,41.1688118,65030
4679.349584,DUNLIN GP.,Cook Fm.,6.379271984,1.543511272,1.491070032,2.357728005,47.76950836,65030
4679.501584,DUNLIN GP.,Cook Fm.,6.425462246,1.520465374,1.468871951,2.360543251,50.75267029,65030
4679.653584,DUNLIN GP.,Cook Fm.,6.377788544,1.478192926,1.428104878,2.360135794,51.1737175,65030
4679.805584,DUNLIN GP.,Cook Fm.,6.411039829,1.438561559,1.390226722,2.365465879,48.57107163,65030
4679.957584,DUNLIN GP.,Cook Fm.,6.38235569,1.401515126,1.35550487,2.373567104,47.09529495,65030
4680.109584,DUNLIN GP.,Cook Fm.,6.405786514,1.429878831,1.382048965,2.369757652,44.34805679,65030
4680.261584,DUNLIN GP.,Cook Fm.,6.377140522,1.44016242,1.390120268,2.365394354,42.31533432,65030
4680.413584,DUNLIN GP.,Cook Fm.,6.407994747,1.456338048,1.403998017,2.356629133,39.18553543,65030
4680.565584,DUNLIN GP.,Cook Fm.,6.414506435,1.429352641,1.378141522,2.350032568,38.79454804,65030
4680.717584,DUNLIN GP.,Cook Fm.,6.438383579,1.397478342,1.347993493,2.34768033,38.29211807,65030
4680.869584,DUNLIN GP.,Cook Fm.,6.408473969,1.359434485,1.312191844,2.362716913,40.03752136,65030
4681.021584,DUNLIN GP.,Cook Fm.,6.422670841,1.370962262,1.32465291,2.408223629,39.65585709,65030
4681.173584,DUNLIN GP.,Cook Fm.,6.397367477,1.480394602,1.429153562,2.481314182,39.40857697,65030
4681.325584,DUNLIN GP.,Cook Fm.,6.404824734,1.663038969,1.599047422,2.559092522,39.27634049,30000
4681.477584,DUNLIN GP.,Cook Fm.,6.33843708,2.088811874,2.004470825,2.613254309,40.00011444,30000
4681.629584,DUNLIN GP.,Cook Fm.,6.35861063,2.8513515,2.7193501,2.627709627,40.63103867,30000
4681.781584,DUNLIN GP.,Cook Fm.,6.343502998,3.54513979,3.359366894,2.646332502,38.64213562,30000
4681.933584,DUNLIN GP.,Cook Fm.,6.359200001,4.005798817,3.796195269,2.641266823,37.61932373,30000
4682.085584,DUNLIN GP.,Cook Fm.,6.36040163,4.360448837,4.159963131,2.646528482,37.67521286,30000
4682.237584,DUNLIN GP.,Cook Fm.,6.403659821,5.153050423,4.917278767,2.632164478,39.87100601,30000
4682.389584,DUNLIN GP.,Cook Fm.,6.369664669,6.583920956,6.234636307,2.601922035,41.9311676,30000
4682.541584,DUNLIN GP.,Cook Fm.,6.358560085,7.913088322,7.471698284,2.571404934,40.3854866,30000
4682.693584,DUNLIN GP.,Cook Fm.,6.326549053,8.116172791,7.702069283,2.552083492,39.82303619,30000
4682.845584,DUNLIN GP.,Cook Fm.,6.31223011,7.278299332,6.976928234,2.567743301,40.8775444,30000
4682.997584,DUNLIN GP.,Cook Fm.,6.297911167,6.191715717,5.931386948,2.550895453,41.03335953,30000
4683.149584,DUNLIN GP.,Cook Fm.,6.283943176,5.754268646,5.521705627,2.529938698,40.10209274,30000
4683.301584,DUNLIN GP.,Cook Fm.,6.316141605,5.246129513,5.05836916,2.495431662,39.27732849,30000
4683.453584,DUNLIN GP.,Cook Fm.,6.343048573,4.683535576,4.560132027,2.48251605,40.57600403,30000
4683.605584,DUNLIN GP.,Cook Fm.,6.359216213,4.033664227,3.975196123,2.487809897,43.88377762,30000
4683.757584,DUNLIN GP.,Cook Fm.,6.380667687,3.854868412,3.838505268,2.50088048,43.72304153,30000
4683.909584,DUNLIN GP.,Cook Fm.,6.357088566,3.501829624,3.518206358,2.519629479,43.56230545,30000
4684.061584,DUNLIN GP.,Cook Fm.,6.348452091,3.590257168,3.61918211,2.544649124,41.67689896,30000
4684.213584,DUNLIN GP.,Cook Fm.,6.348400593,4.110864639,4.115071297,2.558089018,42.74093628,30000
4684.365584,DUNLIN GP.,Cook Fm.,6.332422257,4.857796669,4.826880932,2.582266092,43.38015747,30000
4684.517584,DUNLIN GP.,Cook Fm.,6.35345459,5.969605923,5.75950861,2.607298851,43.05758286,30000
4684.669584,DUNLIN GP.,Cook Fm.,6.343196869,6.147330284,5.760853767,2.645006895,41.98513031,30000
4684.821584,DUNLIN GP.,Cook Fm.,6.348289967,6.93331337,6.232131958,2.661176205,40.55148697,30000
4684.973584,DUNLIN GP.,Cook Fm.,6.348400593,5.216457844,4.663944721,2.665995359,41.04668045,30000
4685.125584,DUNLIN GP.,Cook Fm.,6.348400593,3.965163946,3.577917099,2.615790606,41.45153046,30000
4685.277584,DUNLIN GP.,Cook Fm.,6.385071755,3.904529095,3.460244179,2.535416842,42.08988571,30000
4685.429584,DUNLIN GP.,Cook Fm.,6.386099815,3.972312689,3.437125921,2.44372201,43.09952164,30000
4685.581584,DUNLIN GP.,Cook Fm.,6.374674797,5.060161114,4.117642403,2.413405657,41.81611633,30000
4685.733584,DUNLIN GP.,Cook Fm.,6.375262737,5.599192143,4.354240418,2.396901369,42.20869827,30000
4685.885584,DUNLIN GP.,Cook Fm.,6.354649067,5.866985798,4.418593407,2.386887074,40.71492004,30000
4686.037584,DUNLIN GP.,Cook Fm.,6.358974457,5.361951351,4.080914497,2.362831354,41.32673264,30000
4686.189584,DUNLIN GP.,Cook Fm.,6.338550568,4.681684017,3.593363524,2.354438782,40.59857559,30000
4686.341584,DUNLIN GP.,Cook Fm.,6.368405819,3.900049686,3.198690653,2.364305019,40.99316406,30000
4686.493584,DUNLIN GP.,Cook Fm.,6.344305039,3.566549063,3.014472246,2.369842768,40.64863586,30000
4686.645584,DUNLIN GP.,Cook Fm.,6.363503456,3.330421686,2.866085053,2.359563589,40.12558365,30000
4686.797584,DUNLIN GP.,Cook Fm.,6.300206184,3.106006861,2.792312622,2.352655411,39.58733368,65030
4686.949584,DUNLIN GP.,Cook Fm.,6.311478615,3.03901124,2.744623184,2.350793123,42.67776108,65030
4687.101584,DUNLIN GP.,Cook Fm.,6.30563736,2.77665019,2.560343981,2.377186775,45.10367203,65030
4687.253584,DUNLIN GP.,Cook Fm.,6.41642046,2.298526764,2.163310051,2.404948235,46.14507675,65030
4687.405584,DUNLIN GP.,Cook Fm.,6.418852329,1.922022939,1.845389605,2.447921753,42.52124405,65030
4687.557584,DUNLIN GP.,Cook Fm.,6.438548088,1.682311535,1.634868145,2.463668346,41.93707275,65030
4687.709584,DUNLIN GP.,Cook Fm.,6.414977074,1.629863262,1.592263222,2.452507258,41.10020065,65030
4687.861584,DUNLIN GP.,Cook Fm.,6.42646265,1.754880428,1.736254215,2.434061527,45.90896225,65030
4688.013584,DUNLIN GP.,Cook Fm.,6.394174576,2.157762528,2.133990049,2.434366226,42.78921509,65030
4688.165584,DUNLIN GP.,Cook Fm.,6.386513233,2.541781187,2.489500523,2.437178135,45.6315155,65030
4688.317584,DUNLIN GP.,Cook Fm.,6.386099815,3.173372507,3.078094006,2.429686546,42.1378746,30000
4688.469584,DUNLIN GP.,Cook Fm.,6.400934696,4.0623312,3.911783934,2.411417961,52.11018753,30000
4688.621584,DUNLIN GP.,Cook Fm.,6.392434597,4.31047678,4.136267662,2.401487351,51.91630173,30000
4688.773584,DUNLIN GP.,Cook Fm.,6.411181927,4.218720436,4.045636177,2.41172576,50.01745987,30000
4688.925584,DUNLIN GP.,Cook Fm.,6.369015217,3.718268871,3.574555636,2.428888798,47.08238983,30000
4689.077584,DUNLIN GP.,Cook Fm.,6.421631813,2.753607512,2.677455664,2.425603867,43.40429688,30000
4689.229584,DUNLIN GP.,Cook Fm.,6.43880558,2.207808018,2.161099911,2.411081076,44.50847626,30000
4689.381584,DUNLIN GP.,Cook Fm.,6.391371727,2.061851025,2.020618439,2.416005373,45.7903862,65030
4689.533584,DUNLIN GP.,Cook Fm.,6.39095974,2.29139328,2.252473354,2.434788704,49.61045075,65030
4689.685584,DUNLIN GP.,Cook Fm.,6.352933884,2.353534699,2.298996449,2.460065126,53.378582,65030
4689.837584,DUNLIN GP.,Cook Fm.,6.362854004,2.548367262,2.476531982,2.457803726,50.90408707,65030
4689.989584,DUNLIN GP.,Cook Fm.,6.335765839,2.423043251,2.343647242,2.436552763,48.64968491,65030
4690.141584,DUNLIN GP.,Cook Fm.,6.35616827,2.522587299,2.435829639,2.410919666,50.47541046,65030
4690.293584,DUNLIN GP.,Cook Fm.,6.344855785,2.491899252,2.40004921,2.418271303,51.52708435,65030
4690.445584,DUNLIN GP.,Cook Fm.,6.347769737,2.469130993,2.378320932,2.48424983,52.41835785,65030
4690.597584,DUNLIN GP.,Cook Fm.,6.319857121,2.814782143,2.667273521,2.577017546,52.05051422,65030
4690.749584,DUNLIN GP.,Cook Fm.,6.320744991,2.98384881,2.805891037,2.653510094,48.69023895,65030
4690.901584,DUNLIN GP.,Cook Fm.,6.275884152,3.249071598,3.019659996,2.671760321,46.36222458,65030
4691.053584,DUNLIN GP.,Cook Fm.,6.272435665,3.20086503,2.946000576,2.677280664,49.82564163,65030
4691.205584,DUNLIN GP.,Cook Fm.,6.244753838,3.24113059,2.983183146,2.67868185,53.48278809,65030
4691.357584,DUNLIN GP.,Cook Fm.,6.251763821,3.603824616,3.227641106,2.671348572,53.48748398,30000
4691.509584,DUNLIN GP.,Cook Fm.,6.237684727,3.041292667,2.761484623,2.657064199,54.18788528,30000
4691.661584,DUNLIN GP.,Cook Fm.,6.247266769,3.376130819,3.052702189,2.658016682,56.61893463,30000
4691.813584,DUNLIN GP.,Cook Fm.,6.246363163,4.356217861,3.850637913,2.664087772,55.45307922,30000
4691.965584,DUNLIN GP.,Cook Fm.,6.22746563,4.954447746,4.306281567,2.649652004,54.28332901,30000
4692.117584,DUNLIN GP.,Cook Fm.,6.192074776,5.569324493,4.792491436,2.641113758,50.92224884,30000
4692.269584,DUNLIN GP.,Cook Fm.,6.168321133,6.869340897,5.80681181,2.645626307,47.49311066,30000
4692.421584,DUNLIN GP.,Cook Fm.,6.142219544,7.244671345,6.164901733,2.653548956,44.71360016,30000
4692.573584,DUNLIN GP.,Cook Fm.,6.119844437,7.376760006,6.381217003,2.654546499,44.45583725,30000
4692.725584,DUNLIN GP.,Cook Fm.,6.125603676,7.381354332,6.491966248,2.655427218,44.63404846,30000
